Pb I      6s26p2    6s26p7p   6s26p8p   6s26p5f   6s26p6f 
 PARAMETER VALUES,  CYCLE NUMBER  0,  AVDEV=   1.828
   14.2093   26.8997    7.4000   52.8448    9.2153    0.7049    4.2051
    1.3642    1.3081   57.9772    9.2628    0.2418    1.3195    0.4107
    0.4161   61.9607    9.2871    0.0001    0.8662    0.0775    0.0503
   64.6626    9.2899    0.0001    0.4471    0.0595    0.0387    0.9256
    3.9681    0.4915    2.0770   -1.3082   -1.1558    0.0000    1.8953
    0.7468    0.7353    1.2175   -0.0698    0.8834   -0.0661    0.1793
   -0.0281    0.3218   -0.0273    0.0000    0.5149    0.0679    0.0442
 PARAMETER VALUES,  CYCLE NUMBER  1,  AVDEV=   1.831
   14.2093   26.8997    7.4000   52.8446    9.2152    0.7048    4.2047
    1.3642    1.3069   57.9771    9.2627    0.2418    1.3183    0.4107
    0.4162   62.6652    9.9724    0.0000    8.7998    0.1552    0.0000
   63.1178    8.0638    0.0622    0.0000    5.3369    0.0000    0.9256
    3.9681    0.4915    2.0770   -1.3082   -1.1558    0.0000    1.8953
    0.7468    0.7353    1.2175   -0.0698    0.8834   -0.0661    0.1793
   -0.0281    0.3218   -0.0273    0.0000    0.5149    0.0679    0.0442
 PARAMETER VALUES,  CYCLE NUMBER  2,  AVDEV=   1.838
   14.2093   26.8997    7.4000   52.8445    9.2152    0.7047    4.2038
    1.3642    1.3056   57.9771    9.2626    0.2418    1.3168    0.4106
    0.4163   63.5810   10.6350    0.0000   18.7998    0.9555    0.0000
   61.8596    6.7315    0.0621    0.0000    5.0635    0.2885    0.9256
    3.9681    0.4915    2.0770   -1.3082   -1.1558    0.0000    1.8953
    0.7468    0.7353    1.2175   -0.0698    0.8834   -0.0661    0.1793
   -0.0281    0.3218   -0.0273    0.0000    0.5149    0.0679    0.0442
 PARAMETER VALUES,  CYCLE NUMBER  3,  AVDEV=   1.845
   14.2093   26.8997    7.4000   52.8447    9.2152    0.7048    4.2055
    1.3642    1.3077   57.9770    9.2626    0.2418    1.3185    0.4107
    0.4164   62.6009   10.1773    0.0851    8.7998    0.0000    8.3070
   62.5932    7.4165    0.0000    4.3857    2.9651    0.0000    0.9256
    3.9681    0.4915    2.0770   -1.3082   -1.1558    0.0000    1.8953
    0.7468    0.7353    1.2175   -0.0698    0.8834   -0.0661    0.1793
   -0.0281    0.3218   -0.0273    0.0000    0.5149    0.0679    0.0442
 PARAMETER VALUES,  CYCLE NUMBER  4,  AVDEV=   1.853
   14.2093   26.8996    7.4000   52.8448    9.2152    0.7049    4.2058
    1.3641    1.3086   57.9771    9.2626    0.2418    1.3197    0.4107
    0.4165   62.0774    9.8554    0.1313    0.0000    0.0000    8.3557
   62.8731    8.0579    0.1397   14.3857   12.4558    0.6977    0.9256
    3.9681    0.4915    2.0770   -1.3082   -1.1558    0.0000    1.8953
    0.7468    0.7353    1.2175   -0.0698    0.8834   -0.0661    0.1793
   -0.0281    0.3218   -0.0273    0.0000    0.5149    0.0679    0.0442
 PARAMETER VALUES,  CYCLE NUMBER  5,  AVDEV=   1.861
   14.2093   26.8996    7.4000   52.8446    9.2151    0.7048    4.2058
    1.3642    1.3077   57.9770    9.2625    0.2418    1.3188    0.4107
    0.4164   62.4479   10.2383    0.1271    6.7172    0.3012    9.6179
   62.7416    8.0532    0.0000    4.3857    4.4732    0.0000    0.9256
    3.9681    0.4915    2.0770   -1.3082   -1.1558    0.0000    1.8953
    0.7468    0.7353    1.2175   -0.0698    0.8834   -0.0661    0.1793
   -0.0281    0.3218   -0.0273    0.0000    0.5149    0.0679    0.0442
 PARAMETER VALUES,  CYCLE NUMBER  6,  AVDEV=   1.871
   14.2093   26.8996    7.4000   52.8447    9.2152    0.7049    4.2060
    1.3642    1.3083   57.9771    9.2626    0.2418    1.3199    0.4107
    0.4164   62.0026    9.9229    0.1609    0.0000    0.0000    8.9876
   63.3171    8.7718    0.0777   14.3857    9.8675    0.1913    0.9256
    3.9681    0.4915    2.0770   -1.3082   -1.1558    0.0000    1.8953
    0.7468    0.7353    1.2175   -0.0698    0.8834   -0.0661    0.1793
   -0.0281    0.3218   -0.0273    0.0000    0.5149    0.0679    0.0442
 PARAMETER VALUES,  CYCLE NUMBER  7,  AVDEV=   1.882
   14.2093   26.8996    7.4000   52.8446    9.2151    0.7048    4.2060
    1.3642    1.3075   57.9770    9.2625    0.2418    1.3192    0.4107
    0.4164   62.3351   10.2663    0.1570    5.8330    0.2715   10.1529
   63.3016    8.7924    0.0000    4.3857    1.3273    0.0000    0.9256
    3.9681    0.4915    2.0770   -1.3082   -1.1558    0.0000    1.8953
    0.7468    0.7353    1.2175   -0.0698    0.8834   -0.0661    0.1793
   -0.0281    0.3218   -0.0273    0.0000    0.5149    0.0679    0.0442
 PARAMETER VALUES,  CYCLE NUMBER  8,  AVDEV=   1.894
   14.2093   26.8996    7.4000   52.8447    9.2151    0.7049    4.2060
    1.3642    1.3080   57.9771    9.2626    0.2418    1.3201    0.4107
    0.4165   62.0950   10.0854    0.1734    1.2431    0.0000    9.6732
   62.9726    8.9507    0.1184   11.7863   11.3273    0.0000    0.9256
    3.9681    0.4915    2.0770   -1.3082   -1.1558    0.0000    1.8953
    0.7468    0.7353    1.2175   -0.0698    0.8834   -0.0661    0.1793
   -0.0281    0.3218   -0.0273    0.0000    0.5149    0.0679    0.0442
 PARAMETER VALUES,  CYCLE NUMBER  9,  AVDEV=   1.926
   14.2093   26.8996    7.4000   52.8445    9.2150    0.7048    4.2060
    1.3642    1.3073   57.9770    9.2625    0.2418    1.3194    0.4107
    0.4165   62.2993   10.4711    0.1994    8.1736    3.5542   10.9443
   62.6291    8.6401    0.0000    1.7863    4.4783    0.0000    0.9256
    3.9681    0.4915    2.0770   -1.3082   -1.1558    0.0000    1.8953
    0.7468    0.7353    1.2175   -0.0698    0.8834   -0.0661    0.1793
   -0.0281    0.3218   -0.0273    0.0000    0.5149    0.0679    0.0442
 PARAMETER VALUES,  CYCLE NUMBER 10,  AVDEV=   1.945
   14.2093   26.8996    7.4000   52.8446    9.2151    0.7048    4.2062
    1.3642    1.3079   57.9770    9.2625    0.2418    1.3206    0.4107
    0.4164   61.6646    9.9730    0.2331    0.0000    2.4742   10.2546
   63.7488    9.8033    0.0098   11.7863    5.7938    0.0000    0.9256
    3.9681    0.4915    2.0770   -1.3082   -1.1558    0.0000    1.8953
    0.7468    0.7353    1.2175   -0.0698    0.8834   -0.0661    0.1793
   -0.0281    0.3218   -0.0273    0.0000    0.5149    0.0679    0.0442
 PARAMETER VALUES,  CYCLE NUMBER 11,  AVDEV=   1.945
   14.2093   26.8996    7.4000   52.8444    9.2150    0.7048    4.2064
    1.3642    1.3072   57.9769    9.2624    0.2418    1.3199    0.4107
    0.4164   61.9906   10.3205    0.2318    5.0162    2.7742   11.2888
   63.8807    9.7794    0.0000    1.7863    0.0000    0.4967    0.9256
    3.9681    0.4915    2.0770   -1.3082   -1.1558    0.0000    1.8953
    0.7468    0.7353    1.2175   -0.0698    0.8834   -0.0661    0.1793
   -0.0281    0.3218   -0.0273    0.0000    0.5149    0.0679    0.0442
 PARAMETER VALUES,  CYCLE NUMBER 12,  AVDEV=   1.956
   14.2093   26.8996    7.4000   52.8445    9.2150    0.7048    4.2064
    1.3642    1.3075   57.9770    9.2625    0.2418    1.3203    0.4107
    0.4164   61.8804   10.2245    0.2364    3.3230    2.5975   11.0368
   63.2325    9.7192    0.1090    5.9631   10.0000    0.2944    0.9256
    3.9681    0.4915    2.0770   -1.3082   -1.1558    0.0000    1.8953
    0.7468    0.7353    1.2175   -0.0698    0.8834   -0.0661    0.1793
   -0.0281    0.3218   -0.0273    0.0000    0.5149    0.0679    0.0442
 PARAMETER VALUES,  CYCLE NUMBER 13,  AVDEV=   1.969
   14.2093   26.8996    7.4000   52.8444    9.2149    0.7048    4.2065
    1.3642    1.3070   57.9769    9.2624    0.2418    1.3194    0.4107
    0.4165   62.2794   10.5973    0.2243    9.4878    3.1563   12.0850
   62.5712    9.0651    0.0923    0.0000    7.5548    1.2248    0.9256
    3.9681    0.4915    2.0770   -1.3082   -1.1558    0.0000    1.8953
    0.7468    0.7353    1.2175   -0.0698    0.8834   -0.0661    0.1793
   -0.0281    0.3218   -0.0273    0.0000    0.5149    0.0679    0.0442
 PARAMETER VALUES,  CYCLE NUMBER 14,  AVDEV=   1.995
   14.2093   26.8996    7.4000   52.8444    9.2150    0.7048    4.2067
    1.3642    1.3073   57.9770    9.2624    0.2418    1.3210    0.4107
    0.4163   61.7048   10.1823    0.2618    1.1509    2.0151   11.3571
   63.8615   10.4085    0.0499   10.0000    6.5903    0.2811    0.9256
    3.9681    0.4915    2.0770   -1.3082   -1.1558    0.0000    1.8953
    0.7468    0.7353    1.2175   -0.0698    0.8834   -0.0661    0.1793
   -0.0281    0.3218   -0.0273    0.0000    0.5149    0.0679    0.0442
 PARAMETER VALUES,  CYCLE NUMBER 15,  AVDEV=   1.988
   14.2093   26.8995    7.4000   52.8445    9.2150    0.7049    4.2072
    1.3642    1.3081   57.9770    9.2625    0.2418    1.3215    0.4107
    0.4163   61.7098   10.1613    0.2272    0.0000    0.5744   14.7209
   64.5362   10.4714    0.0000   12.8605    0.0000    0.0000    0.9256
    3.9681    0.4915    2.0770   -1.3082   -1.1558    0.0000    1.8953
    0.7468    0.7353    1.2175   -0.0698    0.8834   -0.0661    0.1793
   -0.0281    0.3218   -0.0273    0.0000    0.5149    0.0679    0.0442
 PARAMETER VALUES,  CYCLE NUMBER 16,  AVDEV=   2.004
   14.2093   26.8995    7.4000   52.8444    9.2149    0.7048    4.2073
    1.3642    1.3077   57.9770    9.2624    0.2418    1.3215    0.4107
    0.4163   61.9171   10.3779    0.2239    3.3216    0.8142   15.7242
   63.3509   10.1507    0.1497    8.5545   10.0000    0.0000    0.9256
    3.9681    0.4915    2.0770   -1.3082   -1.1558    0.0000    1.8953
    0.7468    0.7353    1.2175   -0.0698    0.8834   -0.0661    0.1793
   -0.0281    0.3218   -0.0273    0.0000    0.5149    0.0679    0.0442
 PARAMETER VALUES,  CYCLE NUMBER 17,  AVDEV=   2.023
   14.2093   26.8995    7.4000   52.8443    9.2149    0.7048    4.2075
    1.3643    1.3073   57.9769    9.2624    0.2418    1.3208    0.4107
    0.4163   62.2385   10.6709    0.2097    9.0104    1.4442   17.2303
   62.8433    9.6860    0.1197    0.0000    6.5839    1.0697    0.9256
    3.9681    0.4915    2.0770   -1.3082   -1.1558    0.0000    1.8953
    0.7468    0.7353    1.2175   -0.0698    0.8834   -0.0661    0.1793
   -0.0281    0.3218   -0.0273    0.0000    0.5149    0.0679    0.0442
 PARAMETER VALUES,  CYCLE NUMBER 18,  AVDEV=   2.053
   14.2093   26.8995    7.4000   52.8443    9.2149    0.7048    4.2075
    1.3643    1.3074   57.9770    9.2624    0.2418    1.3222    0.4107
    0.4162   61.8569   10.4268    0.2449    1.4580    0.2195   15.7264
   64.0578   10.8716    0.0499   10.0000    4.2352    0.0000    0.9256
    3.9681    0.4915    2.0770   -1.3082   -1.1558    0.0000    1.8953
    0.7468    0.7353    1.2175   -0.0698    0.8834   -0.0661    0.1793
   -0.0281    0.3218   -0.0273    0.0000    0.5149    0.0679    0.0442
 PARAMETER VALUES,  CYCLE NUMBER 19,  AVDEV=   2.056
   14.2093   26.8995    7.4000   52.8442    9.2148    0.7048    4.2078
    1.3643    1.3069   57.9769    9.2624    0.2418    1.3216    0.4107
    0.4162   62.1411   10.7065    0.2364    6.2080    0.6433   17.1062
   64.0378   10.7250    0.0000    0.0000    0.0000    1.1036    0.9256
    3.9681    0.4915    2.0770   -1.3082   -1.1558    0.0000    1.8953
    0.7468    0.7353    1.2175   -0.0698    0.8834   -0.0661    0.1793
   -0.0281    0.3218   -0.0273    0.0000    0.5149    0.0679    0.0442
 PARAMETER VALUES,  CYCLE NUMBER 20,  AVDEV=   2.070
   14.2093   26.8995    7.4000   52.8442    9.2148    0.7048    4.2078
    1.3643    1.3070   57.9769    9.2624    0.2418    1.3217    0.4107
    0.4163   62.1630   10.7235    0.2349    6.6171    0.6990   17.2031
   63.1114   10.3982    0.1140    1.1070   10.0000    1.1236    0.9256
    3.9681    0.4915    2.0770   -1.3082   -1.1558    0.0000    1.8953
    0.7468    0.7353    1.2175   -0.0698    0.8834   -0.0661    0.1793
   -0.0281    0.3218   -0.0273    0.0000    0.5149    0.0679    0.0442
 PARAMETER VALUES,  CYCLE NUMBER 21,  AVDEV=   2.098
   14.2093   26.8995    7.4000   52.8443    9.2149    0.7048    4.2076
    1.3643    1.3070   57.9770    9.2624    0.2418    1.3228    0.4108
    0.4161   61.8300   10.4716    0.2597    0.2627    0.0000   15.7254
   64.0848   11.3963    0.0533   11.1070    8.8612    0.0000    0.9256
    3.9681    0.4915    2.0770   -1.3082   -1.1558    0.0000    1.8953
    0.7468    0.7353    1.2175   -0.0698    0.8834   -0.0661    0.1793
   -0.0281    0.3218   -0.0273    0.0000    0.5149    0.0679    0.0442
 PARAMETER VALUES,  CYCLE NUMBER 22,  AVDEV=   2.119
   14.2093   26.8995    7.4000   52.8441    9.2148    0.7047    4.2079
    1.3643    1.3066   57.9769    9.2624    0.2418    1.3224    0.4107
    0.4161   62.1208   10.7716    0.2540    4.9550    0.3723   17.1647
   63.8669   11.2176    0.0130    1.1070    4.3680    1.1200    0.9256
    3.9681    0.4915    2.0770   -1.3082   -1.1558    0.0000    1.8953
    0.7468    0.7353    1.2175   -0.0698    0.8834   -0.0661    0.1793
   -0.0281    0.3218   -0.0273    0.0000    0.5149    0.0679    0.0442
 PARAMETER VALUES,  CYCLE NUMBER 23,  AVDEV=   2.134
   14.2093   26.8995    7.4000   52.8442    9.2148    0.7048    4.2076
    1.3643    1.3066   57.9770    9.2624    0.2418    1.3233    0.4108
    0.4160   61.7819   10.4880    0.2744    0.0000    0.0000   15.5872
   65.1757   12.2099    0.0000   11.1070    0.0000    0.0000    0.9256
    3.9681    0.4915    2.0770   -1.3082   -1.1558    0.0000    1.8953
    0.7468    0.7353    1.2175   -0.0698    0.8834   -0.0661    0.1793
   -0.0281    0.3218   -0.0273    0.0000    0.5149    0.0679    0.0442
 PARAMETER VALUES,  CYCLE NUMBER 24,  AVDEV=   2.168
   14.2093   26.8995    7.4000   52.8441    9.2147    0.7047    4.2079
    1.3643    1.3062   57.9769    9.2624    0.2418    1.3231    0.4108
    0.4160   62.0577   10.7743    0.2695    4.3689    0.3173   16.9341
   63.9389   11.8773    0.1649    3.3849   10.0000    0.8172    0.9256
    3.9681    0.4915    2.0770   -1.3082   -1.1558    0.0000    1.8953
    0.7468    0.7353    1.2175   -0.0698    0.8834   -0.0661    0.1793
   -0.0281    0.3218   -0.0273    0.0000    0.5149    0.0679    0.0442
 PARAMETER VALUES,  CYCLE NUMBER 25,  AVDEV=   2.194
   14.2093   26.8995    7.4000   52.8441    9.2148    0.7047    4.2076
    1.3643    1.3063   57.9770    9.2625    0.2418    1.3239    0.4108
    0.4159   61.7704   10.5259    0.2851    0.0000    0.0000   15.6031
   64.6104   12.4979    0.1059   13.3849    9.0843    0.0000    0.9256
    3.9681    0.4915    2.0770   -1.3082   -1.1558    0.0000    1.8953
    0.7468    0.7353    1.2175   -0.0698    0.8834   -0.0661    0.1793
   -0.0281    0.3218   -0.0273    0.0000    0.5149    0.0679    0.0442
 PARAMETER VALUES,  CYCLE NUMBER 26,  AVDEV=   2.216
   14.2093   26.8995    7.4000   52.8440    9.2147    0.7047    4.2079
    1.3644    1.3058   57.9769    9.2624    0.2417    1.3235    0.4108
    0.4159   62.0269   10.7922    0.2807    4.0524    0.2944   16.8540
   64.6046   12.5454    0.0663    3.3849    4.2226    1.3831    0.9256
    3.9681    0.4915    2.0770   -1.3082   -1.1558    0.0000    1.8953
    0.7468    0.7353    1.2175   -0.0698    0.8834   -0.0661    0.1793
   -0.0281    0.3218   -0.0273    0.0000    0.5149    0.0679    0.0442
 PARAMETER VALUES,  CYCLE NUMBER 27,  AVDEV=   2.231
   14.2093   26.8995    7.4000   52.8441    9.2148    0.7047    4.2076
    1.3644    1.3060   57.9770    9.2625    0.2417    1.3242    0.4108
    0.4158   61.7312   10.5335    0.2960    0.0000    0.0000   15.4940
   65.6095   13.1697    0.0000   13.3849    0.0000    0.0000    0.9256
    3.9681    0.4915    2.0770   -1.3082   -1.1558    0.0000    1.8953
    0.7468    0.7353    1.2175   -0.0698    0.8834   -0.0661    0.1793
   -0.0281    0.3218   -0.0273    0.0000    0.5149    0.0679    0.0442
 PARAMETER VALUES,  CYCLE NUMBER 28,  AVDEV=   2.142
   14.2093   26.8995    7.4000   52.8442    9.2149    0.7048    4.2073
    1.3644    1.3064   57.9770    9.2625    0.2417    1.3244    0.4108
    0.4157   61.4701   10.2626    0.3005    0.0000    0.0000   14.2377
   66.7139   13.3090    0.0000   21.6570    0.0000    0.0000    0.9256
    3.9681    0.4915    2.0770   -1.3082   -1.1558    0.0000    1.8953
    0.7468    0.7353    1.2175   -0.0698    0.8834   -0.0661    0.1793
   -0.0281    0.3218   -0.0273    0.0000    0.5149    0.0679    0.0442
 PARAMETER VALUES,  CYCLE NUMBER 29,  AVDEV=   2.167
   14.2093   26.8995    7.4000   52.8441    9.2148    0.7047    4.2076
    1.3644    1.3060   57.9770    9.2625    0.2417    1.3244    0.4108
    0.4157   61.6677   10.4674    0.2973    3.0936    0.2077   15.1426
   65.6559   13.3779    0.1856   14.6275   10.0000    1.5715    0.9256
    3.9681    0.4915    2.0770   -1.3082   -1.1558    0.0000    1.8953
    0.7468    0.7353    1.2175   -0.0698    0.8834   -0.0661    0.1793
   -0.0281    0.3218   -0.0273    0.0000    0.5149    0.0679    0.0442
 PARAMETER VALUES,  CYCLE NUMBER 30,  AVDEV=   2.187
   14.2093   26.8995    7.4000   52.8440    9.2147    0.7047    4.2079
    1.3644    1.3058   57.9769    9.2624    0.2417    1.3239    0.4108
    0.4158   61.8828   10.6643    0.2882    6.7504    0.5768   16.0739
   65.4038   13.3270    0.2171    4.6275    7.9407    4.0496    0.9256
    3.9681    0.4915    2.0770   -1.3082   -1.1558    0.0000    1.8953
    0.7468    0.7353    1.2175   -0.0698    0.8834   -0.0661    0.1793
   -0.0281    0.3218   -0.0273    0.0000    0.5149    0.0679    0.0442
 PARAMETER VALUES,  CYCLE NUMBER 31,  AVDEV=   2.208
   14.2093   26.8995    7.4000   52.8439    9.2147    0.7047    4.2082
    1.3644    1.3058   57.9769    9.2623    0.2418    1.3232    0.4108
    0.4160   62.1282   10.8493    0.2705   11.2598    1.1892   17.0085
   64.5075   12.7263    0.3679    0.0000   13.0351    6.5464    0.9256
    3.9681    0.4915    2.0770   -1.3082   -1.1558    0.0000    1.8953
    0.7468    0.7353    1.2175   -0.0698    0.8834   -0.0661    0.1793
   -0.0281    0.3218   -0.0273    0.0000    0.5149    0.0679    0.0442
 PARAMETER VALUES,  CYCLE NUMBER 32,  AVDEV=   2.200
   14.2093   26.8995    7.4000   52.8440    9.2146    0.7047    4.2084
    1.3644    1.3060   57.9768    9.2622    0.2418    1.3221    0.4107
    0.4162   62.3951   10.9956    0.2430   16.3829    2.0781   17.7652
   63.5851   11.7941    0.5123    0.0000   16.8804    8.9399    0.9256
    3.9681    0.4915    2.0770   -1.3082   -1.1558    0.0000    1.8953
    0.7468    0.7353    1.2175   -0.0698    0.8834   -0.0661    0.1793
   -0.0281    0.3218   -0.0273    0.0000    0.5149    0.0679    0.0442
 PARAMETER VALUES,  CYCLE NUMBER 33,  AVDEV=   2.188
   14.2093   26.8995    7.4000   52.8440    9.2146    0.7047    4.2084
    1.3643    1.3064   57.9768    9.2621    0.2418    1.3205    0.4107
    0.4166   62.7565   11.1297    0.2003   22.8800    3.4050   18.2557
   62.3772   10.4036    0.6405    0.0000   18.9586   11.2881    0.9256
    3.9681    0.4915    2.0770   -1.3082   -1.1558    0.0000    1.8953
    0.7468    0.7353    1.2175   -0.0698    0.8834   -0.0661    0.1793
   -0.0281    0.3218   -0.0273    0.0000    0.5149    0.0679    0.0442
 PARAMETER VALUES,  CYCLE NUMBER 34,  AVDEV=   2.185
   14.2093   26.8995    7.4000   52.8443    9.2148    0.7047    4.2073
    1.3642    1.3070   57.9768    9.2621    0.2419    1.3154    0.4106
    0.4171   63.4338   11.3137    0.1245   32.8800    5.6258   17.9387
   60.1101    7.7631    0.7392    0.0000   18.9194   13.4842    0.9256
    3.9681    0.4915    2.0770   -1.3082   -1.1558    0.0000    1.8953
    0.7468    0.7353    1.2175   -0.0698    0.8834   -0.0661    0.1793
   -0.0281    0.3218   -0.0273    0.0000    0.5149    0.0679    0.0442
 PARAMETER VALUES,  CYCLE NUMBER 35,  AVDEV=   2.208
   14.2093   26.8994    7.4000   52.8445    9.2147    0.7049    4.2093
    1.3641    1.3093   57.9768    9.2620    0.2420    1.3169    0.4107
    0.4177   62.6281   11.2278    0.2083   22.8800    3.5695   20.7958
   60.3619    8.0866    0.8432    4.7232   21.6927   17.4585    0.9256
    3.9681    0.4915    2.0770   -1.3082   -1.1558    0.0000    1.8953
    0.7468    0.7353    1.2175   -0.0698    0.8834   -0.0661    0.1793
   -0.0281    0.3218   -0.0273    0.0000    0.5149    0.0679    0.0442
 PARAMETER VALUES,  CYCLE NUMBER 36,  AVDEV=   2.235
   14.2093   26.8993    7.4000   52.8446    9.2146    0.7050    4.2111
    1.3641    1.3114   57.9777    9.2628    0.2420    1.3301    0.4108
    0.4184   62.0171   11.0982    0.2827   12.8800    1.1516   20.3755
   60.7011    8.4389    0.9641   11.8820   25.8197   23.3176    0.9256
    3.9681    0.4915    2.0770   -1.3082   -1.1558    0.0000    1.8953
    0.7468    0.7353    1.2175   -0.0698    0.8834   -0.0661    0.1793
   -0.0281    0.3218   -0.0273    0.0000    0.5149    0.0679    0.0442
 PARAMETER VALUES,  CYCLE NUMBER 37,  AVDEV=   2.269
   14.2093   26.8994    7.4000   52.8445    9.2147    0.7048    4.2096
    1.3642    1.3095   57.9782    9.2634    0.2422    1.2994    0.4105
    0.4178   62.5030   11.3209    0.2245   22.8800    3.1336   22.2789
   60.2501    8.1227    0.8690    2.0607   20.3615   16.0566    0.9256
    3.9681    0.4915    2.0770   -1.3082   -1.1558    0.0000    1.8953
    0.7468    0.7353    1.2175   -0.0698    0.8834   -0.0661    0.1793
   -0.0281    0.3218   -0.0273    0.0000    0.5149    0.0679    0.0442
 PARAMETER VALUES,  CYCLE NUMBER 38,  AVDEV=   2.298
   14.2093   26.8993    7.4000   52.8446    9.2146    0.7050    4.2116
    1.3641    1.3116   57.9782    9.2633    0.2423    1.3017    0.4105
    0.4188   61.9467   11.2427    0.2992   12.8800    0.6150   21.4784
   60.5976    8.5435    0.9949    9.0558   24.2095   21.5829    0.9256
    3.9681    0.4915    2.0770   -1.3082   -1.1558    0.0000    1.8953
    0.7468    0.7353    1.2175   -0.0698    0.8834   -0.0661    0.1793
   -0.0281    0.3218   -0.0273    0.0000    0.5149    0.0679    0.0442
 PARAMETER VALUES,  CYCLE NUMBER 39,  AVDEV=   2.330
   14.2093   26.8994    7.4000   52.8445    9.2146    0.7048    4.2099
    1.3642    1.3097   57.9782    9.2634    0.2422    1.2906    0.4104
    0.4178   62.4135   11.4507    0.2405   22.7863    2.6024   23.5294
   60.2416    8.2364    0.9085    0.0000   19.4173   15.0895    0.9256
    3.9681    0.4915    2.0770   -1.3082   -1.1558    0.0000    1.8953
    0.7468    0.7353    1.2175   -0.0698    0.8834   -0.0661    0.1793
   -0.0281    0.3218   -0.0273    0.0000    0.5149    0.0679    0.0442
 PARAMETER VALUES,  CYCLE NUMBER 40,  AVDEV=   2.359
   14.2093   26.8993    7.4000   52.8446    9.2145    0.7050    4.2120
    1.3642    1.3117   57.9782    9.2633    0.2424    1.2921    0.4104
    0.4192   61.9063   11.4160    0.3158   12.7863    0.0167   22.4308
   60.5945    8.7048    1.0428    6.9395   23.1541   20.5313    0.9256
    3.9681    0.4915    2.0770   -1.3082   -1.1558    0.0000    1.8953
    0.7468    0.7353    1.2175   -0.0698    0.8834   -0.0661    0.1793
   -0.0281    0.3218   -0.0273    0.0000    0.5149    0.0679    0.0442
 PARAMETER VALUES FOR RCG INPUT
Pb I  6s26p2           14.2093  26.8993    7.4000
Pb I  6s26p7p          52.8446   9.2145    0.7050    4.2120    1.3642 LS99999999
   1.3117
Pb I  6s26p8p          57.9782   9.2633    0.2424    1.2921    0.4104 LS99999999
   0.4192
Pb I  6s26p5f          61.9063  11.4160    0.3158   12.7863    0.0167 LS99999999
  22.4308
Pb I  6s26p6f          60.5945   8.7048    1.0428    6.9395   23.1541 LS99999999
  20.5313
6s26p2  -6s26p7p       0.9256    3.9681
6s26p2  -6s26p8p       0.4915    2.0770
6s26p2  -6s26p5f      -1.3082
6s26p2  -6s26p6f      -1.1558
6s26p7p -6s26p8p       0.0000    1.8953    0.7468    0.7353
6s26p7p -6s26p5f       1.2175   -0.0698
6s26p7p -6s26p6f       0.8834   -0.0661
6s26p8p -6s26p5f       0.1793   -0.0281
6s26p8p -6s26p6f       0.3218   -0.0273
6s26p5f -6s26p6f       0.0000    0.5149    0.0679    0.0442

Pb I      6s26p7s   6s26p8s   6s26p9s   6s26p6d   6s26p7d   6s26p8d 
 PARAMETER VALUES,  CYCLE NUMBER  0,  AVDEV=   0.866
   44.2702    8.8613    3.0056   58.0157    9.1919    0.6080   62.7637
    9.2541    0.2439   54.5091    9.0545    0.0397    6.3460    4.0792
    2.4886   61.0191    9.2096    0.0158    1.9156    1.3434    0.8371
   64.1585    9.2543    0.0081    0.8839    0.6450    0.4047    0.0000
    1.3056    0.0000    0.8146   -6.3655   -2.6732   -2.9734   -1.4309
   -1.8936   -0.9632    0.0000    0.3846   -1.9105   -1.2018   -1.5987
   -0.6686   -1.0719   -0.4555   -1.1428   -0.7583   -0.7985   -0.4252
   -0.6641   -0.2904    0.0000    2.9086    2.3243    1.4343    0.0000
    1.8757    1.6025    0.9925    0.0000    1.2158    0.9303    0.5817
 PARAMETER VALUES,  CYCLE NUMBER  1,  AVDEV=   0.667
   44.0964    8.7394    2.0818   58.0529    9.1919    0.6080   62.7585
    9.2541    0.2439   53.7424    7.5541    0.0000    3.1005    4.3517
    0.0000   60.6179    8.2899    0.0000    3.5113    2.2382    0.0000
   64.0292    9.1823    0.1715    6.6142    3.0463    1.8106    0.0000
    1.3056    0.0000    0.8146   -6.3655   -2.6732   -2.9734   -1.4309
   -1.8936   -0.9632    0.0000    0.3846   -1.9105   -1.2018   -1.5987
   -0.6686   -1.0719   -0.4555   -1.1428   -0.7583   -0.7985   -0.4252
   -0.6641   -0.2904    0.0000    2.9086    2.3243    1.4343    0.0000
    1.8757    1.6025    0.9925    0.0000    1.2158    0.9303    0.5817
 PARAMETER VALUES,  CYCLE NUMBER  2,  AVDEV=   0.717
   43.8471    8.5700    0.7626   58.0929    9.1919    0.6080   62.7548
    9.2541    0.2439   53.5726    7.2192    0.0000    0.8043    5.9249
    0.0000   60.5831    8.2483    0.0000    2.7558    2.1084    0.0000
   64.0908    9.1197    0.1392    7.0029    2.6891    1.9313    0.0000
    1.3056    0.0000    0.8146   -6.3655   -2.6732   -2.9734   -1.4309
   -1.8936   -0.9632    0.0000    0.3846   -1.9105   -1.2018   -1.5987
   -0.6686   -1.0719   -0.4555   -1.1428   -0.7583   -0.7985   -0.4252
   -0.6641   -0.2904    0.0000    2.9086    2.3243    1.4343    0.0000
    1.8757    1.6025    0.9925    0.0000    1.2158    0.9303    0.5817
 PARAMETER VALUES,  CYCLE NUMBER  3,  AVDEV=   0.651
   43.5486    8.3714    0.0000   58.1350    9.1919    0.6080   62.7520
    9.2541    0.2439   53.8534    7.3248    0.0000    6.1128    7.5282
    0.0000   60.5106    8.1920    0.0000    1.9880    2.2514    0.0000
   64.0645    9.1294    0.1430    6.6278    2.7878    1.5890    0.0000
    1.3056    0.0000    0.8146   -6.3655   -2.6732   -2.9734   -1.4309
   -1.8936   -0.9632    0.0000    0.3846   -1.9105   -1.2018   -1.5987
   -0.6686   -1.0719   -0.4555   -1.1428   -0.7583   -0.7985   -0.4252
   -0.6641   -0.2904    0.0000    2.9086    2.3243    1.4343    0.0000
    1.8757    1.6025    0.9925    0.0000    1.2158    0.9303    0.5817
 PARAMETER VALUES,  CYCLE NUMBER  4,  AVDEV=   0.823
   43.0416    7.9717    0.0000   57.7222    9.1919    0.6080   62.7417
    9.2541    0.2439   53.8096    6.5353    0.0000    1.1360   12.5460
    0.2275   60.3575    8.0803    0.0000    0.1912    2.4263    0.0000
   64.0628    9.1374    0.1409    6.7039    2.7262    1.6293    0.0000
    1.3056    0.0000    0.8146   -6.3655   -2.6732   -2.9734   -1.4309
   -1.8936   -0.9632    0.0000    0.3846   -1.9105   -1.2018   -1.5987
   -0.6686   -1.0719   -0.4555   -1.1428   -0.7583   -0.7985   -0.4252
   -0.6641   -0.2904    0.0000    2.9086    2.3243    1.4343    0.0000
    1.8757    1.6025    0.9925    0.0000    1.2158    0.9303    0.5817
 PARAMETER VALUES,  CYCLE NUMBER  5,  AVDEV=   0.708
   43.4835    8.4339    0.0000   57.8937    9.1919    0.6080   62.7359
    9.2541    0.2439   54.1239    7.5125    0.0000    7.3146   11.0432
    6.5797   60.3342    8.0677    0.0000    0.0000    2.6543    0.0000
   64.0767    9.1394    0.1219    7.2636    2.5336    2.2014    0.0000
    1.3056    0.0000    0.8146   -6.3655   -2.6732   -2.9734   -1.4309
   -1.8936   -0.9632    0.0000    0.3846   -1.9105   -1.2018   -1.5987
   -0.6686   -1.0719   -0.4555   -1.1428   -0.7583   -0.7985   -0.4252
   -0.6641   -0.2904    0.0000    2.9086    2.3243    1.4343    0.0000
    1.8757    1.6025    0.9925    0.0000    1.2158    0.9303    0.5817
 PARAMETER VALUES,  CYCLE NUMBER  6,  AVDEV=   0.697
   43.3617    8.2978    0.0000   57.8648    9.1919    0.6080   62.7350
    9.2541    0.2439   54.2408    7.3375    0.0000    8.2425   11.7740
    7.2229   60.3196    8.0569    0.0000    0.0000    2.6837    0.0000
   64.0572    9.1435    0.1372    6.7511    2.7058    1.7276    0.0000
    1.3056    0.0000    0.8146   -6.3655   -2.6732   -2.9734   -1.4309
   -1.8936   -0.9632    0.0000    0.3846   -1.9105   -1.2018   -1.5987
   -0.6686   -1.0719   -0.4555   -1.1428   -0.7583   -0.7985   -0.4252
   -0.6641   -0.2904    0.0000    2.9086    2.3243    1.4343    0.0000
    1.8757    1.6025    0.9925    0.0000    1.2158    0.9303    0.5817
 PARAMETER VALUES,  CYCLE NUMBER  7,  AVDEV=   0.688
   43.3860    8.2455    0.0000   57.9393    9.1919    0.6080   62.7328
    9.2541    0.2439   54.2013    7.2212    0.0000    7.1250   10.8145
    4.6460   60.2627    7.9991    0.0000    0.0000    2.7269    0.0000
   64.0516    9.1419    0.1493    6.4387    2.8068    1.4021    0.0000
    1.3056    0.0000    0.8146   -6.3655   -2.6732   -2.9734   -1.4309
   -1.8936   -0.9632    0.0000    0.3846   -1.9105   -1.2018   -1.5987
   -0.6686   -1.0719   -0.4555   -1.1428   -0.7583   -0.7985   -0.4252
   -0.6641   -0.2904    0.0000    2.9086    2.3243    1.4343    0.0000
    1.8757    1.6025    0.9925    0.0000    1.2158    0.9303    0.5817
 PARAMETER VALUES,  CYCLE NUMBER  8,  AVDEV=   0.682
   43.3627    8.2376    0.0000   57.9052    9.1919    0.6080   62.7326
    9.2541    0.2439   54.1469    7.1971    0.0000    6.8787   10.7706
    4.1950   60.3363    8.0800    0.0000    0.0000    2.7125    0.0000
   64.0549    9.1402    0.1442    6.5635    2.7629    1.5355    0.0000
    1.3056    0.0000    0.8146   -6.3655   -2.6732   -2.9734   -1.4309
   -1.8936   -0.9632    0.0000    0.3846   -1.9105   -1.2018   -1.5987
   -0.6686   -1.0719   -0.4555   -1.1428   -0.7583   -0.7985   -0.4252
   -0.6641   -0.2904    0.0000    2.9086    2.3243    1.4343    0.0000
    1.8757    1.6025    0.9925    0.0000    1.2158    0.9303    0.5817
 PARAMETER VALUES,  CYCLE NUMBER  9,  AVDEV=   0.681
   43.3690    8.2351    0.0000   57.9243    9.1919    0.6080   62.7335
    9.2541    0.2439   54.1442    7.1983    0.0000    6.7260   10.6249
    3.9486   60.3315    8.0757    0.0000    0.0000    2.7103    0.0000
   64.0541    9.1405    0.1453    6.5348    2.7769    1.5092    0.0000
    1.3056    0.0000    0.8146   -6.3655   -2.6732   -2.9734   -1.4309
   -1.8936   -0.9632    0.0000    0.3846   -1.9105   -1.2018   -1.5987
   -0.6686   -1.0719   -0.4555   -1.1428   -0.7583   -0.7985   -0.4252
   -0.6641   -0.2904    0.0000    2.9086    2.3243    1.4343    0.0000
    1.8757    1.6025    0.9925    0.0000    1.2158    0.9303    0.5817
 PARAMETER VALUES,  CYCLE NUMBER 10,  AVDEV=   0.681
   43.3519    8.2256    0.0000   57.9019    9.1919    0.6080   62.7333
    9.2541    0.2439   54.1615    7.1885    0.0000    7.0447   10.8414
    4.3184   60.3373    8.0823    0.0000    0.0000    2.7090    0.0000
   64.0526    9.1401    0.1452    6.5128    2.7789    1.4901    0.0000
    1.3056    0.0000    0.8146   -6.3655   -2.6732   -2.9734   -1.4309
   -1.8936   -0.9632    0.0000    0.3846   -1.9105   -1.2018   -1.5987
   -0.6686   -1.0719   -0.4555   -1.1428   -0.7583   -0.7985   -0.4252
   -0.6641   -0.2904    0.0000    2.9086    2.3243    1.4343    0.0000
    1.8757    1.6025    0.9925    0.0000    1.2158    0.9303    0.5817
 PARAMETER VALUES,  CYCLE NUMBER 11,  AVDEV=   0.681
   43.3824    8.2401    0.0000   57.9367    9.1919    0.6080   62.7333
    9.2541    0.2439   54.1033    7.1922    0.0000    6.1435   10.3488
    3.2596   60.3295    8.0727    0.0000    0.0000    2.7120    0.0000
   64.0580    9.1409    0.1444    6.6040    2.7593    1.5690    0.0000
    1.3056    0.0000    0.8146   -6.3655   -2.6732   -2.9734   -1.4309
   -1.8936   -0.9632    0.0000    0.3846   -1.9105   -1.2018   -1.5987
   -0.6686   -1.0719   -0.4555   -1.1428   -0.7583   -0.7985   -0.4252
   -0.6641   -0.2904    0.0000    2.9086    2.3243    1.4343    0.0000
    1.8757    1.6025    0.9925    0.0000    1.2158    0.9303    0.5817
 PARAMETER VALUES,  CYCLE NUMBER 12,  AVDEV=   0.681
   43.3145    8.2039    0.0000   57.8762    9.1919    0.6080   62.7333
    9.2541    0.2439   54.2236    7.1904    0.0000    8.0206   11.2977
    5.3739   60.3453    8.0924    0.0000    0.0000    2.7075    0.0000
   64.0466    9.1397    0.1464    6.4098    2.8055    1.4018    0.0000
    1.3056    0.0000    0.8146   -6.3655   -2.6732   -2.9734   -1.4309
   -1.8936   -0.9632    0.0000    0.3846   -1.9105   -1.2018   -1.5987
   -0.6686   -1.0719   -0.4555   -1.1428   -0.7583   -0.7985   -0.4252
   -0.6641   -0.2904    0.0000    2.9086    2.3243    1.4343    0.0000
    1.8757    1.6025    0.9925    0.0000    1.2158    0.9303    0.5817
 PARAMETER VALUES,  CYCLE NUMBER 13,  AVDEV=   0.685
   43.4247    8.2553    0.0000   57.9784    9.1919    0.6080   62.7334
    9.2541    0.2439   53.9835    7.1754    0.0000    4.3331    9.5029
    1.1940   60.3083    8.0466    0.0000    0.0000    2.7215    0.0000
   64.0693    9.1437    0.1426    6.7998    2.7170    1.7316    0.0000
    1.3056    0.0000    0.8146   -6.3655   -2.6732   -2.9734   -1.4309
   -1.8936   -0.9632    0.0000    0.3846   -1.9105   -1.2018   -1.5987
   -0.6686   -1.0719   -0.4555   -1.1428   -0.7583   -0.7985   -0.4252
   -0.6641   -0.2904    0.0000    2.9086    2.3243    1.4343    0.0000
    1.8757    1.6025    0.9925    0.0000    1.2158    0.9303    0.5817
 PARAMETER VALUES,  CYCLE NUMBER 14,  AVDEV=   0.680
   43.2151    8.1360    0.0000   57.8366    9.1919    0.6080   62.7332
    9.2541    0.2439   54.2855    7.1719    0.0000    9.3882   11.8786
    6.5904   60.3533    8.1015    0.0000    0.3279    2.7232    0.0000
   64.0380    9.1421    0.1484    6.2632    2.8551    1.2701    0.0000
    1.3056    0.0000    0.8146   -6.3655   -2.6732   -2.9734   -1.4309
   -1.8936   -0.9632    0.0000    0.3846   -1.9105   -1.2018   -1.5987
   -0.6686   -1.0719   -0.4555   -1.1428   -0.7583   -0.7985   -0.4252
   -0.6641   -0.2904    0.0000    2.9086    2.3243    1.4343    0.0000
    1.8757    1.6025    0.9925    0.0000    1.2158    0.9303    0.5817
 PARAMETER VALUES,  CYCLE NUMBER 15,  AVDEV=   0.682
   43.2864    8.1495    0.0000   57.9085    9.1919    0.6080   62.7337
    9.2541    0.2439   54.0754    7.1228    0.0000    6.0581   10.3578
    2.7193   60.3176    8.0582    0.0000    0.0000    2.7061    0.0000
   64.0581    9.1455    0.1452    6.6010    2.7799    1.5516    0.0000
    1.3056    0.0000    0.8146   -6.3655   -2.6732   -2.9734   -1.4309
   -1.8936   -0.9632    0.0000    0.3846   -1.9105   -1.2018   -1.5987
   -0.6686   -1.0719   -0.4555   -1.1428   -0.7583   -0.7985   -0.4252
   -0.6641   -0.2904    0.0000    2.9086    2.3243    1.4343    0.0000
    1.8757    1.6025    0.9925    0.0000    1.2158    0.9303    0.5817
 PARAMETER VALUES,  CYCLE NUMBER 16,  AVDEV=   0.671
   43.2685    8.0916    0.0000   57.9141    9.1919    0.6080   62.7327
    9.2541    0.2439   54.0672    7.0459    0.0000    5.4451   10.2219
    1.7143   60.3545    8.1023    0.0000    0.0000    2.6975    0.0000
   64.0567    9.1393    0.1458    6.5505    2.7749    1.5244    0.0000
    1.3056    0.0000    0.8146   -6.3655   -2.6732   -2.9734   -1.4309
   -1.8936   -0.9632    0.0000    0.3846   -1.9105   -1.2018   -1.5987
   -0.6686   -1.0719   -0.4555   -1.1428   -0.7583   -0.7985   -0.4252
   -0.6641   -0.2904    0.0000    2.9086    2.3243    1.4343    0.0000
    1.8757    1.6025    0.9925    0.0000    1.2158    0.9303    0.5817
 PARAMETER VALUES,  CYCLE NUMBER 17,  AVDEV=   0.726
   42.8620    7.5097    1.6945   57.9592    9.1919    0.6080   62.7306
    9.2541    0.2439   53.7516    6.4452    0.0000    0.0000    8.4510
    0.0000   60.3695    8.1191    0.0000    0.2774    2.6449    0.0000
   64.0690    9.1405    0.1520    6.5883    2.8025    1.5264    0.0000
    1.3056    0.0000    0.8146   -6.3655   -2.6732   -2.9734   -1.4309
   -1.8936   -0.9632    0.0000    0.3846   -1.9105   -1.2018   -1.5987
   -0.6686   -1.0719   -0.4555   -1.1428   -0.7583   -0.7985   -0.4252
   -0.6641   -0.2904    0.0000    2.9086    2.3243    1.4343    0.0000
    1.8757    1.6025    0.9925    0.0000    1.2158    0.9303    0.5817
 PARAMETER VALUES,  CYCLE NUMBER 18,  AVDEV=   0.623
   42.6511    7.3604    1.1832   57.8619    9.1919    0.6080   62.7310
    9.2541    0.2439   54.1869    6.6766    0.0000    7.5613   10.7448
    0.0000   60.3595    8.1116    0.0000    0.3813    2.5956    0.0000
   64.0388    9.1445    0.1595    6.0672    2.9208    1.0564    0.0000
    1.3056    0.0000    0.8146   -6.3655   -2.6732   -2.9734   -1.4309
   -1.8936   -0.9632    0.0000    0.3846   -1.9105   -1.2018   -1.5987
   -0.6686   -1.0719   -0.4555   -1.1428   -0.7583   -0.7985   -0.4252
   -0.6641   -0.2904    0.0000    2.9086    2.3243    1.4343    0.0000
    1.8757    1.6025    0.9925    0.0000    1.2158    0.9303    0.5817
 PARAMETER VALUES,  CYCLE NUMBER 19,  AVDEV=   0.731
   42.8022    7.4385    2.1722   57.9609    9.1919    0.6080   62.7302
    9.2541    0.2439   53.7133    6.4273    0.0000    0.2524    8.4500
    0.0000   60.3634    8.1101    0.0000    0.1430    2.5915    0.0000
   64.0748    9.1484    0.1502    6.7466    2.7672    1.6716    0.0000
    1.3056    0.0000    0.8146   -6.3655   -2.6732   -2.9734   -1.4309
   -1.8936   -0.9632    0.0000    0.3846   -1.9105   -1.2018   -1.5987
   -0.6686   -1.0719   -0.4555   -1.1428   -0.7583   -0.7985   -0.4252
   -0.6641   -0.2904    0.0000    2.9086    2.3243    1.4343    0.0000
    1.8757    1.6025    0.9925    0.0000    1.2158    0.9303    0.5817
 PARAMETER VALUES,  CYCLE NUMBER 20,  AVDEV=   0.619
   42.6366    7.3554    1.0936   57.8601    9.1919    0.6080   62.7312
    9.2541    0.2439   54.2005    6.6617    0.0000    7.6033   10.8833
    0.0000   60.3653    8.1202    0.0000    0.5917    2.6074    0.0000
   64.0373    9.1460    0.1599    6.0496    2.9306    1.0453    0.0000
    1.3056    0.0000    0.8146   -6.3655   -2.6732   -2.9734   -1.4309
   -1.8936   -0.9632    0.0000    0.3846   -1.9105   -1.2018   -1.5987
   -0.6686   -1.0719   -0.4555   -1.1428   -0.7583   -0.7985   -0.4252
   -0.6641   -0.2904    0.0000    2.9086    2.3243    1.4343    0.0000
    1.8757    1.6025    0.9925    0.0000    1.2158    0.9303    0.5817
 PARAMETER VALUES,  CYCLE NUMBER 21,  AVDEV=   0.732
   42.7936    7.4356    2.1194   57.9604    9.1919    0.6080   62.7305
    9.2541    0.2439   53.7147    6.4144    0.0000    0.2046    8.5114
    0.0000   60.3608    8.1071    0.0000    0.1240    2.5809    0.0000
   64.0745    9.1498    0.1506    6.7438    2.7728    1.6691    0.0000
    1.3056    0.0000    0.8146   -6.3655   -2.6732   -2.9734   -1.4309
   -1.8936   -0.9632    0.0000    0.3846   -1.9105   -1.2018   -1.5987
   -0.6686   -1.0719   -0.4555   -1.1428   -0.7583   -0.7985   -0.4252
   -0.6641   -0.2904    0.0000    2.9086    2.3243    1.4343    0.0000
    1.8757    1.6025    0.9925    0.0000    1.2158    0.9303    0.5817
 PARAMETER VALUES,  CYCLE NUMBER 22,  AVDEV=   0.619
   42.6463    7.3602    1.1565   57.8645    9.1919    0.6080   62.7311
    9.2541    0.2439   54.1946    6.6695    0.0000    7.5359   10.8116
    0.0000   60.3660    8.1212    0.0000    0.6098    2.6071    0.0000
   64.0384    9.1458    0.1598    6.0660    2.9246    1.0594    0.0000
    1.3056    0.0000    0.8146   -6.3655   -2.6732   -2.9734   -1.4309
   -1.8936   -0.9632    0.0000    0.3846   -1.9105   -1.2018   -1.5987
   -0.6686   -1.0719   -0.4555   -1.1428   -0.7583   -0.7985   -0.4252
   -0.6641   -0.2904    0.0000    2.9086    2.3243    1.4343    0.0000
    1.8757    1.6025    0.9925    0.0000    1.2158    0.9303    0.5817
 PARAMETER VALUES,  CYCLE NUMBER 23,  AVDEV=   0.731
   42.7994    7.4382    2.1568   57.9624    9.1919    0.6080   62.7306
    9.2541    0.2439   53.7151    6.4204    0.0000    0.2185    8.4838
    0.0000   60.3612    8.1077    0.0000    0.1449    2.5789    0.0000
   64.0746    9.1491    0.1507    6.7391    2.7721    1.6643    0.0000
    1.3056    0.0000    0.8146   -6.3655   -2.6732   -2.9734   -1.4309
   -1.8936   -0.9632    0.0000    0.3846   -1.9105   -1.2018   -1.5987
   -0.6686   -1.0719   -0.4555   -1.1428   -0.7583   -0.7985   -0.4252
   -0.6641   -0.2904    0.0000    2.9086    2.3243    1.4343    0.0000
    1.8757    1.6025    0.9925    0.0000    1.2158    0.9303    0.5817
 PARAMETER VALUES,  CYCLE NUMBER 24,  AVDEV=   0.619
   42.6405    7.3573    1.1188   57.8624    9.1919    0.6080   62.7312
    9.2541    0.2439   54.1981    6.6656    0.0000    7.5827   10.8540
    0.0000   60.3651    8.1199    0.0000    0.5825    2.6054    0.0000
   64.0378    9.1458    0.1598    6.0568    2.9276    1.0510    0.0000
    1.3056    0.0000    0.8146   -6.3655   -2.6732   -2.9734   -1.4309
   -1.8936   -0.9632    0.0000    0.3846   -1.9105   -1.2018   -1.5987
   -0.6686   -1.0719   -0.4555   -1.1428   -0.7583   -0.7985   -0.4252
   -0.6641   -0.2904    0.0000    2.9086    2.3243    1.4343    0.0000
    1.8757    1.6025    0.9925    0.0000    1.2158    0.9303    0.5817
 PARAMETER VALUES,  CYCLE NUMBER 25,  AVDEV=   0.732
   42.7959    7.4367    2.1344   57.9615    9.1919    0.6080   62.7305
    9.2541    0.2439   53.7148    6.4173    0.0000    0.2119    8.4994
    0.0000   60.3610    8.1074    0.0000    0.1301    2.5805    0.0000
   64.0746    9.1495    0.1506    6.7426    2.7720    1.6677    0.0000
    1.3056    0.0000    0.8146   -6.3655   -2.6732   -2.9734   -1.4309
   -1.8936   -0.9632    0.0000    0.3846   -1.9105   -1.2018   -1.5987
   -0.6686   -1.0719   -0.4555   -1.1428   -0.7583   -0.7985   -0.4252
   -0.6641   -0.2904    0.0000    2.9086    2.3243    1.4343    0.0000
    1.8757    1.6025    0.9925    0.0000    1.2158    0.9303    0.5817
 PARAMETER VALUES,  CYCLE NUMBER 26,  AVDEV=   0.619
   42.6439    7.3590    1.1406   57.8634    9.1919    0.6080   62.7311
    9.2541    0.2439   54.1961    6.6677    0.0000    7.5550   10.8302
    0.0000   60.3657    8.1208    0.0000    0.6026    2.6067    0.0000
   64.0382    9.1458    0.1598    6.0619    2.9260    1.0557    0.0000
    1.3056    0.0000    0.8146   -6.3655   -2.6732   -2.9734   -1.4309
   -1.8936   -0.9632    0.0000    0.3846   -1.9105   -1.2018   -1.5987
   -0.6686   -1.0719   -0.4555   -1.1428   -0.7583   -0.7985   -0.4252
   -0.6641   -0.2904    0.0000    2.9086    2.3243    1.4343    0.0000
    1.8757    1.6025    0.9925    0.0000    1.2158    0.9303    0.5817
 PARAMETER VALUES,  CYCLE NUMBER 27,  AVDEV=   0.731
   42.7979    7.4375    2.1474   57.9619    9.1919    0.6080   62.7306
    9.2541    0.2439   53.7149    6.4190    0.0000    0.2149    8.4906
    0.0000   60.3611    8.1075    0.0000    0.1392    2.5794    0.0000
   64.0746    9.1493    0.1507    6.7406    2.7721    1.6657    0.0000
    1.3056    0.0000    0.8146   -6.3655   -2.6732   -2.9734   -1.4309
   -1.8936   -0.9632    0.0000    0.3846   -1.9105   -1.2018   -1.5987
   -0.6686   -1.0719   -0.4555   -1.1428   -0.7583   -0.7985   -0.4252
   -0.6641   -0.2904    0.0000    2.9086    2.3243    1.4343    0.0000
    1.8757    1.6025    0.9925    0.0000    1.2158    0.9303    0.5817
 PARAMETER VALUES,  CYCLE NUMBER 28,  AVDEV=   0.619
   42.6419    7.3580    1.1281   57.8629    9.1919    0.6080   62.7312
    9.2541    0.2439   54.1973    6.6666    0.0000    7.5712   10.8436
    0.0000   60.3653    8.1202    0.0000    0.5901    2.6059    0.0000
   64.0380    9.1458    0.1598    6.0590    2.9269    1.0530    0.0000
    1.3056    0.0000    0.8146   -6.3655   -2.6732   -2.9734   -1.4309
   -1.8936   -0.9632    0.0000    0.3846   -1.9105   -1.2018   -1.5987
   -0.6686   -1.0719   -0.4555   -1.1428   -0.7583   -0.7985   -0.4252
   -0.6641   -0.2904    0.0000    2.9086    2.3243    1.4343    0.0000
    1.8757    1.6025    0.9925    0.0000    1.2158    0.9303    0.5817
 PARAMETER VALUES,  CYCLE NUMBER 29,  AVDEV=   0.731
   42.7968    7.4370    2.1400   57.9617    9.1919    0.6080   62.7305
    9.2541    0.2439   53.7148    6.4180    0.0000    0.2133    8.4955
    0.0000   60.3611    8.1075    0.0000    0.1338    2.5800    0.0000
   64.0746    9.1494    0.1507    6.7418    2.7720    1.6669    0.0000
    1.3056    0.0000    0.8146   -6.3655   -2.6732   -2.9734   -1.4309
   -1.8936   -0.9632    0.0000    0.3846   -1.9105   -1.2018   -1.5987
   -0.6686   -1.0719   -0.4555   -1.1428   -0.7583   -0.7985   -0.4252
   -0.6641   -0.2904    0.0000    2.9086    2.3243    1.4343    0.0000
    1.8757    1.6025    0.9925    0.0000    1.2158    0.9303    0.5817
 PARAMETER VALUES,  CYCLE NUMBER 30,  AVDEV=   0.619
   42.6430    7.3586    1.1351   57.8631    9.1919    0.6080   62.7311
    9.2541    0.2439   54.1966    6.6672    0.0000    7.5620   10.8361
    0.0000   60.3656    8.1206    0.0000    0.5974    2.6064    0.0000
   64.0381    9.1458    0.1598    6.0606    2.9264    1.0545    0.0000
    1.3056    0.0000    0.8146   -6.3655   -2.6732   -2.9734   -1.4309
   -1.8936   -0.9632    0.0000    0.3846   -1.9105   -1.2018   -1.5987
   -0.6686   -1.0719   -0.4555   -1.1428   -0.7583   -0.7985   -0.4252
   -0.6641   -0.2904    0.0000    2.9086    2.3243    1.4343    0.0000
    1.8757    1.6025    0.9925    0.0000    1.2158    0.9303    0.5817
 PARAMETER VALUES,  CYCLE NUMBER 31,  AVDEV=   0.731
   42.7974    7.4373    2.1441   57.9618    9.1919    0.6080   62.7305
    9.2541    0.2439   53.7149    6.4185    0.0000    0.2141    8.4927
    0.0000   60.3611    8.1075    0.0000    0.1369    2.5797    0.0000
   64.0746    9.1493    0.1507    6.7411    2.7721    1.6662    0.0000
    1.3056    0.0000    0.8146   -6.3655   -2.6732   -2.9734   -1.4309
   -1.8936   -0.9632    0.0000    0.3846   -1.9105   -1.2018   -1.5987
   -0.6686   -1.0719   -0.4555   -1.1428   -0.7583   -0.7985   -0.4252
   -0.6641   -0.2904    0.0000    2.9086    2.3243    1.4343    0.0000
    1.8757    1.6025    0.9925    0.0000    1.2158    0.9303    0.5817
 PARAMETER VALUES,  CYCLE NUMBER 32,  AVDEV=   0.619
   42.6424    7.3583    1.1312   57.8630    9.1919    0.6080   62.7312
    9.2541    0.2439   54.1970    6.6668    0.0000    7.5672   10.8403
    0.0000   60.3654    8.1204    0.0000    0.5933    2.6061    0.0000
   64.0380    9.1458    0.1598    6.0597    2.9267    1.0537    0.0000
    1.3056    0.0000    0.8146   -6.3655   -2.6732   -2.9734   -1.4309
   -1.8936   -0.9632    0.0000    0.3846   -1.9105   -1.2018   -1.5987
   -0.6686   -1.0719   -0.4555   -1.1428   -0.7583   -0.7985   -0.4252
   -0.6641   -0.2904    0.0000    2.9086    2.3243    1.4343    0.0000
    1.8757    1.6025    0.9925    0.0000    1.2158    0.9303    0.5817
 PARAMETER VALUES,  CYCLE NUMBER 33,  AVDEV=   0.731
   42.7971    7.4372    2.1418   57.9618    9.1919    0.6080   62.7305
    9.2541    0.2439   53.7148    6.4183    0.0000    0.2136    8.4943
    0.0000   60.3611    8.1075    0.0000    0.1352    2.5799    0.0000
   64.0746    9.1494    0.1507    6.7415    2.7721    1.6666    0.0000
    1.3056    0.0000    0.8146   -6.3655   -2.6732   -2.9734   -1.4309
   -1.8936   -0.9632    0.0000    0.3846   -1.9105   -1.2018   -1.5987
   -0.6686   -1.0719   -0.4555   -1.1428   -0.7583   -0.7985   -0.4252
   -0.6641   -0.2904    0.0000    2.9086    2.3243    1.4343    0.0000
    1.8757    1.6025    0.9925    0.0000    1.2158    0.9303    0.5817
 PARAMETER VALUES,  CYCLE NUMBER 34,  AVDEV=   0.619
   42.6428    7.3584    1.1334   57.8631    9.1919    0.6080   62.7312
    9.2541    0.2439   54.1968    6.6670    0.0000    7.5643   10.8380
    0.0000   60.3655    8.1205    0.0000    0.5956    2.6063    0.0000
   64.0381    9.1458    0.1598    6.0602    2.9265    1.0541    0.0000
    1.3056    0.0000    0.8146   -6.3655   -2.6732   -2.9734   -1.4309
   -1.8936   -0.9632    0.0000    0.3846   -1.9105   -1.2018   -1.5987
   -0.6686   -1.0719   -0.4555   -1.1428   -0.7583   -0.7985   -0.4252
   -0.6641   -0.2904    0.0000    2.9086    2.3243    1.4343    0.0000
    1.8757    1.6025    0.9925    0.0000    1.2158    0.9303    0.5817
 PARAMETER VALUES,  CYCLE NUMBER 35,  AVDEV=   0.731
   42.7973    7.4373    2.1431   57.9618    9.1919    0.6080   62.7305
    9.2541    0.2439   53.7148    6.4184    0.0000    0.2139    8.4934
    0.0000   60.3611    8.1075    0.0000    0.1361    2.5798    0.0000
   64.0746    9.1494    0.1507    6.7413    2.7721    1.6664    0.0000
    1.3056    0.0000    0.8146   -6.3655   -2.6732   -2.9734   -1.4309
   -1.8936   -0.9632    0.0000    0.3846   -1.9105   -1.2018   -1.5987
   -0.6686   -1.0719   -0.4555   -1.1428   -0.7583   -0.7985   -0.4252
   -0.6641   -0.2904    0.0000    2.9086    2.3243    1.4343    0.0000
    1.8757    1.6025    0.9925    0.0000    1.2158    0.9303    0.5817
 PARAMETER VALUES,  CYCLE NUMBER 36,  AVDEV=   0.619
   42.6426    7.3583    1.1322   57.8630    9.1919    0.6080   62.7312
    9.2541    0.2439   54.1969    6.6669    0.0000    7.5659   10.8393
    0.0000   60.3654    8.1204    0.0000    0.5943    2.6062    0.0000
   64.0380    9.1458    0.1598    6.0599    2.9266    1.0539    0.0000
    1.3056    0.0000    0.8146   -6.3655   -2.6732   -2.9734   -1.4309
   -1.8936   -0.9632    0.0000    0.3846   -1.9105   -1.2018   -1.5987
   -0.6686   -1.0719   -0.4555   -1.1428   -0.7583   -0.7985   -0.4252
   -0.6641   -0.2904    0.0000    2.9086    2.3243    1.4343    0.0000
    1.8757    1.6025    0.9925    0.0000    1.2158    0.9303    0.5817
 PARAMETER VALUES,  CYCLE NUMBER 37,  AVDEV=   0.731
   42.7972    7.4372    2.1424   57.9618    9.1919    0.6080   62.7305
    9.2541    0.2439   53.7148    6.4183    0.0000    0.2137    8.4939
    0.0000   60.3611    8.1075    0.0000    0.1356    2.5798    0.0000
   64.0746    9.1494    0.1507    6.7414    2.7721    1.6665    0.0000
    1.3056    0.0000    0.8146   -6.3655   -2.6732   -2.9734   -1.4309
   -1.8936   -0.9632    0.0000    0.3846   -1.9105   -1.2018   -1.5987
   -0.6686   -1.0719   -0.4555   -1.1428   -0.7583   -0.7985   -0.4252
   -0.6641   -0.2904    0.0000    2.9086    2.3243    1.4343    0.0000
    1.8757    1.6025    0.9925    0.0000    1.2158    0.9303    0.5817
 PARAMETER VALUES,  CYCLE NUMBER 38,  AVDEV=   0.619
   42.6427    7.3584    1.1329   57.8630    9.1919    0.6080   62.7312
    9.2541    0.2439   54.1968    6.6670    0.0000    7.5650   10.8385
    0.0000   60.3655    8.1205    0.0000    0.5950    2.6062    0.0000
   64.0380    9.1458    0.1598    6.0601    2.9266    1.0540    0.0000
    1.3056    0.0000    0.8146   -6.3655   -2.6732   -2.9734   -1.4309
   -1.8936   -0.9632    0.0000    0.3846   -1.9105   -1.2018   -1.5987
   -0.6686   -1.0719   -0.4555   -1.1428   -0.7583   -0.7985   -0.4252
   -0.6641   -0.2904    0.0000    2.9086    2.3243    1.4343    0.0000
    1.8757    1.6025    0.9925    0.0000    1.2158    0.9303    0.5817
 PARAMETER VALUES,  CYCLE NUMBER 39,  AVDEV=   0.731
   42.7972    7.4372    2.1428   57.9618    9.1919    0.6080   62.7305
    9.2541    0.2439   53.7148    6.4184    0.0000    0.2138    8.4936
    0.0000   60.3611    8.1075    0.0000    0.1359    2.5798    0.0000
   64.0746    9.1494    0.1507    6.7413    2.7721    1.6664    0.0000
    1.3056    0.0000    0.8146   -6.3655   -2.6732   -2.9734   -1.4309
   -1.8936   -0.9632    0.0000    0.3846   -1.9105   -1.2018   -1.5987
   -0.6686   -1.0719   -0.4555   -1.1428   -0.7583   -0.7985   -0.4252
   -0.6641   -0.2904    0.0000    2.9086    2.3243    1.4343    0.0000
    1.8757    1.6025    0.9925    0.0000    1.2158    0.9303    0.5817
 PARAMETER VALUES,  CYCLE NUMBER 40,  AVDEV=   0.619
   42.6426    7.3584    1.1325   57.8630    9.1919    0.6080   62.7312
    9.2541    0.2439   54.1969    6.6670    0.0000    7.5655   10.8390
    0.0000   60.3655    8.1204    0.0000    0.5946    2.6062    0.0000
   64.0380    9.1458    0.1598    6.0600    2.9266    1.0539    0.0000
    1.3056    0.0000    0.8146   -6.3655   -2.6732   -2.9734   -1.4309
   -1.8936   -0.9632    0.0000    0.3846   -1.9105   -1.2018   -1.5987
   -0.6686   -1.0719   -0.4555   -1.1428   -0.7583   -0.7985   -0.4252
   -0.6641   -0.2904    0.0000    2.9086    2.3243    1.4343    0.0000
    1.8757    1.6025    0.9925    0.0000    1.2158    0.9303    0.5817
 PARAMETER VALUES FOR RCG INPUT
Pb I  6s26p7s          42.6426   7.3584    1.1325
Pb I  6s26p8s          57.8630   9.1919    0.6080
Pb I  6s26p9s          62.7312   9.2541    0.2439
Pb I  6s26p6d          54.1969   6.6670    0.0000    7.5655   10.8390 LS99999999
   0.0000
Pb I  6s26p7d          60.3655   8.1204    0.0000    0.5946    2.6062 LS99999999
   0.0000
Pb I  6s26p8d          64.0380   9.1458    0.1598    6.0600    2.9266 LS99999999
   1.0539
6s26p7s -6s26p8s       0.0000    1.3056
6s26p7s -6s26p9s       0.0000    0.8146
6s26p7s -6s26p6d      -6.3655   -2.6732
6s26p7s -6s26p7d      -2.9734   -1.4309
6s26p7s -6s26p8d      -1.8936   -0.9632
6s26p8s -6s26p9s       0.0000    0.3846
6s26p8s -6s26p6d      -1.9105   -1.2018
6s26p8s -6s26p7d      -1.5987   -0.6686
6s26p8s -6s26p8d      -1.0719   -0.4555
6s26p9s -6s26p6d      -1.1428   -0.7583
6s26p9s -6s26p7d      -0.7985   -0.4252
6s26p9s -6s26p8d      -0.6641   -0.2904
6s26p6d -6s26p7d       0.0000    2.9086    2.3243    1.4343
6s26p6d -6s26p8d       0.0000    1.8757    1.6025    0.9925
6s26p7d -6s26p8d       0.0000    1.2158    0.9303    0.5817

