Hg I      5d106s2   5d106s7s  5d106s8s  5d106s9s  5d106s6d  5d106s7d
5d106s8d  5d106p2 
 PARAMETER VALUES,  CYCLE NUMBER  0,  AVDEV=   9.249
    0.0000   53.5623    1.2101   64.8272    0.3367   68.9676    0.1455
   61.8093    0.0250    0.8428   67.7205    0.0112    0.3488   70.3346
    0.0059    0.1786   88.4483   21.8504    3.8062    1.7019    0.8610
    0.5587   27.8631    0.0000    0.6371    0.0000    0.4183   -3.3291
    0.0000    0.2214   -1.6016   -1.0308    0.0000    0.5412    0.0000
    0.3865    8.4913    0.0000    0.2496    5.1350    3.5825
 PARAMETER VALUES,  CYCLE NUMBER  1,  AVDEV=   0.154
    2.5308   62.5997    1.2101   73.9914    0.3367   78.2079    0.1455
   71.5520    0.0380    1.5372   77.1725    0.0180    0.6086   79.7220
    0.0096    0.2943   98.1687   21.8504    3.8062    1.7019    0.8610
    0.5587   27.8631    0.0000    0.6371    0.0000    0.4183   -3.3291
    0.0000    0.2214   -1.6016   -1.0308    0.0000    0.5412    0.0000
    0.3865    8.4913    0.0000    0.2496    5.1350    3.5825
 PARAMETER VALUES,  CYCLE NUMBER  2,  AVDEV=   0.154
    2.5450   62.5987    1.2101   73.9912    0.3367   78.2078    0.1455
   71.5510    0.0331    1.6116   77.1722    0.0167    0.6295   79.7219
    0.0091    0.3024   98.1683   21.8504    3.8062    1.7019    0.8610
    0.5587   27.8631    0.0000    0.6371    0.0000    0.4183   -3.3291
    0.0000    0.2214   -1.6016   -1.0308    0.0000    0.5412    0.0000
    0.3865    8.4913    0.0000    0.2496    5.1350    3.5825
 PARAMETER VALUES,  CYCLE NUMBER  3,  AVDEV=   0.154
    2.5450   62.5987    1.2101   73.9912    0.3367   78.2078    0.1455
   71.5507    0.0320    1.5934   77.1722    0.0165    0.6283   79.7219
    0.0091    0.3022   98.1683   21.8504    3.8062    1.7019    0.8610
    0.5587   27.8631    0.0000    0.6371    0.0000    0.4183   -3.3291
    0.0000    0.2214   -1.6016   -1.0308    0.0000    0.5412    0.0000
    0.3865    8.4913    0.0000    0.2496    5.1350    3.5825
 PARAMETER VALUES,  CYCLE NUMBER  4,  AVDEV=   0.154
    2.5450   62.5987    1.2101   73.9912    0.3367   78.2078    0.1455
   71.5507    0.0322    1.5999   77.1722    0.0165    0.6285   79.7219
    0.0091    0.3022   98.1683   21.8504    3.8062    1.7019    0.8610
    0.5587   27.8631    0.0000    0.6371    0.0000    0.4183   -3.3291
    0.0000    0.2214   -1.6016   -1.0308    0.0000    0.5412    0.0000
    0.3865    8.4913    0.0000    0.2496    5.1350    3.5825
 PARAMETER VALUES,  CYCLE NUMBER  5,  AVDEV=   0.154
    2.5450   62.5987    1.2101   73.9912    0.3367   78.2078    0.1455
   71.5507    0.0321    1.5990   77.1722    0.0165    0.6285   79.7219
    0.0091    0.3022   98.1683   21.8504    3.8062    1.7019    0.8610
    0.5587   27.8631    0.0000    0.6371    0.0000    0.4183   -3.3291
    0.0000    0.2214   -1.6016   -1.0308    0.0000    0.5412    0.0000
    0.3865    8.4913    0.0000    0.2496    5.1350    3.5825
 PARAMETER VALUES FOR RCG INPUT
Hg I  5d106s2           2.5450
Hg I  5d106s7s         62.5987   1.2101
Hg I  5d106s8s         73.9912   0.3367
Hg I  5d106s9s         78.2078   0.1455
Hg I  5d106s6d         71.5507   0.0321    1.5990
Hg I  5d106s7d         77.1722   0.0165    0.6285
Hg I  5d106s8d         79.7219   0.0091    0.3022
Hg I  5d106p2          98.1683  21.8504    3.8062
5d106s2 -5d106s7s      1.7019
5d106s2 -5d106s8s      0.8610
5d106s2 -5d106s9s      0.5587
5d106s2 -5d106p2      27.8631
5d106s7s-5d106s8s      0.0000    0.6371
5d106s7s-5d106s9s      0.0000    0.4183
5d106s7s-5d106p2      -3.3291
5d106s8s-5d106s9s      0.0000    0.2214
5d106s8s-5d106p2      -1.6016
5d106s9s-5d106p2      -1.0308
5d106s6d-5d106s7d      0.0000    0.5412
5d106s6d-5d106s8d      0.0000    0.3865
5d106s6d-5d106p2       8.4913
5d106s7d-5d106s8d      0.0000    0.2496
5d106s7d-5d106p2       5.1350
5d106s8d-5d106p2       3.5825

Hg I      5d106s6p  5d106s7p  5d106s8p  5d106s9p  5d106s5f  5d106s6f
5d96s26p  5d96s27p
 PARAMETER VALUES,  CYCLE NUMBER  0,  AVDEV=   8.326
   36.9714    3.4901   25.6678   61.3116    0.5795    2.7715   67.5288
    0.2203    0.9641   70.2423    0.1086    0.4582   67.8553    0.0001
    0.0229   70.3745    0.0001    0.0184   75.7008    6.1541    4.8580
   14.8777    5.8595    4.6523  106.3091    6.1839    0.6224    1.9101
    0.6372    0.5317    0.0000    7.9887    0.0000    4.6347    0.0000
    3.1718  -20.5118  -12.4914  -11.3570   -3.1132   -3.5321    0.0000
    1.6328    0.0000    1.1244   -3.9172   -3.7469  -21.2443   -1.7924
   -1.2262    0.0000    0.6646   -2.2781   -2.2000    0.0000   -0.9974
   -0.7266   -1.5610   -1.5134    0.0000   -0.6773   -0.5017    0.0000
    0.0206    0.5017    0.2022   -0.2516    0.0569    0.4478    0.1840
   -0.1637    0.0520    0.0000    4.2836    1.9157    1.5626
 PARAMETER VALUES,  CYCLE NUMBER  1,  AVDEV=   0.308
   46.0074    4.4369   19.5902   69.7835    0.0000    4.6471   76.7806
    0.2328    1.0409   79.0808    0.0000    1.8257   77.1487    0.0000
    0.3163   79.7621    0.0734    0.0000   82.1440    5.9915    4.0362
   18.3949    2.6970    0.0000  111.2114    6.1839    0.6224    1.9101
    0.6372    0.5317    0.0000    7.9887    0.0000    4.6347    0.0000
    3.1718  -20.5118  -12.4914  -11.3570   -3.1132   -3.5321    0.0000
    1.6328    0.0000    1.1244   -3.9172   -3.7469  -21.2443   -1.7924
   -1.2262    0.0000    0.6646   -2.2781   -2.2000    0.0000   -0.9974
   -0.7266   -1.5610   -1.5134    0.0000   -0.6773   -0.5017    0.0000
    0.0206    0.5017    0.2022   -0.2516    0.0569    0.4478    0.1840
   -0.1637    0.0520    0.0000    4.2836    1.9157    1.5626
 PARAMETER VALUES,  CYCLE NUMBER  2,  AVDEV=   0.275
   45.9958    4.4106   19.4283   69.7691    0.0000    4.2036   76.8566
    0.2527    1.4384   78.9597    0.0000    0.0000   77.1156    0.0000
    0.5774   79.7159    0.0168    0.3845   82.1674    5.8493    4.3196
   15.7234    3.0869    0.0000  111.2099    6.1839    0.6224    1.9101
    0.6372    0.5317    0.0000    7.9887    0.0000    4.6347    0.0000
    3.1718  -20.5118  -12.4914  -11.3570   -3.1132   -3.5321    0.0000
    1.6328    0.0000    1.1244   -3.9172   -3.7469  -21.2443   -1.7924
   -1.2262    0.0000    0.6646   -2.2781   -2.2000    0.0000   -0.9974
   -0.7266   -1.5610   -1.5134    0.0000   -0.6773   -0.5017    0.0000
    0.0206    0.5017    0.2022   -0.2516    0.0569    0.4478    0.1840
   -0.1637    0.0520    0.0000    4.2836    1.9157    1.5626
 PARAMETER VALUES,  CYCLE NUMBER  3,  AVDEV=   0.358
   46.0248    4.4136   19.5253   69.8224    0.0000    4.3388   76.9279
    0.2175    1.9866   79.1711    0.0000    2.6404   77.4034    0.1500
    0.0000   79.7172    0.0296    0.0494   81.7916    5.7788    3.3050
   22.0972    3.4328    0.0000  111.2157    6.1839    0.6224    1.9101
    0.6372    0.5317    0.0000    7.9887    0.0000    4.6347    0.0000
    3.1718  -20.5118  -12.4914  -11.3570   -3.1132   -3.5321    0.0000
    1.6328    0.0000    1.1244   -3.9172   -3.7469  -21.2443   -1.7924
   -1.2262    0.0000    0.6646   -2.2781   -2.2000    0.0000   -0.9974
   -0.7266   -1.5610   -1.5134    0.0000   -0.6773   -0.5017    0.0000
    0.0206    0.5017    0.2022   -0.2516    0.0569    0.4478    0.1840
   -0.1637    0.0520    0.0000    4.2836    1.9157    1.5626
 PARAMETER VALUES,  CYCLE NUMBER  4,  AVDEV=   0.283
   46.0029    4.4088   19.4671   69.7402    0.0000    4.2920   76.8708
    0.1646    1.9504   78.9255    0.0000    0.0000   77.1735    0.0000
    0.0000   79.7141    0.0098    0.4511   82.0855    5.8274    3.9523
   17.0029    3.0632    0.0000  111.2113    6.1839    0.6224    1.9101
    0.6372    0.5317    0.0000    7.9887    0.0000    4.6347    0.0000
    3.1718  -20.5118  -12.4914  -11.3570   -3.1132   -3.5321    0.0000
    1.6328    0.0000    1.1244   -3.9172   -3.7469  -21.2443   -1.7924
   -1.2262    0.0000    0.6646   -2.2781   -2.2000    0.0000   -0.9974
   -0.7266   -1.5610   -1.5134    0.0000   -0.6773   -0.5017    0.0000
    0.0206    0.5017    0.2022   -0.2516    0.0569    0.4478    0.1840
   -0.1637    0.0520    0.0000    4.2836    1.9157    1.5626
 PARAMETER VALUES,  CYCLE NUMBER  5,  AVDEV=   0.318
   46.0115    4.4102   19.4644   69.8116    0.0000    4.2552   76.8754
    0.1995    1.6364   79.1635    0.0000    2.7539   77.2760    0.0222
    0.0000   79.7185    0.0372    0.0161   81.8344    5.7109    3.4993
   20.7614    3.6354    0.0000  111.2149    6.1839    0.6224    1.9101
    0.6372    0.5317    0.0000    7.9887    0.0000    4.6347    0.0000
    3.1718  -20.5118  -12.4914  -11.3570   -3.1132   -3.5321    0.0000
    1.6328    0.0000    1.1244   -3.9172   -3.7469  -21.2443   -1.7924
   -1.2262    0.0000    0.6646   -2.2781   -2.2000    0.0000   -0.9974
   -0.7266   -1.5610   -1.5134    0.0000   -0.6773   -0.5017    0.0000
    0.0206    0.5017    0.2022   -0.2516    0.0569    0.4478    0.1840
   -0.1637    0.0520    0.0000    4.2836    1.9157    1.5626
 PARAMETER VALUES,  CYCLE NUMBER  6,  AVDEV=   0.278
   46.0060    4.4111   19.4749   69.7698    0.0000    4.2957   76.8916
    0.2229    1.8888   78.8926    0.0000    0.0000   77.2346    0.0000
    0.0000   79.7128    0.0074    0.5641   82.0716    5.8462    3.9671
   17.2768    3.1179    0.0000  111.2114    6.1839    0.6224    1.9101
    0.6372    0.5317    0.0000    7.9887    0.0000    4.6347    0.0000
    3.1718  -20.5118  -12.4914  -11.3570   -3.1132   -3.5321    0.0000
    1.6328    0.0000    1.1244   -3.9172   -3.7469  -21.2443   -1.7924
   -1.2262    0.0000    0.6646   -2.2781   -2.2000    0.0000   -0.9974
   -0.7266   -1.5610   -1.5134    0.0000   -0.6773   -0.5017    0.0000
    0.0206    0.5017    0.2022   -0.2516    0.0569    0.4478    0.1840
   -0.1637    0.0520    0.0000    4.2836    1.9157    1.5626
 PARAMETER VALUES,  CYCLE NUMBER  7,  AVDEV=   0.320
   46.0102    4.4096   19.4586   69.8064    0.0000    4.2479   76.8671
    0.1973    1.6027   79.1817    0.0000    2.8307   77.2589    0.0148
    0.0000   79.7194    0.0410    0.0000   81.8362    5.7028    3.5082
   20.6711    3.6461    0.0000  111.2148    6.1839    0.6224    1.9101
    0.6372    0.5317    0.0000    7.9887    0.0000    4.6347    0.0000
    3.1718  -20.5118  -12.4914  -11.3570   -3.1132   -3.5321    0.0000
    1.6328    0.0000    1.1244   -3.9172   -3.7469  -21.2443   -1.7924
   -1.2262    0.0000    0.6646   -2.2781   -2.2000    0.0000   -0.9974
   -0.7266   -1.5610   -1.5134    0.0000   -0.6773   -0.5017    0.0000
    0.0206    0.5017    0.2022   -0.2516    0.0569    0.4478    0.1840
   -0.1637    0.0520    0.0000    4.2836    1.9157    1.5626
 PARAMETER VALUES,  CYCLE NUMBER  8,  AVDEV=   0.278
   46.0064    4.4114   19.4765   69.7743    0.0000    4.2958   76.8929
    0.2209    1.8857   78.8853    0.0000    0.0000   77.2429    0.0005
    0.0000   79.7125    0.0061    0.6025   82.0702    5.8493    3.9669
   17.3130    3.1232    0.0000  111.2114    6.1839    0.6224    1.9101
    0.6372    0.5317    0.0000    7.9887    0.0000    4.6347    0.0000
    3.1718  -20.5118  -12.4914  -11.3570   -3.1132   -3.5321    0.0000
    1.6328    0.0000    1.1244   -3.9172   -3.7469  -21.2443   -1.7924
   -1.2262    0.0000    0.6646   -2.2781   -2.2000    0.0000   -0.9974
   -0.7266   -1.5610   -1.5134    0.0000   -0.6773   -0.5017    0.0000
    0.0206    0.5017    0.2022   -0.2516    0.0569    0.4478    0.1840
   -0.1637    0.0520    0.0000    4.2836    1.9157    1.5626
 PARAMETER VALUES,  CYCLE NUMBER  9,  AVDEV=   0.320
   46.0100    4.4096   19.4578   69.8052    0.0000    4.2472   76.8655
    0.1970    1.5958   79.1838    0.0000    2.8266   77.2549    0.0095
    0.0000   79.7196    0.0419    0.0000   81.8379    5.7025    3.5126
   20.6335    3.6439    0.0000  111.2148    6.1839    0.6224    1.9101
    0.6372    0.5317    0.0000    7.9887    0.0000    4.6347    0.0000
    3.1718  -20.5118  -12.4914  -11.3570   -3.1132   -3.5321    0.0000
    1.6328    0.0000    1.1244   -3.9172   -3.7469  -21.2443   -1.7924
   -1.2262    0.0000    0.6646   -2.2781   -2.2000    0.0000   -0.9974
   -0.7266   -1.5610   -1.5134    0.0000   -0.6773   -0.5017    0.0000
    0.0206    0.5017    0.2022   -0.2516    0.0569    0.4478    0.1840
   -0.1637    0.0520    0.0000    4.2836    1.9157    1.5626
 PARAMETER VALUES,  CYCLE NUMBER 10,  AVDEV=   0.278
   46.0065    4.4115   19.4764   69.7754    0.0000    4.2950   76.8935
    0.2213    1.8852   78.8838    0.0000    0.0000   77.2448    0.0030
    0.0000   79.7124    0.0056    0.6024   82.0694    5.8492    3.9667
   17.3245    3.1270    0.0000  111.2114    6.1839    0.6224    1.9101
    0.6372    0.5317    0.0000    7.9887    0.0000    4.6347    0.0000
    3.1718  -20.5118  -12.4914  -11.3570   -3.1132   -3.5321    0.0000
    1.6328    0.0000    1.1244   -3.9172   -3.7469  -21.2443   -1.7924
   -1.2262    0.0000    0.6646   -2.2781   -2.2000    0.0000   -0.9974
   -0.7266   -1.5610   -1.5134    0.0000   -0.6773   -0.5017    0.0000
    0.0206    0.5017    0.2022   -0.2516    0.0569    0.4478    0.1840
   -0.1637    0.0520    0.0000    4.2836    1.9157    1.5626
 PARAMETER VALUES,  CYCLE NUMBER 11,  AVDEV=   0.321
   46.0100    4.4095   19.4576   69.8051    0.0000    4.2470   76.8651
    0.1968    1.5936   79.1861    0.0000    2.8427   77.2545    0.0085
    0.0000   79.7197    0.0424    0.0000   81.8366    5.7016    3.5100
   20.6489    3.6465    0.0000  111.2148    6.1839    0.6224    1.9101
    0.6372    0.5317    0.0000    7.9887    0.0000    4.6347    0.0000
    3.1718  -20.5118  -12.4914  -11.3570   -3.1132   -3.5321    0.0000
    1.6328    0.0000    1.1244   -3.9172   -3.7469  -21.2443   -1.7924
   -1.2262    0.0000    0.6646   -2.2781   -2.2000    0.0000   -0.9974
   -0.7266   -1.5610   -1.5134    0.0000   -0.6773   -0.5017    0.0000
    0.0206    0.5017    0.2022   -0.2516    0.0569    0.4478    0.1840
   -0.1637    0.0520    0.0000    4.2836    1.9157    1.5626
 PARAMETER VALUES,  CYCLE NUMBER 12,  AVDEV=   0.278
   46.0065    4.4115   19.4767   69.7753    0.0000    4.2954   76.8933
    0.2199    1.8874   78.8836    0.0000    0.0000   77.2450    0.0035
    0.0000   79.7124    0.0054    0.6021   82.0698    5.8497    3.9666
   17.3232    3.1251    0.0000  111.2114    6.1839    0.6224    1.9101
    0.6372    0.5317    0.0000    7.9887    0.0000    4.6347    0.0000
    3.1718  -20.5118  -12.4914  -11.3570   -3.1132   -3.5321    0.0000
    1.6328    0.0000    1.1244   -3.9172   -3.7469  -21.2443   -1.7924
   -1.2262    0.0000    0.6646   -2.2781   -2.2000    0.0000   -0.9974
   -0.7266   -1.5610   -1.5134    0.0000   -0.6773   -0.5017    0.0000
    0.0206    0.5017    0.2022   -0.2516    0.0569    0.4478    0.1840
   -0.1637    0.0520    0.0000    4.2836    1.9157    1.5626
 PARAMETER VALUES,  CYCLE NUMBER 13,  AVDEV=   0.321
   46.0100    4.4095   19.4576   69.8051    0.0000    4.2469   76.8650
    0.1968    1.5926   79.1860    0.0000    2.8419   77.2545    0.0085
    0.0000   79.7198    0.0426    0.0006   81.8367    5.7016    3.5103
   20.6471    3.6466    0.0000  111.2148    6.1839    0.6224    1.9101
    0.6372    0.5317    0.0000    7.9887    0.0000    4.6347    0.0000
    3.1718  -20.5118  -12.4914  -11.3570   -3.1132   -3.5321    0.0000
    1.6328    0.0000    1.1244   -3.9172   -3.7469  -21.2443   -1.7924
   -1.2262    0.0000    0.6646   -2.2781   -2.2000    0.0000   -0.9974
   -0.7266   -1.5610   -1.5134    0.0000   -0.6773   -0.5017    0.0000
    0.0206    0.5017    0.2022   -0.2516    0.0569    0.4478    0.1840
   -0.1637    0.0520    0.0000    4.2836    1.9157    1.5626
 PARAMETER VALUES,  CYCLE NUMBER 14,  AVDEV=   0.278
   46.0065    4.4115   19.4767   69.7753    0.0000    4.2954   76.8933
    0.2199    1.8881   78.8836    0.0000    0.0000   77.2450    0.0035
    0.0000   79.7123    0.0053    0.6006   82.0697    5.8497    3.9665
   17.3238    3.1251    0.0000  111.2114    6.1839    0.6224    1.9101
    0.6372    0.5317    0.0000    7.9887    0.0000    4.6347    0.0000
    3.1718  -20.5118  -12.4914  -11.3570   -3.1132   -3.5321    0.0000
    1.6328    0.0000    1.1244   -3.9172   -3.7469  -21.2443   -1.7924
   -1.2262    0.0000    0.6646   -2.2781   -2.2000    0.0000   -0.9974
   -0.7266   -1.5610   -1.5134    0.0000   -0.6773   -0.5017    0.0000
    0.0206    0.5017    0.2022   -0.2516    0.0569    0.4478    0.1840
   -0.1637    0.0520    0.0000    4.2836    1.9157    1.5626
 PARAMETER VALUES,  CYCLE NUMBER 15,  AVDEV=   0.321
   46.0100    4.4095   19.4576   69.8051    0.0000    4.2469   76.8650
    0.1968    1.5922   79.1861    0.0000    2.8419   77.2545    0.0085
    0.0000   79.7198    0.0426    0.0014   81.8367    5.7016    3.5103
   20.6467    3.6466    0.0000  111.2148    6.1839    0.6224    1.9101
    0.6372    0.5317    0.0000    7.9887    0.0000    4.6347    0.0000
    3.1718  -20.5118  -12.4914  -11.3570   -3.1132   -3.5321    0.0000
    1.6328    0.0000    1.1244   -3.9172   -3.7469  -21.2443   -1.7924
   -1.2262    0.0000    0.6646   -2.2781   -2.2000    0.0000   -0.9974
   -0.7266   -1.5610   -1.5134    0.0000   -0.6773   -0.5017    0.0000
    0.0206    0.5017    0.2022   -0.2516    0.0569    0.4478    0.1840
   -0.1637    0.0520    0.0000    4.2836    1.9157    1.5626
 PARAMETER VALUES,  CYCLE NUMBER 16,  AVDEV=   0.278
   46.0065    4.4115   19.4767   69.7753    0.0000    4.2954   76.8933
    0.2198    1.8884   78.8836    0.0000    0.0000   77.2450    0.0035
    0.0000   79.7123    0.0052    0.5990   82.0697    5.8497    3.9665
   17.3239    3.1251    0.0000  111.2114    6.1839    0.6224    1.9101
    0.6372    0.5317    0.0000    7.9887    0.0000    4.6347    0.0000
    3.1718  -20.5118  -12.4914  -11.3570   -3.1132   -3.5321    0.0000
    1.6328    0.0000    1.1244   -3.9172   -3.7469  -21.2443   -1.7924
   -1.2262    0.0000    0.6646   -2.2781   -2.2000    0.0000   -0.9974
   -0.7266   -1.5610   -1.5134    0.0000   -0.6773   -0.5017    0.0000
    0.0206    0.5017    0.2022   -0.2516    0.0569    0.4478    0.1840
   -0.1637    0.0520    0.0000    4.2836    1.9157    1.5626
 PARAMETER VALUES,  CYCLE NUMBER 17,  AVDEV=   0.321
   46.0100    4.4095   19.4576   69.8051    0.0000    4.2469   76.8650
    0.1968    1.5922   79.1860    0.0000    2.8417   77.2544    0.0085
    0.0000   79.7198    0.0427    0.0019   81.8367    5.7017    3.5104
   20.6463    3.6466    0.0000  111.2148    6.1839    0.6224    1.9101
    0.6372    0.5317    0.0000    7.9887    0.0000    4.6347    0.0000
    3.1718  -20.5118  -12.4914  -11.3570   -3.1132   -3.5321    0.0000
    1.6328    0.0000    1.1244   -3.9172   -3.7469  -21.2443   -1.7924
   -1.2262    0.0000    0.6646   -2.2781   -2.2000    0.0000   -0.9974
   -0.7266   -1.5610   -1.5134    0.0000   -0.6773   -0.5017    0.0000
    0.0206    0.5017    0.2022   -0.2516    0.0569    0.4478    0.1840
   -0.1637    0.0520    0.0000    4.2836    1.9157    1.5626
 PARAMETER VALUES,  CYCLE NUMBER 18,  AVDEV=   0.278
   46.0065    4.4115   19.4767   69.7754    0.0000    4.2954   76.8933
    0.2198    1.8884   78.8836    0.0000    0.0000   77.2450    0.0035
    0.0000   79.7123    0.0052    0.5977   82.0697    5.8497    3.9665
   17.3239    3.1251    0.0000  111.2114    6.1839    0.6224    1.9101
    0.6372    0.5317    0.0000    7.9887    0.0000    4.6347    0.0000
    3.1718  -20.5118  -12.4914  -11.3570   -3.1132   -3.5321    0.0000
    1.6328    0.0000    1.1244   -3.9172   -3.7469  -21.2443   -1.7924
   -1.2262    0.0000    0.6646   -2.2781   -2.2000    0.0000   -0.9974
   -0.7266   -1.5610   -1.5134    0.0000   -0.6773   -0.5017    0.0000
    0.0206    0.5017    0.2022   -0.2516    0.0569    0.4478    0.1840
   -0.1637    0.0520    0.0000    4.2836    1.9157    1.5626
 PARAMETER VALUES,  CYCLE NUMBER 19,  AVDEV=   0.321
   46.0100    4.4095   19.4576   69.8051    0.0000    4.2469   76.8650
    0.1968    1.5921   79.1860    0.0000    2.8416   77.2544    0.0085
    0.0000   79.7198    0.0427    0.0023   81.8367    5.7017    3.5104
   20.6461    3.6466    0.0000  111.2148    6.1839    0.6224    1.9101
    0.6372    0.5317    0.0000    7.9887    0.0000    4.6347    0.0000
    3.1718  -20.5118  -12.4914  -11.3570   -3.1132   -3.5321    0.0000
    1.6328    0.0000    1.1244   -3.9172   -3.7469  -21.2443   -1.7924
   -1.2262    0.0000    0.6646   -2.2781   -2.2000    0.0000   -0.9974
   -0.7266   -1.5610   -1.5134    0.0000   -0.6773   -0.5017    0.0000
    0.0206    0.5017    0.2022   -0.2516    0.0569    0.4478    0.1840
   -0.1637    0.0520    0.0000    4.2836    1.9157    1.5626
 PARAMETER VALUES,  CYCLE NUMBER 20,  AVDEV=   0.278
   46.0065    4.4115   19.4767   69.7754    0.0000    4.2954   76.8933
    0.2198    1.8884   78.8836    0.0000    0.0000   77.2450    0.0035
    0.0000   79.7123    0.0052    0.5968   82.0697    5.8497    3.9665
   17.3239    3.1252    0.0000  111.2114    6.1839    0.6224    1.9101
    0.6372    0.5317    0.0000    7.9887    0.0000    4.6347    0.0000
    3.1718  -20.5118  -12.4914  -11.3570   -3.1132   -3.5321    0.0000
    1.6328    0.0000    1.1244   -3.9172   -3.7469  -21.2443   -1.7924
   -1.2262    0.0000    0.6646   -2.2781   -2.2000    0.0000   -0.9974
   -0.7266   -1.5610   -1.5134    0.0000   -0.6773   -0.5017    0.0000
    0.0206    0.5017    0.2022   -0.2516    0.0569    0.4478    0.1840
   -0.1637    0.0520    0.0000    4.2836    1.9157    1.5626
 PARAMETER VALUES,  CYCLE NUMBER 21,  AVDEV=   0.321
   46.0100    4.4095   19.4576   69.8051    0.0000    4.2469   76.8650
    0.1968    1.5922   79.1860    0.0000    2.8414   77.2544    0.0085
    0.0000   79.7198    0.0427    0.0026   81.8367    5.7017    3.5104
   20.6459    3.6466    0.0000  111.2148    6.1839    0.6224    1.9101
    0.6372    0.5317    0.0000    7.9887    0.0000    4.6347    0.0000
    3.1718  -20.5118  -12.4914  -11.3570   -3.1132   -3.5321    0.0000
    1.6328    0.0000    1.1244   -3.9172   -3.7469  -21.2443   -1.7924
   -1.2262    0.0000    0.6646   -2.2781   -2.2000    0.0000   -0.9974
   -0.7266   -1.5610   -1.5134    0.0000   -0.6773   -0.5017    0.0000
    0.0206    0.5017    0.2022   -0.2516    0.0569    0.4478    0.1840
   -0.1637    0.0520    0.0000    4.2836    1.9157    1.5626
 PARAMETER VALUES,  CYCLE NUMBER 22,  AVDEV=   0.278
   46.0065    4.4115   19.4767   69.7754    0.0000    4.2954   76.8933
    0.2199    1.8884   78.8836    0.0000    0.0000   77.2450    0.0035
    0.0000   79.7123    0.0052    0.5962   82.0697    5.8497    3.9665
   17.3239    3.1252    0.0000  111.2114    6.1839    0.6224    1.9101
    0.6372    0.5317    0.0000    7.9887    0.0000    4.6347    0.0000
    3.1718  -20.5118  -12.4914  -11.3570   -3.1132   -3.5321    0.0000
    1.6328    0.0000    1.1244   -3.9172   -3.7469  -21.2443   -1.7924
   -1.2262    0.0000    0.6646   -2.2781   -2.2000    0.0000   -0.9974
   -0.7266   -1.5610   -1.5134    0.0000   -0.6773   -0.5017    0.0000
    0.0206    0.5017    0.2022   -0.2516    0.0569    0.4478    0.1840
   -0.1637    0.0520    0.0000    4.2836    1.9157    1.5626
 PARAMETER VALUES,  CYCLE NUMBER 23,  AVDEV=   0.321
   46.0100    4.4095   19.4576   69.8051    0.0000    4.2469   76.8650
    0.1968    1.5922   79.1860    0.0000    2.8414   77.2544    0.0085
    0.0000   79.7198    0.0427    0.0028   81.8368    5.7017    3.5105
   20.6458    3.6465    0.0000  111.2148    6.1839    0.6224    1.9101
    0.6372    0.5317    0.0000    7.9887    0.0000    4.6347    0.0000
    3.1718  -20.5118  -12.4914  -11.3570   -3.1132   -3.5321    0.0000
    1.6328    0.0000    1.1244   -3.9172   -3.7469  -21.2443   -1.7924
   -1.2262    0.0000    0.6646   -2.2781   -2.2000    0.0000   -0.9974
   -0.7266   -1.5610   -1.5134    0.0000   -0.6773   -0.5017    0.0000
    0.0206    0.5017    0.2022   -0.2516    0.0569    0.4478    0.1840
   -0.1637    0.0520    0.0000    4.2836    1.9157    1.5626
 PARAMETER VALUES,  CYCLE NUMBER 24,  AVDEV=   0.278
   46.0065    4.4115   19.4767   69.7754    0.0000    4.2954   76.8933
    0.2199    1.8884   78.8836    0.0000    0.0000   77.2450    0.0035
    0.0000   79.7123    0.0051    0.5958   82.0697    5.8497    3.9665
   17.3239    3.1252    0.0000  111.2114    6.1839    0.6224    1.9101
    0.6372    0.5317    0.0000    7.9887    0.0000    4.6347    0.0000
    3.1718  -20.5118  -12.4914  -11.3570   -3.1132   -3.5321    0.0000
    1.6328    0.0000    1.1244   -3.9172   -3.7469  -21.2443   -1.7924
   -1.2262    0.0000    0.6646   -2.2781   -2.2000    0.0000   -0.9974
   -0.7266   -1.5610   -1.5134    0.0000   -0.6773   -0.5017    0.0000
    0.0206    0.5017    0.2022   -0.2516    0.0569    0.4478    0.1840
   -0.1637    0.0520    0.0000    4.2836    1.9157    1.5626
 PARAMETER VALUES,  CYCLE NUMBER 25,  AVDEV=   0.321
   46.0100    4.4095   19.4576   69.8051    0.0000    4.2469   76.8650
    0.1968    1.5922   79.1860    0.0000    2.8413   77.2544    0.0085
    0.0000   79.7198    0.0427    0.0029   81.8368    5.7017    3.5105
   20.6458    3.6465    0.0000  111.2148    6.1839    0.6224    1.9101
    0.6372    0.5317    0.0000    7.9887    0.0000    4.6347    0.0000
    3.1718  -20.5118  -12.4914  -11.3570   -3.1132   -3.5321    0.0000
    1.6328    0.0000    1.1244   -3.9172   -3.7469  -21.2443   -1.7924
   -1.2262    0.0000    0.6646   -2.2781   -2.2000    0.0000   -0.9974
   -0.7266   -1.5610   -1.5134    0.0000   -0.6773   -0.5017    0.0000
    0.0206    0.5017    0.2022   -0.2516    0.0569    0.4478    0.1840
   -0.1637    0.0520    0.0000    4.2836    1.9157    1.5626
 PARAMETER VALUES,  CYCLE NUMBER 26,  AVDEV=   0.278
   46.0065    4.4115   19.4767   69.7754    0.0000    4.2954   76.8933
    0.2199    1.8884   78.8836    0.0000    0.0000   77.2450    0.0035
    0.0000   79.7123    0.0051    0.5955   82.0697    5.8497    3.9665
   17.3239    3.1252    0.0000  111.2114    6.1839    0.6224    1.9101
    0.6372    0.5317    0.0000    7.9887    0.0000    4.6347    0.0000
    3.1718  -20.5118  -12.4914  -11.3570   -3.1132   -3.5321    0.0000
    1.6328    0.0000    1.1244   -3.9172   -3.7469  -21.2443   -1.7924
   -1.2262    0.0000    0.6646   -2.2781   -2.2000    0.0000   -0.9974
   -0.7266   -1.5610   -1.5134    0.0000   -0.6773   -0.5017    0.0000
    0.0206    0.5017    0.2022   -0.2516    0.0569    0.4478    0.1840
   -0.1637    0.0520    0.0000    4.2836    1.9157    1.5626
 PARAMETER VALUES,  CYCLE NUMBER 27,  AVDEV=   0.321
   46.0100    4.4095   19.4576   69.8051    0.0000    4.2469   76.8650
    0.1968    1.5922   79.1860    0.0000    2.8412   77.2544    0.0085
    0.0000   79.7198    0.0427    0.0030   81.8368    5.7017    3.5105
   20.6457    3.6465    0.0000  111.2148    6.1839    0.6224    1.9101
    0.6372    0.5317    0.0000    7.9887    0.0000    4.6347    0.0000
    3.1718  -20.5118  -12.4914  -11.3570   -3.1132   -3.5321    0.0000
    1.6328    0.0000    1.1244   -3.9172   -3.7469  -21.2443   -1.7924
   -1.2262    0.0000    0.6646   -2.2781   -2.2000    0.0000   -0.9974
   -0.7266   -1.5610   -1.5134    0.0000   -0.6773   -0.5017    0.0000
    0.0206    0.5017    0.2022   -0.2516    0.0569    0.4478    0.1840
   -0.1637    0.0520    0.0000    4.2836    1.9157    1.5626
 PARAMETER VALUES,  CYCLE NUMBER 28,  AVDEV=   0.278
   46.0065    4.4115   19.4767   69.7754    0.0000    4.2954   76.8933
    0.2199    1.8883   78.8836    0.0000    0.0000   77.2450    0.0035
    0.0000   79.7123    0.0051    0.5954   82.0697    5.8497    3.9665
   17.3239    3.1252    0.0000  111.2114    6.1839    0.6224    1.9101
    0.6372    0.5317    0.0000    7.9887    0.0000    4.6347    0.0000
    3.1718  -20.5118  -12.4914  -11.3570   -3.1132   -3.5321    0.0000
    1.6328    0.0000    1.1244   -3.9172   -3.7469  -21.2443   -1.7924
   -1.2262    0.0000    0.6646   -2.2781   -2.2000    0.0000   -0.9974
   -0.7266   -1.5610   -1.5134    0.0000   -0.6773   -0.5017    0.0000
    0.0206    0.5017    0.2022   -0.2516    0.0569    0.4478    0.1840
   -0.1637    0.0520    0.0000    4.2836    1.9157    1.5626
 PARAMETER VALUES,  CYCLE NUMBER 29,  AVDEV=   0.321
   46.0100    4.4095   19.4576   69.8051    0.0000    4.2469   76.8650
    0.1968    1.5922   79.1860    0.0000    2.8412   77.2544    0.0085
    0.0000   79.7198    0.0427    0.0030   81.8368    5.7017    3.5105
   20.6457    3.6465    0.0000  111.2148    6.1839    0.6224    1.9101
    0.6372    0.5317    0.0000    7.9887    0.0000    4.6347    0.0000
    3.1718  -20.5118  -12.4914  -11.3570   -3.1132   -3.5321    0.0000
    1.6328    0.0000    1.1244   -3.9172   -3.7469  -21.2443   -1.7924
   -1.2262    0.0000    0.6646   -2.2781   -2.2000    0.0000   -0.9974
   -0.7266   -1.5610   -1.5134    0.0000   -0.6773   -0.5017    0.0000
    0.0206    0.5017    0.2022   -0.2516    0.0569    0.4478    0.1840
   -0.1637    0.0520    0.0000    4.2836    1.9157    1.5626
 PARAMETER VALUES,  CYCLE NUMBER 30,  AVDEV=   0.278
   46.0065    4.4115   19.4767   69.7754    0.0000    4.2954   76.8933
    0.2199    1.8883   78.8836    0.0000    0.0000   77.2450    0.0035
    0.0000   79.7123    0.0051    0.5952   82.0697    5.8497    3.9665
   17.3239    3.1252    0.0000  111.2114    6.1839    0.6224    1.9101
    0.6372    0.5317    0.0000    7.9887    0.0000    4.6347    0.0000
    3.1718  -20.5118  -12.4914  -11.3570   -3.1132   -3.5321    0.0000
    1.6328    0.0000    1.1244   -3.9172   -3.7469  -21.2443   -1.7924
   -1.2262    0.0000    0.6646   -2.2781   -2.2000    0.0000   -0.9974
   -0.7266   -1.5610   -1.5134    0.0000   -0.6773   -0.5017    0.0000
    0.0206    0.5017    0.2022   -0.2516    0.0569    0.4478    0.1840
   -0.1637    0.0520    0.0000    4.2836    1.9157    1.5626
 PARAMETER VALUES,  CYCLE NUMBER 31,  AVDEV=   0.321
   46.0100    4.4095   19.4576   69.8051    0.0000    4.2469   76.8650
    0.1968    1.5922   79.1860    0.0000    2.8412   77.2544    0.0085
    0.0000   79.7198    0.0427    0.0031   81.8368    5.7017    3.5105
   20.6457    3.6465    0.0000  111.2148    6.1839    0.6224    1.9101
    0.6372    0.5317    0.0000    7.9887    0.0000    4.6347    0.0000
    3.1718  -20.5118  -12.4914  -11.3570   -3.1132   -3.5321    0.0000
    1.6328    0.0000    1.1244   -3.9172   -3.7469  -21.2443   -1.7924
   -1.2262    0.0000    0.6646   -2.2781   -2.2000    0.0000   -0.9974
   -0.7266   -1.5610   -1.5134    0.0000   -0.6773   -0.5017    0.0000
    0.0206    0.5017    0.2022   -0.2516    0.0569    0.4478    0.1840
   -0.1637    0.0520    0.0000    4.2836    1.9157    1.5626
 PARAMETER VALUES,  CYCLE NUMBER 32,  AVDEV=   0.278
   46.0065    4.4115   19.4767   69.7754    0.0000    4.2954   76.8933
    0.2199    1.8883   78.8836    0.0000    0.0000   77.2450    0.0035
    0.0000   79.7123    0.0051    0.5952   82.0697    5.8497    3.9665
   17.3239    3.1252    0.0000  111.2114    6.1839    0.6224    1.9101
    0.6372    0.5317    0.0000    7.9887    0.0000    4.6347    0.0000
    3.1718  -20.5118  -12.4914  -11.3570   -3.1132   -3.5321    0.0000
    1.6328    0.0000    1.1244   -3.9172   -3.7469  -21.2443   -1.7924
   -1.2262    0.0000    0.6646   -2.2781   -2.2000    0.0000   -0.9974
   -0.7266   -1.5610   -1.5134    0.0000   -0.6773   -0.5017    0.0000
    0.0206    0.5017    0.2022   -0.2516    0.0569    0.4478    0.1840
   -0.1637    0.0520    0.0000    4.2836    1.9157    1.5626
 PARAMETER VALUES,  CYCLE NUMBER 33,  AVDEV=   0.321
   46.0100    4.4095   19.4576   69.8051    0.0000    4.2469   76.8650
    0.1968    1.5922   79.1860    0.0000    2.8412   77.2544    0.0085
    0.0000   79.7198    0.0427    0.0031   81.8368    5.7017    3.5105
   20.6457    3.6465    0.0000  111.2148    6.1839    0.6224    1.9101
    0.6372    0.5317    0.0000    7.9887    0.0000    4.6347    0.0000
    3.1718  -20.5118  -12.4914  -11.3570   -3.1132   -3.5321    0.0000
    1.6328    0.0000    1.1244   -3.9172   -3.7469  -21.2443   -1.7924
   -1.2262    0.0000    0.6646   -2.2781   -2.2000    0.0000   -0.9974
   -0.7266   -1.5610   -1.5134    0.0000   -0.6773   -0.5017    0.0000
    0.0206    0.5017    0.2022   -0.2516    0.0569    0.4478    0.1840
   -0.1637    0.0520    0.0000    4.2836    1.9157    1.5626
 PARAMETER VALUES,  CYCLE NUMBER 34,  AVDEV=   0.278
   46.0065    4.4115   19.4767   69.7754    0.0000    4.2954   76.8933
    0.2199    1.8883   78.8836    0.0000    0.0000   77.2450    0.0035
    0.0000   79.7123    0.0051    0.5951   82.0697    5.8497    3.9665
   17.3239    3.1252    0.0000  111.2114    6.1839    0.6224    1.9101
    0.6372    0.5317    0.0000    7.9887    0.0000    4.6347    0.0000
    3.1718  -20.5118  -12.4914  -11.3570   -3.1132   -3.5321    0.0000
    1.6328    0.0000    1.1244   -3.9172   -3.7469  -21.2443   -1.7924
   -1.2262    0.0000    0.6646   -2.2781   -2.2000    0.0000   -0.9974
   -0.7266   -1.5610   -1.5134    0.0000   -0.6773   -0.5017    0.0000
    0.0206    0.5017    0.2022   -0.2516    0.0569    0.4478    0.1840
   -0.1637    0.0520    0.0000    4.2836    1.9157    1.5626
 PARAMETER VALUES,  CYCLE NUMBER 35,  AVDEV=   0.321
   46.0100    4.4095   19.4576   69.8051    0.0000    4.2469   76.8650
    0.1968    1.5922   79.1860    0.0000    2.8412   77.2544    0.0085
    0.0000   79.7198    0.0427    0.0031   81.8368    5.7017    3.5105
   20.6456    3.6465    0.0000  111.2148    6.1839    0.6224    1.9101
    0.6372    0.5317    0.0000    7.9887    0.0000    4.6347    0.0000
    3.1718  -20.5118  -12.4914  -11.3570   -3.1132   -3.5321    0.0000
    1.6328    0.0000    1.1244   -3.9172   -3.7469  -21.2443   -1.7924
   -1.2262    0.0000    0.6646   -2.2781   -2.2000    0.0000   -0.9974
   -0.7266   -1.5610   -1.5134    0.0000   -0.6773   -0.5017    0.0000
    0.0206    0.5017    0.2022   -0.2516    0.0569    0.4478    0.1840
   -0.1637    0.0520    0.0000    4.2836    1.9157    1.5626
 PARAMETER VALUES,  CYCLE NUMBER 36,  AVDEV=   0.278
   46.0065    4.4115   19.4767   69.7754    0.0000    4.2954   76.8933
    0.2199    1.8883   78.8836    0.0000    0.0000   77.2450    0.0035
    0.0000   79.7123    0.0051    0.5951   82.0697    5.8497    3.9665
   17.3239    3.1252    0.0000  111.2114    6.1839    0.6224    1.9101
    0.6372    0.5317    0.0000    7.9887    0.0000    4.6347    0.0000
    3.1718  -20.5118  -12.4914  -11.3570   -3.1132   -3.5321    0.0000
    1.6328    0.0000    1.1244   -3.9172   -3.7469  -21.2443   -1.7924
   -1.2262    0.0000    0.6646   -2.2781   -2.2000    0.0000   -0.9974
   -0.7266   -1.5610   -1.5134    0.0000   -0.6773   -0.5017    0.0000
    0.0206    0.5017    0.2022   -0.2516    0.0569    0.4478    0.1840
   -0.1637    0.0520    0.0000    4.2836    1.9157    1.5626
 PARAMETER VALUES,  CYCLE NUMBER 37,  AVDEV=   0.321
   46.0100    4.4095   19.4576   69.8051    0.0000    4.2469   76.8650
    0.1968    1.5922   79.1860    0.0000    2.8412   77.2544    0.0085
    0.0000   79.7198    0.0427    0.0031   81.8368    5.7017    3.5105
   20.6456    3.6465    0.0000  111.2148    6.1839    0.6224    1.9101
    0.6372    0.5317    0.0000    7.9887    0.0000    4.6347    0.0000
    3.1718  -20.5118  -12.4914  -11.3570   -3.1132   -3.5321    0.0000
    1.6328    0.0000    1.1244   -3.9172   -3.7469  -21.2443   -1.7924
   -1.2262    0.0000    0.6646   -2.2781   -2.2000    0.0000   -0.9974
   -0.7266   -1.5610   -1.5134    0.0000   -0.6773   -0.5017    0.0000
    0.0206    0.5017    0.2022   -0.2516    0.0569    0.4478    0.1840
   -0.1637    0.0520    0.0000    4.2836    1.9157    1.5626
 PARAMETER VALUES,  CYCLE NUMBER 38,  AVDEV=   0.278
   46.0065    4.4115   19.4767   69.7754    0.0000    4.2954   76.8933
    0.2199    1.8883   78.8836    0.0000    0.0000   77.2450    0.0035
    0.0000   79.7123    0.0051    0.5950   82.0697    5.8497    3.9665
   17.3239    3.1252    0.0000  111.2114    6.1839    0.6224    1.9101
    0.6372    0.5317    0.0000    7.9887    0.0000    4.6347    0.0000
    3.1718  -20.5118  -12.4914  -11.3570   -3.1132   -3.5321    0.0000
    1.6328    0.0000    1.1244   -3.9172   -3.7469  -21.2443   -1.7924
   -1.2262    0.0000    0.6646   -2.2781   -2.2000    0.0000   -0.9974
   -0.7266   -1.5610   -1.5134    0.0000   -0.6773   -0.5017    0.0000
    0.0206    0.5017    0.2022   -0.2516    0.0569    0.4478    0.1840
   -0.1637    0.0520    0.0000    4.2836    1.9157    1.5626
 PARAMETER VALUES,  CYCLE NUMBER 39,  AVDEV=   0.321
   46.0100    4.4095   19.4576   69.8051    0.0000    4.2469   76.8650
    0.1968    1.5922   79.1860    0.0000    2.8412   77.2544    0.0085
    0.0000   79.7198    0.0427    0.0031   81.8368    5.7017    3.5105
   20.6456    3.6465    0.0000  111.2148    6.1839    0.6224    1.9101
    0.6372    0.5317    0.0000    7.9887    0.0000    4.6347    0.0000
    3.1718  -20.5118  -12.4914  -11.3570   -3.1132   -3.5321    0.0000
    1.6328    0.0000    1.1244   -3.9172   -3.7469  -21.2443   -1.7924
   -1.2262    0.0000    0.6646   -2.2781   -2.2000    0.0000   -0.9974
   -0.7266   -1.5610   -1.5134    0.0000   -0.6773   -0.5017    0.0000
    0.0206    0.5017    0.2022   -0.2516    0.0569    0.4478    0.1840
   -0.1637    0.0520    0.0000    4.2836    1.9157    1.5626
 PARAMETER VALUES,  CYCLE NUMBER 40,  AVDEV=   0.278
   46.0065    4.4115   19.4767   69.7754    0.0000    4.2954   76.8933
    0.2199    1.8883   78.8836    0.0000    0.0000   77.2450    0.0035
    0.0000   79.7123    0.0051    0.5950   82.0697    5.8497    3.9665
   17.3239    3.1252    0.0000  111.2114    6.1839    0.6224    1.9101
    0.6372    0.5317    0.0000    7.9887    0.0000    4.6347    0.0000
    3.1718  -20.5118  -12.4914  -11.3570   -3.1132   -3.5321    0.0000
    1.6328    0.0000    1.1244   -3.9172   -3.7469  -21.2443   -1.7924
   -1.2262    0.0000    0.6646   -2.2781   -2.2000    0.0000   -0.9974
   -0.7266   -1.5610   -1.5134    0.0000   -0.6773   -0.5017    0.0000
    0.0206    0.5017    0.2022   -0.2516    0.0569    0.4478    0.1840
   -0.1637    0.0520    0.0000    4.2836    1.9157    1.5626
 PARAMETER VALUES FOR RCG INPUT
Hg I  5d106s6p         46.0065   4.4115   19.4767
Hg I  5d106s7p         69.7754   0.0000    4.2954
Hg I  5d106s8p         76.8933   0.2199    1.8883
Hg I  5d106s9p         78.8836   0.0000    0.0000
Hg I  5d106s5f         77.2450   0.0035    0.0000
Hg I  5d106s6f         79.7123   0.0051    0.5950
Hg I  5d96s26p         82.0697   5.8497    3.9665   17.3239    3.1252 LS99999999
   0.0000
Hg I  5d96s27p        111.2114   6.1839    0.6224    1.9101    0.6372 LS99999999
   0.5317
5d106s6p-5d106s7p      0.0000    7.9887
5d106s6p-5d106s8p      0.0000    4.6347
5d106s6p-5d106s9p      0.0000    3.1718
5d106s6p-5d96s26p    -20.5118  -12.4914  -11.3570
5d106s6p-5d96s27p     -3.1132   -3.5321
5d106s7p-5d106s8p      0.0000    1.6328
5d106s7p-5d106s9p      0.0000    1.1244
5d106s7p-5d96s26p     -3.9172   -3.7469
5d106s7p-5d96s27p    -21.2443   -1.7924   -1.2262
5d106s8p-5d106s9p      0.0000    0.6646
5d106s8p-5d96s26p     -2.2781   -2.2000
5d106s8p-5d96s27p      0.0000   -0.9974   -0.7266
5d106s9p-5d96s26p     -1.5610   -1.5134
5d106s9p-5d96s27p      0.0000   -0.6773   -0.5017
5d106s5f-5d106s6f      0.0000    0.0206
5d106s5f-5d96s26p      0.5017    0.2022
5d106s5f-5d96s27p     -0.2516    0.0569
5d106s6f-5d96s26p      0.4478    0.1840
5d106s6f-5d96s27p     -0.1637    0.0520
5d96s26p-5d96s27p      0.0000    4.2836    1.9157    1.5626

