Cd I      4d105s2   4d105s6s  4d105s7s  4d105s8s  4d105s5d  4d105s6d
4d105s7d  4d105p2 
 PARAMETER VALUES,  CYCLE NUMBER  0,  AVDEV=   7.742
    0.0000   44.6020    1.3344   55.3259    0.3741   59.3159    0.1626
   51.7530    0.0073    1.4659   57.8554    0.0031    0.5719   60.5130
    0.0016    0.2881   68.2658   21.5071    0.9464    1.7327    0.8763
    0.5698   28.9263    0.0000    0.7048    0.0000    0.4638   -2.2389
    0.0000    0.2466   -1.0977   -0.7130    0.0000    0.9129    0.0000
    0.6461   10.1145    0.0000    0.4058    5.9478    4.1182
 PARAMETER VALUES,  CYCLE NUMBER  1,  AVDEV=   0.143
    3.3317   51.7757    1.3344   62.5915    0.3741   66.6617    0.1626
   59.7690    0.0121    2.6321   65.4388    0.0055    0.7795   68.0215
    0.0029    0.2845   77.8148   21.5071    0.9464    1.7327    0.8763
    0.5698   28.9263    0.0000    0.7048    0.0000    0.4638   -2.2389
    0.0000    0.2466   -1.0977   -0.7130    0.0000    0.9129    0.0000
    0.6461   10.1145    0.0000    0.4058    5.9478    4.1182
 PARAMETER VALUES,  CYCLE NUMBER  2,  AVDEV=   0.143
    3.3500   51.7751    1.3344   62.5914    0.3741   66.6616    0.1626
   59.7701    0.0121    2.6448   65.4408    0.0055    0.8001   68.0226
    0.0029    0.2957   77.8146   21.5071    0.9464    1.7327    0.8763
    0.5698   28.9263    0.0000    0.7048    0.0000    0.4638   -2.2389
    0.0000    0.2466   -1.0977   -0.7130    0.0000    0.9129    0.0000
    0.6461   10.1145    0.0000    0.4058    5.9478    4.1182
 PARAMETER VALUES,  CYCLE NUMBER  3,  AVDEV=   0.143
    3.3500   51.7751    1.3344   62.5914    0.3741   66.6616    0.1626
   59.7701    0.0121    2.6448   65.4408    0.0055    0.8001   68.0226
    0.0029    0.2957   77.8146   21.5071    0.9464    1.7327    0.8763
    0.5698   28.9263    0.0000    0.7048    0.0000    0.4638   -2.2389
    0.0000    0.2466   -1.0977   -0.7130    0.0000    0.9129    0.0000
    0.6461   10.1145    0.0000    0.4058    5.9478    4.1182
 PARAMETER VALUES FOR RCG INPUT
Cd I  4d105s2           3.3500
Cd I  4d105s6s         51.7751   1.3344
Cd I  4d105s7s         62.5914   0.3741
Cd I  4d105s8s         66.6616   0.1626
Cd I  4d105s5d         59.7701   0.0121    2.6448
Cd I  4d105s6d         65.4408   0.0055    0.8001
Cd I  4d105s7d         68.0226   0.0029    0.2957
Cd I  4d105p2          77.8146  21.5071    0.9464
4d105s2 -4d105s6s      1.7327
4d105s2 -4d105s7s      0.8763
4d105s2 -4d105s8s      0.5698
4d105s2 -4d105p2      28.9263
4d105s6s-4d105s7s      0.0000    0.7048
4d105s6s-4d105s8s      0.0000    0.4638
4d105s6s-4d105p2      -2.2389
4d105s7s-4d105s8s      0.0000    0.2466
4d105s7s-4d105p2      -1.0977
4d105s8s-4d105p2      -0.7130
4d105s5d-4d105s6d      0.0000    0.9129
4d105s5d-4d105s7d      0.0000    0.6461
4d105s5d-4d105p2      10.1145
4d105s6d-4d105s7d      0.0000    0.4058
4d105s6d-4d105p2       5.9478
4d105s7d-4d105p2       4.1182

Cd I      4d105s5p  4d105s6p  4d105s7p  4d105s8p  4d105s4f  4d105s5f
4d95s25p  4d95s26p
 PARAMETER VALUES,  CYCLE NUMBER  0,  AVDEV=   7.040
   27.3409    0.8677   27.1964   51.5461    0.1544    2.9019   57.7626
    0.0587    0.9939   60.4711    0.0290    0.4699   58.0910    0.0001
    0.0319   60.6027    0.0000    0.0251   92.7751    2.1899    1.3039
   12.9659    4.3602    3.6252  124.6239    2.1960    0.1717    1.6804
    0.5041    0.4363    0.0000    8.2297    0.0000    4.7054    0.0000
    3.2018  -10.7628   -9.7347   -9.4670   -2.4114   -3.0074    0.0000
    1.6956    0.0000    1.1640   -3.1626   -3.1571  -11.2730   -1.4373
   -1.0588    0.0000    0.6833   -1.8378   -1.8427    0.0000   -0.8038
   -0.6242   -1.2594   -1.2651    0.0000   -0.5468   -0.4303    0.0000
    0.0283    0.3850    0.1674   -0.2040    0.0474    0.3422    0.1514
   -0.1344    0.0431    0.0000    3.8354    1.4741    1.2523
 PARAMETER VALUES,  CYCLE NUMBER  1,  AVDEV=   1.555
   35.0445    1.1651   19.5884   58.6852    0.1552    2.3844   65.0916
    0.0637    0.6073   67.8515    0.0271    0.1569   58.0910    0.0001
    0.0319   60.6027    0.0000    0.0251   99.4946    2.1899    1.3039
   12.9659    4.3602    3.6252  129.4614    2.1960    0.1717    1.6804
    0.5041    0.4363    0.0000    8.2297    0.0000    4.7054    0.0000
    3.2018  -10.7628   -9.7347   -9.4670   -2.4114   -3.0074    0.0000
    1.6956    0.0000    1.1640   -3.1626   -3.1571  -11.2730   -1.4373
   -1.0588    0.0000    0.6833   -1.8378   -1.8427    0.0000   -0.8038
   -0.6242   -1.2594   -1.2651    0.0000   -0.5468   -0.4303    0.0000
    0.0283    0.3850    0.1674   -0.2040    0.0474    0.3422    0.1514
   -0.1344    0.0431    0.0000    3.8354    1.4741    1.2523
 PARAMETER VALUES,  CYCLE NUMBER  2,  AVDEV=   1.555
   35.0500    1.1636   19.5961   58.6815    0.1548    2.3684   65.0906
    0.0635    0.6017   67.8514    0.0281    0.1509   58.0910    0.0001
    0.0319   60.6027    0.0000    0.0251   99.4940    2.1899    1.3039
   12.9659    4.3602    3.6252  129.4613    2.1960    0.1717    1.6804
    0.5041    0.4363    0.0000    8.2297    0.0000    4.7054    0.0000
    3.2018  -10.7628   -9.7347   -9.4670   -2.4114   -3.0074    0.0000
    1.6956    0.0000    1.1640   -3.1626   -3.1571  -11.2730   -1.4373
   -1.0588    0.0000    0.6833   -1.8378   -1.8427    0.0000   -0.8038
   -0.6242   -1.2594   -1.2651    0.0000   -0.5468   -0.4303    0.0000
    0.0283    0.3850    0.1674   -0.2040    0.0474    0.3422    0.1514
   -0.1344    0.0431    0.0000    3.8354    1.4741    1.2523
 PARAMETER VALUES,  CYCLE NUMBER  3,  AVDEV=   1.555
   35.0500    1.1636   19.5961   58.6815    0.1548    2.3684   65.0906
    0.0635    0.6017   67.8515    0.0281    0.1509   58.0910    0.0001
    0.0319   60.6027    0.0000    0.0251   99.4940    2.1899    1.3039
   12.9659    4.3602    3.6252  129.4613    2.1960    0.1717    1.6804
    0.5041    0.4363    0.0000    8.2297    0.0000    4.7054    0.0000
    3.2018  -10.7628   -9.7347   -9.4670   -2.4114   -3.0074    0.0000
    1.6956    0.0000    1.1640   -3.1626   -3.1571  -11.2730   -1.4373
   -1.0588    0.0000    0.6833   -1.8378   -1.8427    0.0000   -0.8038
   -0.6242   -1.2594   -1.2651    0.0000   -0.5468   -0.4303    0.0000
    0.0283    0.3850    0.1674   -0.2040    0.0474    0.3422    0.1514
   -0.1344    0.0431    0.0000    3.8354    1.4741    1.2523
 PARAMETER VALUES FOR RCG INPUT
Cd I  4d105s5p         35.0500   1.1636   19.5961
Cd I  4d105s6p         58.6815   0.1548    2.3684
Cd I  4d105s7p         65.0906   0.0635    0.6017
Cd I  4d105s8p         67.8515   0.0281    0.1509
Cd I  4d105s4f         58.0910   0.0001    0.0319
Cd I  4d105s5f         60.6027   0.0000    0.0251
Cd I  4d95s25p         99.4940   2.1899    1.3039   12.9659    4.3602 LS99999999
   3.6252
Cd I  4d95s26p        129.4613   2.1960    0.1717    1.6804    0.5041 LS99999999
   0.4363
4d105s5p-4d105s6p      0.0000    8.2297
4d105s5p-4d105s7p      0.0000    4.7054
4d105s5p-4d105s8p      0.0000    3.2018
4d105s5p-4d95s25p    -10.7628   -9.7347   -9.4670
4d105s5p-4d95s26p     -2.4114   -3.0074
4d105s6p-4d105s7p      0.0000    1.6956
4d105s6p-4d105s8p      0.0000    1.1640
4d105s6p-4d95s25p     -3.1626   -3.1571
4d105s6p-4d95s26p    -11.2730   -1.4373   -1.0588
4d105s7p-4d105s8p      0.0000    0.6833
4d105s7p-4d95s25p     -1.8378   -1.8427
4d105s7p-4d95s26p      0.0000   -0.8038   -0.6242
4d105s8p-4d95s25p     -1.2594   -1.2651
4d105s8p-4d95s26p      0.0000   -0.5468   -0.4303
4d105s4f-4d105s5f      0.0000    0.0283
4d105s4f-4d95s25p      0.3850    0.1674
4d105s4f-4d95s26p     -0.2040    0.0474
4d105s5f-4d95s25p      0.3422    0.1514
4d105s5f-4d95s26p     -0.1344    0.0431
4d95s25p-4d95s26p      0.0000    3.8354    1.4741    1.2523

