Ag I      4d105s    4d95s2    4d106s    4d107s    4d108s    4d105d  
4d106d  
 PARAMETER VALUES,  CYCLE NUMBER  0,  AVDEV=   0.022
    0.0000   32.0500    1.7505   42.5561   51.8870   55.5812   48.7487
    0.0059   54.2066    0.0028  -11.1642   -1.6634   -1.1393
 PARAMETER VALUES,  CYCLE NUMBER  1,  AVDEV=   0.022
    0.0000   32.0500    1.7505   42.5561   51.8870   55.5812   48.7487
    0.0059   54.2066    0.0028  -11.1642   -1.6634   -1.1393
 PARAMETER VALUES FOR RCG INPUT
Ag I  4d105s            0.0000
Ag I  4d95s2           32.0500   1.7505
Ag I  4d106s           42.5561
Ag I  4d107s           51.8870
Ag I  4d108s           55.5812
Ag I  4d105d           48.7487   0.0059
Ag I  4d106d           54.2066   0.0028
4d105s  -4d95s2      -11.1642
4d95s2  -4d105d       -1.6634
4d95s2  -4d106d       -1.1393

Ag I      4d105p    4d95s5p   4d106p    4d107p    4d108p    4d104f  
4d105f  
 PARAMETER VALUES,  CYCLE NUMBER  0,  AVDEV=   3.006
   30.5845    0.4875   63.8731    1.7628    0.8129   10.5473    9.7231
    3.7204    2.9609   26.8653   48.5382    0.1153   54.1493    0.0475
   56.6885    0.0242   54.2070    0.0001   56.7451    0.0000  -11.4233
   -8.4918   -8.1939    0.0000   -3.1633   -3.1924    0.0000   -1.8933
   -1.9295    0.0000   -1.3104   -1.3410    0.4390    0.1754    0.3888
    0.1592
 PARAMETER VALUES,  CYCLE NUMBER  1,  AVDEV=   1.843
   30.6850    0.4875   63.9798    0.8678    0.4115   14.5536   19.7225
    2.4852    7.9639   21.1836   48.5777    0.1153   54.1698    0.0475
   57.2769    0.0242   54.8313    0.0001   57.3443    0.0000  -11.4233
   -8.4918   -8.1939    0.0000   -3.1633   -3.1924    0.0000   -1.8933
   -1.9295    0.0000   -1.3104   -1.3410    0.4390    0.1754    0.3888
    0.1592
 PARAMETER VALUES,  CYCLE NUMBER  2,  AVDEV=   1.482
   30.6784    0.4875   63.9242    0.0000    0.0000   19.7069   12.4305
    6.4543   14.4115   19.6354   48.5633    0.1153   54.1521    0.0475
   57.6083    0.0242   55.2153    0.0001   57.7524    0.0000  -11.4233
   -8.4918   -8.1939    0.0000   -3.1633   -3.1924    0.0000   -1.8933
   -1.9295    0.0000   -1.3104   -1.3410    0.4390    0.1754    0.3888
    0.1592
 PARAMETER VALUES,  CYCLE NUMBER  3,  AVDEV=   1.632
   30.7365    0.4875   64.0097    0.0320    1.3702   13.7788   19.8505
    1.0150    4.4124   19.0109   48.5967    0.1153   54.1769    0.0475
   57.6224    0.0242   55.2151    0.0001   57.7421    0.0000  -11.4233
   -8.4918   -8.1939    0.0000   -3.1633   -3.1924    0.0000   -1.8933
   -1.9295    0.0000   -1.3104   -1.3410    0.4390    0.1754    0.3888
    0.1592
 PARAMETER VALUES,  CYCLE NUMBER  4,  AVDEV=   1.620
   30.6719    0.4875   63.9654    0.0000    0.2825   17.5715   10.4549
    4.8981   11.8536   21.1538   48.5562    0.1153   54.1441    0.0475
   57.5872    0.0242   55.2154    0.0001   57.7420    0.0000  -11.4233
   -8.4918   -8.1939    0.0000   -3.1633   -3.1924    0.0000   -1.8933
   -1.9295    0.0000   -1.3104   -1.3410    0.4390    0.1754    0.3888
    0.1592
 PARAMETER VALUES,  CYCLE NUMBER  5,  AVDEV=   1.427
   30.7118    0.4875   63.9740    0.0000    0.9426   15.3752   17.2953
    2.7895    7.2090   19.0264   48.5838    0.1153   54.1681    0.0475
   57.6137    0.0242   55.2152    0.0001   57.7416    0.0000  -11.4233
   -8.4918   -8.1939    0.0000   -3.1633   -3.1924    0.0000   -1.8933
   -1.9295    0.0000   -1.3104   -1.3410    0.4390    0.1754    0.3888
    0.1592
 PARAMETER VALUES,  CYCLE NUMBER  6,  AVDEV=   1.365
   30.6969    0.4875   63.9484    0.0000    0.3911   16.8263   14.9732
    4.3013    9.9840   19.0140   48.5752    0.1153   54.1620    0.0475
   57.6083    0.0242   55.2147    0.0001   57.7417    0.0000  -11.4233
   -8.4918   -8.1939    0.0000   -3.1633   -3.1924    0.0000   -1.8933
   -1.9295    0.0000   -1.3104   -1.3410    0.4390    0.1754    0.3888
    0.1592
 PARAMETER VALUES,  CYCLE NUMBER  7,  AVDEV=   1.325
   30.7205    0.4875   63.9453    0.0000    0.5508   15.8360   19.1512
    3.3296    7.5118   17.6235   48.5893    0.1153   54.1729    0.0475
   57.6188    0.0242   55.2151    0.0001   57.7416    0.0000  -11.4233
   -8.4918   -8.1939    0.0000   -3.1633   -3.1924    0.0000   -1.8933
   -1.9295    0.0000   -1.3104   -1.3410    0.4390    0.1754    0.3888
    0.1592
 PARAMETER VALUES,  CYCLE NUMBER  8,  AVDEV=   1.322
   30.7067    0.4875   63.9271    0.0000    0.0000   16.8127   16.9823
    4.3572    9.1572   18.1125   48.5811    0.1153   54.1667    0.0475
   57.6134    0.0242   55.2152    0.0001   57.7417    0.0000  -11.4233
   -8.4918   -8.1939    0.0000   -3.1633   -3.1924    0.0000   -1.8933
   -1.9295    0.0000   -1.3104   -1.3410    0.4390    0.1754    0.3888
    0.1592
 PARAMETER VALUES,  CYCLE NUMBER  9,  AVDEV=   1.311
   30.7236    0.4875   63.9355    0.0000    0.1940   15.9863   19.7649
    3.4967    7.4195   17.3425   48.5905    0.1153   54.1732    0.0475
   57.6191    0.0242   55.2152    0.0001   57.7416    0.0000  -11.4233
   -8.4918   -8.1939    0.0000   -3.1633   -3.1924    0.0000   -1.8933
   -1.9295    0.0000   -1.3104   -1.3410    0.4390    0.1754    0.3888
    0.1592
 PARAMETER VALUES,  CYCLE NUMBER 10,  AVDEV=   1.302
   30.7182    0.4875   63.9157    0.0000    0.0000   16.6022   19.0727
    4.2478    8.2666   17.2583   48.5871    0.1153   54.1706    0.0475
   57.6167    0.0242   55.2152    0.0001   57.7416    0.0000  -11.4233
   -8.4918   -8.1939    0.0000   -3.1633   -3.1924    0.0000   -1.8933
   -1.9295    0.0000   -1.3104   -1.3410    0.4390    0.1754    0.3888
    0.1592
 PARAMETER VALUES,  CYCLE NUMBER 11,  AVDEV=   1.370
   30.7625    0.4875   63.9455    0.0000    0.0000   14.6136   26.1664
    2.0794    4.4096   15.1319   48.6111    0.1153   54.1873    0.0475
   57.6309    0.0242   55.2150    0.0001   57.7414    0.0000  -11.4233
   -8.4918   -8.1939    0.0000   -3.1633   -3.1924    0.0000   -1.8933
   -1.9295    0.0000   -1.3104   -1.3410    0.4390    0.1754    0.3888
    0.1592
 PARAMETER VALUES,  CYCLE NUMBER 12,  AVDEV=   1.653
   30.8261    0.4875   63.9519    0.0000    0.0000   14.6324   36.1662
    1.9793    5.0610    8.9060   48.6451    0.1153   54.2111    0.0475
   57.6512    0.0242   55.2149    0.0001   57.7412    0.0000  -11.4233
   -8.4918   -8.1939    0.0000   -3.1633   -3.1924    0.0000   -1.8933
   -1.9295    0.0000   -1.3104   -1.3410    0.4390    0.1754    0.3888
    0.1592
 PARAMETER VALUES,  CYCLE NUMBER 13,  AVDEV=   1.285
   30.8106    0.4875   63.9702    0.0000    0.0000   17.7356   31.1217
    5.2479   13.0792    7.7964   48.6313    0.1153   54.1975    0.0475
   57.6332    0.0242   55.2151    0.0001   57.7415    0.0000  -11.4233
   -8.4918   -8.1939    0.0000   -3.1633   -3.1924    0.0000   -1.8933
   -1.9295    0.0000   -1.3104   -1.3410    0.4390    0.1754    0.3888
    0.1592
 PARAMETER VALUES,  CYCLE NUMBER 14,  AVDEV=   1.265
   30.8137    0.4875   63.9718    0.0000    0.0000   16.2507   30.9671
    3.7332    9.8020    9.5780   48.6359    0.1153   54.2028    0.0475
   57.6409    0.0242   55.2150    0.0001   57.7414    0.0000  -11.4233
   -8.4918   -8.1939    0.0000   -3.1633   -3.1924    0.0000   -1.8933
   -1.9295    0.0000   -1.3104   -1.3410    0.4390    0.1754    0.3888
    0.1592
 PARAMETER VALUES,  CYCLE NUMBER 15,  AVDEV=   1.262
   30.8088    0.4875   63.9569    0.0000    0.0000   17.0308   30.6398
    4.5335   10.9928    9.1788   48.6344    0.1153   54.2033    0.0475
   57.6443    0.0242   55.2151    0.0001   57.7415    0.0000  -11.4233
   -8.4918   -8.1939    0.0000   -3.1633   -3.1924    0.0000   -1.8933
   -1.9295    0.0000   -1.3104   -1.3410    0.4390    0.1754    0.3888
    0.1592
 PARAMETER VALUES,  CYCLE NUMBER 16,  AVDEV=   1.275
   30.8055    0.4875   63.9587    0.0000    0.0000   15.5822   29.5425
    3.0767    7.6876   11.5326   48.6337    0.1153   54.2031    0.0475
   57.6443    0.0242   55.2150    0.0001   57.7414    0.0000  -11.4233
   -8.4918   -8.1939    0.0000   -3.1633   -3.1924    0.0000   -1.8933
   -1.9295    0.0000   -1.3104   -1.3410    0.4390    0.1754    0.3888
    0.1592
 PARAMETER VALUES,  CYCLE NUMBER 17,  AVDEV=   1.295
   30.8194    0.4875   63.9657    0.0000    0.0000   16.8802   32.5097
    4.3502   10.8857    8.1147   48.6398    0.1153   54.2068    0.0475
   57.6468    0.0242   55.2150    0.0001   57.7414    0.0000  -11.4233
   -8.4918   -8.1939    0.0000   -3.1633   -3.1924    0.0000   -1.8933
   -1.9295    0.0000   -1.3104   -1.3410    0.4390    0.1754    0.3888
    0.1592
 PARAMETER VALUES,  CYCLE NUMBER 18,  AVDEV=   1.268
   30.8154    0.4875   63.9618    0.0000    0.0000   16.4736   31.3949
    3.9575    9.9298    9.2685   48.6383    0.1153   54.2061    0.0475
   57.6467    0.0242   55.2150    0.0001   57.7414    0.0000  -11.4233
   -8.4918   -8.1939    0.0000   -3.1633   -3.1924    0.0000   -1.8933
   -1.9295    0.0000   -1.3104   -1.3410    0.4390    0.1754    0.3888
    0.1592
 PARAMETER VALUES,  CYCLE NUMBER 19,  AVDEV=   1.260
   30.8066    0.4875   63.9553    0.0000    0.0000   16.7999   30.1189
    4.3098   10.4190    9.7773   48.6334    0.1153   54.2027    0.0475
   57.6437    0.0242   55.2151    0.0001   57.7415    0.0000  -11.4233
   -8.4918   -8.1939    0.0000   -3.1633   -3.1924    0.0000   -1.8933
   -1.9295    0.0000   -1.3104   -1.3410    0.4390    0.1754    0.3888
    0.1592
 PARAMETER VALUES,  CYCLE NUMBER 20,  AVDEV=   1.258
   30.8049    0.4875   63.9569    0.0000    0.0000   16.3734   30.0407
    3.8734    9.3125   10.3990   48.6326    0.1153   54.2020    0.0475
   57.6430    0.0242   55.2150    0.0001   57.7414    0.0000  -11.4233
   -8.4918   -8.1939    0.0000   -3.1633   -3.1924    0.0000   -1.8933
   -1.9295    0.0000   -1.3104   -1.3410    0.4390    0.1754    0.3888
    0.1592
 PARAMETER VALUES,  CYCLE NUMBER 21,  AVDEV=   1.266
   30.8098    0.4875   63.9587    0.0000    0.0000   17.1376   31.0721
    4.6346   11.1592    8.8266   48.6346    0.1153   54.2031    0.0475
   57.6438    0.0242   55.2151    0.0001   57.7415    0.0000  -11.4233
   -8.4918   -8.1939    0.0000   -3.1633   -3.1924    0.0000   -1.8933
   -1.9295    0.0000   -1.3104   -1.3410    0.4390    0.1754    0.3888
    0.1592
 PARAMETER VALUES,  CYCLE NUMBER 22,  AVDEV=   1.296
   30.8075    0.4875   63.9606    0.0000    0.0000   15.1957   29.4333
    2.6837    7.0156   11.9528   48.6354    0.1153   54.2046    0.0475
   57.6459    0.0242   55.2150    0.0001   57.7414    0.0000  -11.4233
   -8.4918   -8.1939    0.0000   -3.1633   -3.1924    0.0000   -1.8933
   -1.9295    0.0000   -1.3104   -1.3410    0.4390    0.1754    0.3888
    0.1592
 PARAMETER VALUES,  CYCLE NUMBER 23,  AVDEV=   1.317
   30.8241    0.4875   63.9684    0.0000    0.0000   16.5843   33.0177
    4.0428   10.3997    8.0655   48.6426    0.1153   54.2088    0.0475
   57.6486    0.0242   55.2150    0.0001   57.7414    0.0000  -11.4233
   -8.4918   -8.1939    0.0000   -3.1633   -3.1924    0.0000   -1.8933
   -1.9295    0.0000   -1.3104   -1.3410    0.4390    0.1754    0.3888
    0.1592
 PARAMETER VALUES,  CYCLE NUMBER 24,  AVDEV=   1.270
   30.8169    0.4875   63.9615    0.0000    0.0000   16.4872   31.5364
    3.9722   10.0330    9.1327   48.6392    0.1153   54.2067    0.0475
   57.6473    0.0242   55.2150    0.0001   57.7414    0.0000  -11.4233
   -8.4918   -8.1939    0.0000   -3.1633   -3.1924    0.0000   -1.8933
   -1.9295    0.0000   -1.3104   -1.3410    0.4390    0.1754    0.3888
    0.1592
 PARAMETER VALUES,  CYCLE NUMBER 25,  AVDEV=   1.260
   30.8055    0.4875   63.9546    0.0000    0.0000   16.7655   29.9269
    4.2779   10.3152    9.9443   48.6329    0.1153   54.2024    0.0475
   57.6435    0.0242   55.2151    0.0001   57.7415    0.0000  -11.4233
   -8.4918   -8.1939    0.0000   -3.1633   -3.1924    0.0000   -1.8933
   -1.9295    0.0000   -1.3104   -1.3410    0.4390    0.1754    0.3888
    0.1592
 PARAMETER VALUES,  CYCLE NUMBER 26,  AVDEV=   1.258
   30.8053    0.4875   63.9571    0.0000    0.0000   16.5183   30.2489
    4.0173    9.6183   10.1180   48.6326    0.1153   54.2019    0.0475
   57.6428    0.0242   55.2150    0.0001   57.7414    0.0000  -11.4233
   -8.4918   -8.1939    0.0000   -3.1633   -3.1924    0.0000   -1.8933
   -1.9295    0.0000   -1.3104   -1.3410    0.4390    0.1754    0.3888
    0.1592
 PARAMETER VALUES,  CYCLE NUMBER 27,  AVDEV=   1.262
   30.8080    0.4875   63.9573    0.0000    0.0000   16.9909   30.6489
    4.4930   10.8060    9.2595   48.6339    0.1153   54.2028    0.0475
   57.6436    0.0242   55.2151    0.0001   57.7415    0.0000  -11.4233
   -8.4918   -8.1939    0.0000   -3.1633   -3.1924    0.0000   -1.8933
   -1.9295    0.0000   -1.3104   -1.3410    0.4390    0.1754    0.3888
    0.1592
 PARAMETER VALUES,  CYCLE NUMBER 28,  AVDEV=   1.270
   30.8055    0.4875   63.9580    0.0000    0.0000   15.7198   29.5512
    3.2163    8.0162   11.3642   48.6337    0.1153   54.2031    0.0475
   57.6444    0.0242   55.2150    0.0001   57.7414    0.0000  -11.4233
   -8.4918   -8.1939    0.0000   -3.1633   -3.1924    0.0000   -1.8933
   -1.9295    0.0000   -1.3104   -1.3410    0.4390    0.1754    0.3888
    0.1592
 PARAMETER VALUES,  CYCLE NUMBER 29,  AVDEV=   1.289
   30.8180    0.4875   63.9647    0.0000    0.0000   16.9760   32.3092
    4.4498   11.0677    8.1445   48.6390    0.1153   54.2062    0.0475
   57.6463    0.0242   55.2150    0.0001   57.7414    0.0000  -11.4233
   -8.4918   -8.1939    0.0000   -3.1633   -3.1924    0.0000   -1.8933
   -1.9295    0.0000   -1.3104   -1.3410    0.4390    0.1754    0.3888
    0.1592
 PARAMETER VALUES,  CYCLE NUMBER 30,  AVDEV=   1.266
   30.8146    0.4875   63.9617    0.0000    0.0000   16.4611   31.2832
    3.9452    9.8896    9.3579   48.6380    0.1153   54.2059    0.0475
   57.6465    0.0242   55.2150    0.0001   57.7414    0.0000  -11.4233
   -8.4918   -8.1939    0.0000   -3.1633   -3.1924    0.0000   -1.8933
   -1.9295    0.0000   -1.3104   -1.3410    0.4390    0.1754    0.3888
    0.1592
 PARAMETER VALUES,  CYCLE NUMBER 31,  AVDEV=   1.260
   30.8068    0.4875   63.9556    0.0000    0.0000   16.8313   30.2029
    4.3400   10.4886    9.6912   48.6335    0.1153   54.2027    0.0475
   57.6437    0.0242   55.2151    0.0001   57.7415    0.0000  -11.4233
   -8.4918   -8.1939    0.0000   -3.1633   -3.1924    0.0000   -1.8933
   -1.9295    0.0000   -1.3104   -1.3410    0.4390    0.1754    0.3888
    0.1592
 PARAMETER VALUES,  CYCLE NUMBER 32,  AVDEV=   1.259
   30.8048    0.4875   63.9569    0.0000    0.0000   16.2675   29.9323
    3.7676    9.0922   10.5776   48.6327    0.1153   54.2021    0.0475
   57.6432    0.0242   55.2150    0.0001   57.7414    0.0000  -11.4233
   -8.4918   -8.1939    0.0000   -3.1633   -3.1924    0.0000   -1.8933
   -1.9295    0.0000   -1.3104   -1.3410    0.4390    0.1754    0.3888
    0.1592
 PARAMETER VALUES,  CYCLE NUMBER 33,  AVDEV=   1.269
   30.8111    0.4875   63.9597    0.0000    0.0000   17.1780   31.3255
    4.6711   11.2836    8.6126   48.6352    0.1153   54.2035    0.0475
   57.6441    0.0242   55.2151    0.0001   57.7415    0.0000  -11.4233
   -8.4918   -8.1939    0.0000   -3.1633   -3.1924    0.0000   -1.8933
   -1.9295    0.0000   -1.3104   -1.3410    0.4390    0.1754    0.3888
    0.1592
 PARAMETER VALUES,  CYCLE NUMBER 34,  AVDEV=   1.309
   30.8085    0.4875   63.9614    0.0000    0.0000   15.0281   29.4246
    2.5134    6.7084   12.1143   48.6362    0.1153   54.2053    0.0475
   57.6467    0.0242   55.2150    0.0001   57.7414    0.0000  -11.4233
   -8.4918   -8.1939    0.0000   -3.1633   -3.1924    0.0000   -1.8933
   -1.9295    0.0000   -1.3104   -1.3410    0.4390    0.1754    0.3888
    0.1592
 PARAMETER VALUES,  CYCLE NUMBER 35,  AVDEV=   1.328
   30.8261    0.4875   63.9694    0.0000    0.0000   16.4561   33.2287
    3.9104   10.1759    8.0525   48.6438    0.1153   54.2097    0.0475
   57.6494    0.0242   55.2150    0.0001   57.7414    0.0000  -11.4233
   -8.4918   -8.1939    0.0000   -3.1633   -3.1924    0.0000   -1.8933
   -1.9295    0.0000   -1.3104   -1.3410    0.4390    0.1754    0.3888
    0.1592
 PARAMETER VALUES,  CYCLE NUMBER 36,  AVDEV=   1.267
   30.8162    0.4875   63.9604    0.0000    0.0000   16.5139   31.3646
    4.0040   10.0951    9.2026   48.6388    0.1153   54.2065    0.0475
   57.6471    0.0242   55.2150    0.0001   57.7414    0.0000  -11.4233
   -8.4918   -8.1939    0.0000   -3.1633   -3.1924    0.0000   -1.8933
   -1.9295    0.0000   -1.3104   -1.3410    0.4390    0.1754    0.3888
    0.1592
 PARAMETER VALUES,  CYCLE NUMBER 37,  AVDEV=   1.260
   30.8049    0.4875   63.9547    0.0000    0.0000   16.7488   29.8865
    4.2603   10.2380   10.0082   48.6326    0.1153   54.2021    0.0475
   57.6433    0.0242   55.2151    0.0001   57.7415    0.0000  -11.4233
   -8.4918   -8.1939    0.0000   -3.1633   -3.1924    0.0000   -1.8933
   -1.9295    0.0000   -1.3104   -1.3410    0.4390    0.1754    0.3888
    0.1592
 PARAMETER VALUES,  CYCLE NUMBER 38,  AVDEV=   1.258
   30.8058    0.4875   63.9571    0.0000    0.0000   16.5831   30.3334
    4.0824    9.7750    9.9866   48.6328    0.1153   54.2020    0.0475
   57.6429    0.0242   55.2150    0.0001   57.7414    0.0000  -11.4233
   -8.4918   -8.1939    0.0000   -3.1633   -3.1924    0.0000   -1.8933
   -1.9295    0.0000   -1.3104   -1.3410    0.4390    0.1754    0.3888
    0.1592
 PARAMETER VALUES,  CYCLE NUMBER 39,  AVDEV=   1.260
   30.8073    0.4875   63.9568    0.0000    0.0000   16.8793   30.4395
    4.3831   10.5507    9.5161   48.6336    0.1153   54.2027    0.0475
   57.6436    0.0242   55.2151    0.0001   57.7415    0.0000  -11.4233
   -8.4918   -8.1939    0.0000   -3.1633   -3.1924    0.0000   -1.8933
   -1.9295    0.0000   -1.3104   -1.3410    0.4390    0.1754    0.3888
    0.1592
 PARAMETER VALUES,  CYCLE NUMBER 40,  AVDEV=   1.261
   30.8050    0.4875   63.9568    0.0000    0.0000   16.0914   29.7441
    3.5923    8.7669   10.8592   48.6330    0.1153   54.2025    0.0475
   57.6437    0.0242   55.2150    0.0001   57.7414    0.0000  -11.4233
   -8.4918   -8.1939    0.0000   -3.1633   -3.1924    0.0000   -1.8933
   -1.9295    0.0000   -1.3104   -1.3410    0.4390    0.1754    0.3888
    0.1592
 PARAMETER VALUES FOR RCG INPUT
Ag I  4d105p           30.8050   0.4875
Ag I  4d95s5p          63.9568   0.0000    0.0000   16.0914   29.7441 LS99999999
   3.5923    8.7669   10.8592
Ag I  4d106p           48.6330   0.1153
Ag I  4d107p           54.2025   0.0475
Ag I  4d108p           57.6437   0.0242
Ag I  4d104f           55.2150   0.0001
Ag I  4d105f           57.7414   0.0000
4d105p  -4d95s5p     -11.4233   -8.4918   -8.1939
4d95s5p -4d106p        0.0000   -3.1633   -3.1924
4d95s5p -4d107p        0.0000   -1.8933   -1.9295
4d95s5p -4d108p        0.0000   -1.3104   -1.3410
4d95s5p -4d104f        0.4390    0.1754
4d95s5p -4d105f        0.3888    0.1592

