Se I      4s24p4    4s24p35p  4s24p36p  4s24p34f  4s24p37p  4s24p35f
 PARAMETER VALUES,  CYCLE NUMBER  0,  AVDEV=   1.392
    5.4568   38.1801    1.7411   73.8898   41.6854    2.0361    0.0938
    4.1676    0.9818    1.0684   83.0034   41.7542    2.0416    0.0303
    1.1936    0.2939    0.3288   86.6839   41.7910    2.0444    0.0000
    0.3989    0.0111    0.0071   88.1815   41.7747    2.0432    0.0140
    0.5225    0.1321    0.1494   89.2842   41.7918    2.0444    0.0000
    0.2087    0.0091    0.0058    0.8798    3.9814    0.4700    2.1054
    0.5087    0.3122    1.3931    0.4640    0.0000    1.8425    0.5367
    0.5917   -0.7578   -0.0030    0.0000    1.1696    0.3596    0.3983
   -0.6128   -0.0019   -0.0382   -0.0036    0.0000    0.7319    0.1970
    0.2216   -0.1347   -0.0028   -0.0515   -0.0029    0.0000    0.2374
    0.0101    0.0065   -0.0366   -0.0023
 PARAMETER VALUES,  CYCLE NUMBER  1,  AVDEV=   1.392
    5.4568   38.1800    1.7411   73.8898   41.6852    2.0361    0.0938
    4.1676    0.9818    1.0684   83.0025   41.7511    2.0425    0.0303
    1.1824    0.2939    0.3287   88.6630   47.2337    2.2974    0.0000
    0.3629    0.0114    0.0067   88.1805   41.7721    2.0425    0.0140
    0.5171    0.1322    0.1491   85.6443   31.7918    1.5566    0.0000
    0.1827    0.0093    0.0056    0.8798    3.9814    0.4700    2.1054
    0.5087    0.3122    1.3931    0.4640    0.0000    1.8425    0.5367
    0.5917   -0.7578   -0.0030    0.0000    1.1696    0.3596    0.3983
   -0.6128   -0.0019   -0.0382   -0.0036    0.0000    0.7319    0.1970
    0.2216   -0.1347   -0.0028   -0.0515   -0.0029    0.0000    0.2374
    0.0101    0.0065   -0.0366   -0.0023
 PARAMETER VALUES,  CYCLE NUMBER  2,  AVDEV=   1.399
    5.4568   38.1799    1.7411   73.8898   41.6851    2.0362    0.0938
    4.1676    0.9818    1.0684   83.0039   41.7548    2.0429    0.0303
    1.1921    0.2938    0.3289   92.3119   57.2337    2.8398    0.0000
    0.2615    0.0114    0.0068   88.1797   41.7698    2.0428    0.0140
    0.5160    0.1324    0.1488   82.4339   22.9767    1.1165    0.0000
    0.1467    0.0094    0.0054    0.8798    3.9814    0.4700    2.1054
    0.5087    0.3122    1.3931    0.4640    0.0000    1.8425    0.5367
    0.5917   -0.7578   -0.0030    0.0000    1.1696    0.3596    0.3983
   -0.6128   -0.0019   -0.0382   -0.0036    0.0000    0.7319    0.1970
    0.2216   -0.1347   -0.0028   -0.0515   -0.0029    0.0000    0.2374
    0.0101    0.0065   -0.0366   -0.0023
 PARAMETER VALUES,  CYCLE NUMBER  3,  AVDEV=   1.356
    5.4565   38.1742    1.7412   73.8886   41.6785    2.0369    0.0938
    4.1684    0.9811    1.0675   82.6328   40.7250    2.0054    0.0302
    1.4173    0.2913    0.3336   96.0404   67.2337    3.8544    0.0003
    0.0000    0.0169    0.0002   91.1605   49.9613    2.4377    0.0145
    0.4591    0.1367    0.1396   82.9369   24.3146    1.2787    0.0002
    0.0000    0.0149    0.0000    0.8798    3.9814    0.4700    2.1054
    0.5087    0.3122    1.3931    0.4640    0.0000    1.8425    0.5367
    0.5917   -0.7578   -0.0030    0.0000    1.1696    0.3596    0.3983
   -0.6128   -0.0019   -0.0382   -0.0036    0.0000    0.7319    0.1970
    0.2216   -0.1347   -0.0028   -0.0515   -0.0029    0.0000    0.2374
    0.0101    0.0065   -0.0366   -0.0023
 PARAMETER VALUES,  CYCLE NUMBER  4,  AVDEV=   1.946
    5.4567   38.1676    1.7413   73.8878   41.6685    2.0389    0.0937
    4.1687    0.9800    1.0677   82.6466   40.7430    2.0286    0.0300
    1.8180    0.2870    0.3426   94.3840   57.2337   13.5404    0.0005
    0.0000    0.0000    0.0628   91.8063   51.7279    2.5413    0.0155
    0.4345    0.1442    0.1236   81.3067   19.4329    1.8643    0.0007
    0.0000    0.0139    0.0005    0.8798    3.9814    0.4700    2.1054
    0.5087    0.3122    1.3931    0.4640    0.0000    1.8425    0.5367
    0.5917   -0.7578   -0.0030    0.0000    1.1696    0.3596    0.3983
   -0.6128   -0.0019   -0.0382   -0.0036    0.0000    0.7319    0.1970
    0.2216   -0.1347   -0.0028   -0.0515   -0.0029    0.0000    0.2374
    0.0101    0.0065   -0.0366   -0.0023
 PARAMETER VALUES,  CYCLE NUMBER  5,  AVDEV=   1.946
    5.4567   38.1673    1.7414   73.8878   41.6681    2.0390    0.0937
    4.1686    0.9799    1.0678   82.6483   40.7469    2.0294    0.0300
    1.8474    0.2867    0.3432   98.9944   67.2337   15.8980    0.0006
    0.0000    0.0004    0.0625   91.8594   51.8734    2.5493    0.0156
    0.4182    0.1445    0.1230   80.3965   17.0254    1.6163    0.0007
    0.0000    0.0137    0.0009    0.8798    3.9814    0.4700    2.1054
    0.5087    0.3122    1.3931    0.4640    0.0000    1.8425    0.5367
    0.5917   -0.7578   -0.0030    0.0000    1.1696    0.3596    0.3983
   -0.6128   -0.0019   -0.0382   -0.0036    0.0000    0.7319    0.1970
    0.2216   -0.1347   -0.0028   -0.0515   -0.0029    0.0000    0.2374
    0.0101    0.0065   -0.0366   -0.0023
 PARAMETER VALUES,  CYCLE NUMBER  6,  AVDEV=   1.945
    5.4567   38.1670    1.7414   73.8877   41.6677    2.0392    0.0937
    4.1686    0.9799    1.0678   82.6471   40.7433    2.0294    0.0300
    1.8800    0.2864    0.3438  103.6015   77.2337   18.2519    0.0006
    0.0000    0.0008    0.0622   91.9581   52.1441    2.5635    0.0156
    0.4062    0.1447    0.1226   79.9226   15.7730    1.4863    0.0008
    0.0000    0.0134    0.0012    0.8798    3.9814    0.4700    2.1054
    0.5087    0.3122    1.3931    0.4640    0.0000    1.8425    0.5367
    0.5917   -0.7578   -0.0030    0.0000    1.1696    0.3596    0.3983
   -0.6128   -0.0019   -0.0382   -0.0036    0.0000    0.7319    0.1970
    0.2216   -0.1347   -0.0028   -0.0515   -0.0029    0.0000    0.2374
    0.0101    0.0065   -0.0366   -0.0023
 PARAMETER VALUES,  CYCLE NUMBER  7,  AVDEV=   1.945
    5.4566   38.1667    1.7414   73.8877   41.6673    2.0393    0.0937
    4.1685    0.9798    1.0678   82.6458   40.7393    2.0294    0.0299
    1.9120    0.2862    0.3445  108.1998   87.2337   20.5958    0.0006
    0.0000    0.0012    0.0619   92.0566   52.4142    2.5776    0.0157
    0.3949    0.1449    0.1221   79.6339   15.0093    1.4075    0.0008
    0.0000    0.0131    0.0015    0.8798    3.9814    0.4700    2.1054
    0.5087    0.3122    1.3931    0.4640    0.0000    1.8425    0.5367
    0.5917   -0.7578   -0.0030    0.0000    1.1696    0.3596    0.3983
   -0.6128   -0.0019   -0.0382   -0.0036    0.0000    0.7319    0.1970
    0.2216   -0.1347   -0.0028   -0.0515   -0.0029    0.0000    0.2374
    0.0101    0.0065   -0.0366   -0.0023
 PARAMETER VALUES,  CYCLE NUMBER  8,  AVDEV=   1.945
    5.4566   38.1664    1.7414   73.8876   41.6669    2.0393    0.0937
    4.1684    0.9798    1.0678   82.6445   40.7353    2.0294    0.0299
    1.9422    0.2859    0.3451  112.7766   97.2337   22.9153    0.0006
    0.0000    0.0016    0.0616   92.1501   52.6707    2.5909    0.0157
    0.3834    0.1452    0.1217   79.4456   14.5108    1.3566    0.0008
    0.0000    0.0128    0.0019    0.8798    3.9814    0.4700    2.1054
    0.5087    0.3122    1.3931    0.4640    0.0000    1.8425    0.5367
    0.5917   -0.7578   -0.0030    0.0000    1.1696    0.3596    0.3983
   -0.6128   -0.0019   -0.0382   -0.0036    0.0000    0.7319    0.1970
    0.2216   -0.1347   -0.0028   -0.0515   -0.0029    0.0000    0.2374
    0.0101    0.0065   -0.0366   -0.0023
 PARAMETER VALUES,  CYCLE NUMBER  9,  AVDEV=   1.945
    5.4566   38.1661    1.7414   73.8876   41.6665    2.0394    0.0937
    4.1683    0.9797    1.0678   82.6433   40.7314    2.0296    0.0299
    1.9699    0.2856    0.3456  117.3106  107.2337   25.1858    0.0007
    0.0000    0.0021    0.0612   92.2373   52.9101    2.6031    0.0157
    0.3708    0.1454    0.1211   79.3217   14.1824    1.3235    0.0008
    0.0000    0.0125    0.0024    0.8798    3.9814    0.4700    2.1054
    0.5087    0.3122    1.3931    0.4640    0.0000    1.8425    0.5367
    0.5917   -0.7578   -0.0030    0.0000    1.1696    0.3596    0.3983
   -0.6128   -0.0019   -0.0382   -0.0036    0.0000    0.7319    0.1970
    0.2216   -0.1347   -0.0028   -0.0515   -0.0029    0.0000    0.2374
    0.0101    0.0065   -0.0366   -0.0023
 PARAMETER VALUES,  CYCLE NUMBER 10,  AVDEV=   1.945
    5.4566   38.1658    1.7414   73.8875   41.6660    2.0395    0.0938
    4.1682    0.9796    1.0678   82.6421   40.7276    2.0300    0.0299
    1.9947    0.2854    0.3461  121.7672  117.2337   27.3677    0.0007
    0.0000    0.0026    0.0606   92.3174   53.1300    2.6141    0.0158
    0.3564    0.1457    0.1206   79.2459   13.9812    1.3036    0.0008
    0.0000    0.0121    0.0028    0.8798    3.9814    0.4700    2.1054
    0.5087    0.3122    1.3931    0.4640    0.0000    1.8425    0.5367
    0.5917   -0.7578   -0.0030    0.0000    1.1696    0.3596    0.3983
   -0.6128   -0.0019   -0.0382   -0.0036    0.0000    0.7319    0.1970
    0.2216   -0.1347   -0.0028   -0.0515   -0.0029    0.0000    0.2374
    0.0101    0.0065   -0.0366   -0.0023
 PARAMETER VALUES,  CYCLE NUMBER 11,  AVDEV=   1.945
    5.4566   38.1655    1.7414   73.8875   41.6655    2.0395    0.0938
    4.1681    0.9796    1.0678   82.6410   40.7237    2.0306    0.0299
    2.0165    0.2851    0.3466  126.1156  127.2337   29.4241    0.0008
    0.0000    0.0033    0.0599   92.3909   53.3319    2.6239    0.0158
    0.3394    0.1460    0.1199   79.2088   13.8822    1.2942    0.0008
    0.0000    0.0117    0.0033    0.8798    3.9814    0.4700    2.1054
    0.5087    0.3122    1.3931    0.4640    0.0000    1.8425    0.5367
    0.5917   -0.7578   -0.0030    0.0000    1.1696    0.3596    0.3983
   -0.6128   -0.0019   -0.0382   -0.0036    0.0000    0.7319    0.1970
    0.2216   -0.1347   -0.0028   -0.0515   -0.0029    0.0000    0.2374
    0.0101    0.0065   -0.0366   -0.0023
 PARAMETER VALUES,  CYCLE NUMBER 12,  AVDEV=   1.945
    5.4566   38.1651    1.7414   73.8874   41.6650    2.0396    0.0938
    4.1680    0.9795    1.0678   82.6398   40.7196    2.0313    0.0298
    2.0379    0.2849    0.3470  130.4408  137.2337   31.4513    0.0008
    0.0000    0.0040    0.0591   92.4652   53.5361    2.6338    0.0159
    0.3217    0.1463    0.1192   79.1874   13.8244    1.2896    0.0008
    0.0000    0.0112    0.0039    0.8798    3.9814    0.4700    2.1054
    0.5087    0.3122    1.3931    0.4640    0.0000    1.8425    0.5367
    0.5917   -0.7578   -0.0030    0.0000    1.1696    0.3596    0.3983
   -0.6128   -0.0019   -0.0382   -0.0036    0.0000    0.7319    0.1970
    0.2216   -0.1347   -0.0028   -0.0515   -0.0029    0.0000    0.2374
    0.0101    0.0065   -0.0366   -0.0023
 PARAMETER VALUES,  CYCLE NUMBER 13,  AVDEV=   1.945
    5.4566   38.1648    1.7414   73.8873   41.6645    2.0397    0.0938
    4.1679    0.9795    1.0678   82.6385   40.7152    2.0319    0.0298
    2.0628    0.2847    0.3476  134.9100  147.2337   33.6445    0.0009
    0.0000    0.0046    0.0585   92.5492   53.7670    2.6453    0.0159
    0.3062    0.1467    0.1185   79.1546   13.7352    1.2833    0.0009
    0.0000    0.0107    0.0045    0.8798    3.9814    0.4700    2.1054
    0.5087    0.3122    1.3931    0.4640    0.0000    1.8425    0.5367
    0.5917   -0.7578   -0.0030    0.0000    1.1696    0.3596    0.3983
   -0.6128   -0.0019   -0.0382   -0.0036    0.0000    0.7319    0.1970
    0.2216   -0.1347   -0.0028   -0.0515   -0.0029    0.0000    0.2374
    0.0101    0.0065   -0.0366   -0.0023
 PARAMETER VALUES,  CYCLE NUMBER 14,  AVDEV=   1.945
    5.4565   38.1644    1.7414   73.8873   41.6639    2.0397    0.0938
    4.1678    0.9794    1.0678   82.6372   40.7107    2.0325    0.0298
    2.0900    0.2844    0.3482  139.5072  157.2337   35.9877    0.0009
    0.0000    0.0051    0.0581   92.6403   54.0169    2.6579    0.0159
    0.2923    0.1470    0.1177   79.1152   13.6276    1.2760    0.0009
    0.0000    0.0102    0.0052    0.8798    3.9814    0.4700    2.1054
    0.5087    0.3122    1.3931    0.4640    0.0000    1.8425    0.5367
    0.5917   -0.7578   -0.0030    0.0000    1.1696    0.3596    0.3983
   -0.6128   -0.0019   -0.0382   -0.0036    0.0000    0.7319    0.1970
    0.2216   -0.1347   -0.0028   -0.0515   -0.0029    0.0000    0.2374
    0.0101    0.0065   -0.0366   -0.0023
 PARAMETER VALUES,  CYCLE NUMBER 15,  AVDEV=   1.945
    5.4565   38.1640    1.7414   73.8872   41.6634    2.0398    0.0938
    4.1677    0.9793    1.0678   82.6359   40.7062    2.0332    0.0298
    2.1182    0.2841    0.3488  144.1958  167.2337   38.4378    0.0009
    0.0000    0.0056    0.0577   92.7354   54.2780    2.6711    0.0160
    0.2792    0.1474    0.1169   79.0752   13.5181    1.2689    0.0009
    0.0000    0.0096    0.0059    0.8798    3.9814    0.4700    2.1054
    0.5087    0.3122    1.3931    0.4640    0.0000    1.8425    0.5367
    0.5917   -0.7578   -0.0030    0.0000    1.1696    0.3596    0.3983
   -0.6128   -0.0019   -0.0382   -0.0036    0.0000    0.7319    0.1970
    0.2216   -0.1347   -0.0028   -0.0515   -0.0029    0.0000    0.2374
    0.0101    0.0065   -0.0366   -0.0023
 PARAMETER VALUES,  CYCLE NUMBER 16,  AVDEV=   1.945
    5.4565   38.1636    1.7414   73.8871   41.6628    2.0399    0.0938
    4.1676    0.9793    1.0678   82.6345   40.7016    2.0338    0.0298
    2.1470    0.2838    0.3494  148.9593  177.2337   40.9746    0.0010
    0.0000    0.0060    0.0574   92.8333   54.5467    2.6848    0.0161
    0.2664    0.1478    0.1160   79.0367   13.4125    1.2624    0.0009
    0.0000    0.0090    0.0066    0.8798    3.9814    0.4700    2.1054
    0.5087    0.3122    1.3931    0.4640    0.0000    1.8425    0.5367
    0.5917   -0.7578   -0.0030    0.0000    1.1696    0.3596    0.3983
   -0.6128   -0.0019   -0.0382   -0.0036    0.0000    0.7319    0.1970
    0.2216   -0.1347   -0.0028   -0.0515   -0.0029    0.0000    0.2374
    0.0101    0.0065   -0.0366   -0.0023
 PARAMETER VALUES,  CYCLE NUMBER 17,  AVDEV=   1.945
    5.4565   38.1632    1.7414   73.8871   41.6622    2.0400    0.0938
    4.1675    0.9792    1.0678   82.6332   40.6971    2.0345    0.0298
    2.1761    0.2835    0.3500  153.7902  187.2337   43.5883    0.0010
    0.0000    0.0064    0.0572   92.9333   54.8213    2.6988    0.0161
    0.2538    0.1482    0.1152   79.0004   13.3125    1.2566    0.0009
    0.0000    0.0084    0.0073    0.8798    3.9814    0.4700    2.1054
    0.5087    0.3122    1.3931    0.4640    0.0000    1.8425    0.5367
    0.5917   -0.7578   -0.0030    0.0000    1.1696    0.3596    0.3983
   -0.6128   -0.0019   -0.0382   -0.0036    0.0000    0.7319    0.1970
    0.2216   -0.1347   -0.0028   -0.0515   -0.0029    0.0000    0.2374
    0.0101    0.0065   -0.0366   -0.0023
 PARAMETER VALUES,  CYCLE NUMBER 18,  AVDEV=   1.945
    5.4565   38.1628    1.7415   73.8870   41.6616    2.0401    0.0938
    4.1675    0.9791    1.0678   82.6319   40.6926    2.0352    0.0297
    2.2053    0.2832    0.3506  158.6852  197.2337   46.2741    0.0010
    0.0000    0.0069    0.0570   93.0353   55.1013    2.7131    0.0162
    0.2412    0.1487    0.1143   78.9663   13.2182    1.2514    0.0010
    0.0000    0.0078    0.0081    0.8798    3.9814    0.4700    2.1054
    0.5087    0.3122    1.3931    0.4640    0.0000    1.8425    0.5367
    0.5917   -0.7578   -0.0030    0.0000    1.1696    0.3596    0.3983
   -0.6128   -0.0019   -0.0382   -0.0036    0.0000    0.7319    0.1970
    0.2216   -0.1347   -0.0028   -0.0515   -0.0029    0.0000    0.2374
    0.0101    0.0065   -0.0366   -0.0023
 PARAMETER VALUES,  CYCLE NUMBER 19,  AVDEV=   1.945
    5.4565   38.1623    1.7415   73.8869   41.6610    2.0402    0.0938
    4.1674    0.9791    1.0678   82.6307   40.6881    2.0359    0.0297
    2.2347    0.2829    0.3513  163.6425  207.2337   49.0286    0.0011
    0.0000    0.0073    0.0568   93.1391   55.3859    2.7276    0.0162
    0.2286    0.1491    0.1134   78.9341   13.1294    1.2467    0.0010
    0.0000    0.0071    0.0089    0.8798    3.9814    0.4700    2.1054
    0.5087    0.3122    1.3931    0.4640    0.0000    1.8425    0.5367
    0.5917   -0.7578   -0.0030    0.0000    1.1696    0.3596    0.3983
   -0.6128   -0.0019   -0.0382   -0.0036    0.0000    0.7319    0.1970
    0.2216   -0.1347   -0.0028   -0.0515   -0.0029    0.0000    0.2374
    0.0101    0.0065   -0.0366   -0.0023
 PARAMETER VALUES,  CYCLE NUMBER 20,  AVDEV=   1.945
    5.4565   38.1619    1.7415   73.8869   41.6604    2.0403    0.0938
    4.1673    0.9790    1.0678   82.6294   40.6837    2.0367    0.0297
    2.2640    0.2826    0.3519  168.6602  217.2337   51.8485    0.0011
    0.0000    0.0077    0.0566   93.2441   55.6742    2.7423    0.0163
    0.2159    0.1495    0.1124   78.9038   13.0454    1.2423    0.0010
    0.0000    0.0064    0.0097    0.8798    3.9814    0.4700    2.1054
    0.5087    0.3122    1.3931    0.4640    0.0000    1.8425    0.5367
    0.5917   -0.7578   -0.0030    0.0000    1.1696    0.3596    0.3983
   -0.6128   -0.0019   -0.0382   -0.0036    0.0000    0.7319    0.1970
    0.2216   -0.1347   -0.0028   -0.0515   -0.0029    0.0000    0.2374
    0.0101    0.0065   -0.0366   -0.0023
 PARAMETER VALUES,  CYCLE NUMBER 21,  AVDEV=   1.945
    5.4565   38.1615    1.7415   73.8868   41.6598    2.0404    0.0938
    4.1672    0.9789    1.0678   82.6282   40.6793    2.0374    0.0297
    2.2933    0.2823    0.3525  173.7388  227.2337   54.7335    0.0011
    0.0000    0.0080    0.0565   93.3506   55.9664    2.7573    0.0163
    0.2033    0.1500    0.1115   78.8751   12.9657    1.2383    0.0010
    0.0000    0.0058    0.0105    0.8798    3.9814    0.4700    2.1054
    0.5087    0.3122    1.3931    0.4640    0.0000    1.8425    0.5367
    0.5917   -0.7578   -0.0030    0.0000    1.1696    0.3596    0.3983
   -0.6128   -0.0019   -0.0382   -0.0036    0.0000    0.7319    0.1970
    0.2216   -0.1347   -0.0028   -0.0515   -0.0029    0.0000    0.2374
    0.0101    0.0065   -0.0366   -0.0023
 PARAMETER VALUES,  CYCLE NUMBER 22,  AVDEV=   1.946
    5.4565   38.1610    1.7415   73.8867   41.6592    2.0405    0.0938
    4.1671    0.9788    1.0678   82.6270   40.6750    2.0382    0.0297
    2.3227    0.2820    0.3532  178.8794  237.2337   57.6837    0.0012
    0.0000    0.0084    0.0564   93.4585   56.2625    2.7724    0.0164
    0.1905    0.1504    0.1105   78.8477   12.8896    1.2344    0.0011
    0.0000    0.0051    0.0114    0.8798    3.9814    0.4700    2.1054
    0.5087    0.3122    1.3931    0.4640    0.0000    1.8425    0.5367
    0.5917   -0.7578   -0.0030    0.0000    1.1696    0.3596    0.3983
   -0.6128   -0.0019   -0.0382   -0.0036    0.0000    0.7319    0.1970
    0.2216   -0.1347   -0.0028   -0.0515   -0.0029    0.0000    0.2374
    0.0101    0.0065   -0.0366   -0.0023
 PARAMETER VALUES,  CYCLE NUMBER 23,  AVDEV=   1.946
    5.4565   38.1606    1.7415   73.8867   41.6586    2.0405    0.0938
    4.1671    0.9788    1.0678   82.6259   40.6708    2.0390    0.0296
    2.3521    0.2817    0.3538  184.0816  247.2337   60.6975    0.0012
    0.0000    0.0088    0.0563   93.5676   56.5619    2.7877    0.0164
    0.1777    0.1509    0.1095   78.8214   12.8167    1.2307    0.0011
    0.0000    0.0044    0.0123    0.8798    3.9814    0.4700    2.1054
    0.5087    0.3122    1.3931    0.4640    0.0000    1.8425    0.5367
    0.5917   -0.7578   -0.0030    0.0000    1.1696    0.3596    0.3983
   -0.6128   -0.0019   -0.0382   -0.0036    0.0000    0.7319    0.1970
    0.2216   -0.1347   -0.0028   -0.0515   -0.0029    0.0000    0.2374
    0.0101    0.0065   -0.0366   -0.0023
 PARAMETER VALUES,  CYCLE NUMBER 24,  AVDEV=   1.946
    5.4565   38.1601    1.7415   73.8866   41.6579    2.0406    0.0938
    4.1670    0.9787    1.0678   82.6248   40.6668    2.0398    0.0296
    2.3815    0.2814    0.3544  189.3471  257.2337   63.7760    0.0012
    0.0000    0.0091    0.0562   93.6778   56.8646    2.8032    0.0165
    0.1648    0.1514    0.1085   78.7961   12.7465    1.2272    0.0011
    0.0000    0.0036    0.0132    0.8798    3.9814    0.4700    2.1054
    0.5087    0.3122    1.3931    0.4640    0.0000    1.8425    0.5367
    0.5917   -0.7578   -0.0030    0.0000    1.1696    0.3596    0.3983
   -0.6128   -0.0019   -0.0382   -0.0036    0.0000    0.7319    0.1970
    0.2216   -0.1347   -0.0028   -0.0515   -0.0029    0.0000    0.2374
    0.0101    0.0065   -0.0366   -0.0023
 PARAMETER VALUES,  CYCLE NUMBER 25,  AVDEV=   1.947
    5.4565   38.1596    1.7415   73.8865   41.6573    2.0407    0.0938
    4.1669    0.9786    1.0678   82.6237   40.6628    2.0407    0.0296
    2.4111    0.2810    0.3551  194.6840  267.2337   66.9268    0.0012
    0.0000    0.0095    0.0561   93.7903   57.1731    2.8190    0.0166
    0.1517    0.1518    0.1075   78.7715   12.6784    1.2236    0.0011
    0.0000    0.0029    0.0141    0.8798    3.9814    0.4700    2.1054
    0.5087    0.3122    1.3931    0.4640    0.0000    1.8425    0.5367
    0.5917   -0.7578   -0.0030    0.0000    1.1696    0.3596    0.3983
   -0.6128   -0.0019   -0.0382   -0.0036    0.0000    0.7319    0.1970
    0.2216   -0.1347   -0.0028   -0.0515   -0.0029    0.0000    0.2374
    0.0101    0.0065   -0.0366   -0.0023
 PARAMETER VALUES,  CYCLE NUMBER 26,  AVDEV=   1.948
    5.4565   38.1592    1.7415   73.8865   41.6566    2.0408    0.0938
    4.1668    0.9785    1.0678   82.6227   40.6590    2.0416    0.0296
    2.4412    0.2807    0.3557  200.0994  277.2337   70.1564    0.0013
    0.0000    0.0099    0.0561   93.9052   57.4887    2.8351    0.0166
    0.1381    0.1523    0.1065   78.7475   12.6118    1.2201    0.0011
    0.0000    0.0021    0.0150    0.8798    3.9814    0.4700    2.1054
    0.5087    0.3122    1.3931    0.4640    0.0000    1.8425    0.5367
    0.5917   -0.7578   -0.0030    0.0000    1.1696    0.3596    0.3983
   -0.6128   -0.0019   -0.0382   -0.0036    0.0000    0.7319    0.1970
    0.2216   -0.1347   -0.0028   -0.0515   -0.0029    0.0000    0.2374
    0.0101    0.0065   -0.0366   -0.0023
 PARAMETER VALUES,  CYCLE NUMBER 27,  AVDEV=   1.948
    5.4564   38.1587    1.7415   73.8864   41.6559    2.0409    0.0938
    4.1667    0.9784    1.0678   82.6218   40.6553    2.0425    0.0296
    2.4721    0.2804    0.3564  205.6092  287.2337   73.4805    0.0013
    0.0000    0.0102    0.0560   94.0242   57.8152    2.8518    0.0167
    0.1239    0.1529    0.1054   78.7237   12.5460    1.2167    0.0012
    0.0000    0.0013    0.0160    0.8798    3.9814    0.4700    2.1054
    0.5087    0.3122    1.3931    0.4640    0.0000    1.8425    0.5367
    0.5917   -0.7578   -0.0030    0.0000    1.1696    0.3596    0.3983
   -0.6128   -0.0019   -0.0382   -0.0036    0.0000    0.7319    0.1970
    0.2216   -0.1347   -0.0028   -0.0515   -0.0029    0.0000    0.2374
    0.0101    0.0065   -0.0366   -0.0023
 PARAMETER VALUES,  CYCLE NUMBER 28,  AVDEV=   1.949
    5.4564   38.1581    1.7416   73.8863   41.6552    2.0410    0.0938
    4.1666    0.9784    1.0678   82.6209   40.6516    2.0436    0.0295
    2.5047    0.2801    0.3571  211.2493  297.2337   76.9352    0.0013
    0.0000    0.0106    0.0560   94.1507   58.1622    2.8696    0.0168
    0.1084    0.1534    0.1042   78.6998   12.4797    1.2132    0.0012
    0.0000    0.0004    0.0171    0.8798    3.9814    0.4700    2.1054
    0.5087    0.3122    1.3931    0.4640    0.0000    1.8425    0.5367
    0.5917   -0.7578   -0.0030    0.0000    1.1696    0.3596    0.3983
   -0.6128   -0.0019   -0.0382   -0.0036    0.0000    0.7319    0.1970
    0.2216   -0.1347   -0.0028   -0.0515   -0.0029    0.0000    0.2374
    0.0101    0.0065   -0.0366   -0.0023
 PARAMETER VALUES,  CYCLE NUMBER 29,  AVDEV=   1.950
    5.4564   38.1575    1.7416   73.8862   41.6543    2.0412    0.0938
    4.1665    0.9782    1.0678   82.6201   40.6478    2.0449    0.0295
    2.5411    0.2797    0.3579  217.1084  307.2337   80.6106    0.0014
    0.0000    0.0111    0.0560   94.2936   58.5545    2.8897    0.0168
    0.0900    0.1541    0.1028   78.6748   12.4102    1.2098    0.0012
    0.0000    0.0000    0.0184    0.8798    3.9814    0.4700    2.1054
    0.5087    0.3122    1.3931    0.4640    0.0000    1.8425    0.5367
    0.5917   -0.7578   -0.0030    0.0000    1.1696    0.3596    0.3983
   -0.6128   -0.0019   -0.0382   -0.0036    0.0000    0.7319    0.1970
    0.2216   -0.1347   -0.0028   -0.0515   -0.0029    0.0000    0.2374
    0.0101    0.0065   -0.0366   -0.0023
 PARAMETER VALUES,  CYCLE NUMBER 30,  AVDEV=   1.954
    5.4564   38.1565    1.7416   73.8861   41.6529    2.0414    0.0938
    4.1664    0.9781    1.0678   82.6187   40.6417    2.0471    0.0295
    2.5939    0.2791    0.3591  223.6573  317.2337   84.9885    0.0014
    0.0000    0.0118    0.0560   94.5107   59.1505    2.9200    0.0170
    0.0594    0.1551    0.1006   78.6481   12.3332    1.2088    0.0013
    0.0000    0.0000    0.0204    0.8798    3.9814    0.4700    2.1054
    0.5087    0.3122    1.3931    0.4640    0.0000    1.8425    0.5367
    0.5917   -0.7578   -0.0030    0.0000    1.1696    0.3596    0.3983
   -0.6128   -0.0019   -0.0382   -0.0036    0.0000    0.7319    0.1970
    0.2216   -0.1347   -0.0028   -0.0515   -0.0029    0.0000    0.2374
    0.0101    0.0065   -0.0366   -0.0023
 PARAMETER VALUES,  CYCLE NUMBER 31,  AVDEV=   2.018
    5.4564   38.1527    1.7417   73.8855   41.6476    2.0421    0.0938
    4.1658    0.9775    1.0677   82.6089   40.6051    2.0557    0.0293
    2.7852    0.2769    0.3635  233.6573  323.2355   93.7779    0.0017
    0.0000    0.0143    0.0561   95.4282   61.6693    3.0470    0.0174
    0.0000    0.1590    0.0923   78.6281   12.2443    1.2391    0.0015
    0.0000    0.0000    0.0274    0.8798    3.9814    0.4700    2.1054
    0.5087    0.3122    1.3931    0.4640    0.0000    1.8425    0.5367
    0.5917   -0.7578   -0.0030    0.0000    1.1696    0.3596    0.3983
   -0.6128   -0.0019   -0.0382   -0.0036    0.0000    0.7319    0.1970
    0.2216   -0.1347   -0.0028   -0.0515   -0.0029    0.0000    0.2374
    0.0101    0.0065   -0.0366   -0.0023
 PARAMETER VALUES,  CYCLE NUMBER 32,  AVDEV=   2.150
    5.4564   38.1472    1.7418   73.8846   41.6403    2.0432    0.0939
    4.1650    0.9767    1.0675   82.5869   40.5327    2.0637    0.0291
    3.0790    0.2738    0.3698  243.5580  320.6310  103.7779    0.0020
    0.0000    0.0172    0.0572   97.0381   66.0883    3.2714    0.0181
    0.0000    0.1637    0.0824   78.7115   12.3858    1.3375    0.0017
    0.0000    0.0000    0.0340    0.8798    3.9814    0.4700    2.1054
    0.5087    0.3122    1.3931    0.4640    0.0000    1.8425    0.5367
    0.5917   -0.7578   -0.0030    0.0000    1.1696    0.3596    0.3983
   -0.6128   -0.0019   -0.0382   -0.0036    0.0000    0.7319    0.1970
    0.2216   -0.1347   -0.0028   -0.0515   -0.0029    0.0000    0.2374
    0.0101    0.0065   -0.0366   -0.0023
 PARAMETER VALUES,  CYCLE NUMBER 33,  AVDEV=   2.177
    5.4563   38.1448    1.7418   73.8843   41.6371    2.0437    0.0939
    4.1645    0.9763    1.0675   82.5820   40.5144    2.0665    0.0290
    3.2329    0.2723    0.3730  253.5580  327.7445  111.4899    0.0022
    0.0000    0.0183    0.0581   97.8077   68.1999    3.3807    0.0184
    0.0000    0.1656    0.0784   78.7510   12.4481    1.3857    0.0019
    0.0000    0.0000    0.0363    0.8798    3.9814    0.4700    2.1054
    0.5087    0.3122    1.3931    0.4640    0.0000    1.8425    0.5367
    0.5917   -0.7578   -0.0030    0.0000    1.1696    0.3596    0.3983
   -0.6128   -0.0019   -0.0382   -0.0036    0.0000    0.7319    0.1970
    0.2216   -0.1347   -0.0028   -0.0515   -0.0029    0.0000    0.2374
    0.0101    0.0065   -0.0366   -0.0023
 PARAMETER VALUES,  CYCLE NUMBER 34,  AVDEV=   2.289
    5.4563   38.1399    1.7419   73.8836   41.6308    2.0447    0.0939
    4.1634    0.9755    1.0674   82.5738   40.4828    2.0720    0.0287
    3.5319    0.2693    0.3791  263.5580  322.0788  120.9677    0.0025
    0.0000    0.0202    0.0602   99.3729   72.4941    3.6032    0.0190
    0.0000    0.1693    0.0707   78.8633   12.6558    1.4927    0.0021
    0.0000    0.0000    0.0406    0.8798    3.9814    0.4700    2.1054
    0.5087    0.3122    1.3931    0.4640    0.0000    1.8425    0.5367
    0.5917   -0.7578   -0.0030    0.0000    1.1696    0.3596    0.3983
   -0.6128   -0.0019   -0.0382   -0.0036    0.0000    0.7319    0.1970
    0.2216   -0.1347   -0.0028   -0.0515   -0.0029    0.0000    0.2374
    0.0101    0.0065   -0.0366   -0.0023
 PARAMETER VALUES,  CYCLE NUMBER 35,  AVDEV=   2.294
    5.4563   38.1388    1.7419   73.8834   41.6294    2.0449    0.0939
    4.1632    0.9754    1.0674   82.5726   40.4776    2.0733    0.0286
    3.5931    0.2687    0.3803  260.7645  312.0788  119.9278    0.0026
    0.0000    0.0206    0.0608   99.7274   73.4667    3.6537    0.0191
    0.0000    0.1701    0.0692   78.9041   12.7412    1.5218    0.0022
    0.0000    0.0000    0.0415    0.8798    3.9814    0.4700    2.1054
    0.5087    0.3122    1.3931    0.4640    0.0000    1.8425    0.5367
    0.5917   -0.7578   -0.0030    0.0000    1.1696    0.3596    0.3983
   -0.6128   -0.0019   -0.0382   -0.0036    0.0000    0.7319    0.1970
    0.2216   -0.1347   -0.0028   -0.0515   -0.0029    0.0000    0.2374
    0.0101    0.0065   -0.0366   -0.0023
 PARAMETER VALUES,  CYCLE NUMBER 36,  AVDEV=   2.298
    5.4563   38.1379    1.7420   73.8833   41.6282    2.0450    0.0939
    4.1630    0.9752    1.0674   82.5716   40.4731    2.0744    0.0286
    3.6495    0.2682    0.3815  257.6546  302.0788  118.6025    0.0026
    0.0000    0.0209    0.0614  100.0622   74.3852    3.7014    0.0192
    0.0000    0.1707    0.0678   78.9448   12.8271    1.5500    0.0022
    0.0000    0.0000    0.0423    0.8798    3.9814    0.4700    2.1054
    0.5087    0.3122    1.3931    0.4640    0.0000    1.8425    0.5367
    0.5917   -0.7578   -0.0030    0.0000    1.1696    0.3596    0.3983
   -0.6128   -0.0019   -0.0382   -0.0036    0.0000    0.7319    0.1970
    0.2216   -0.1347   -0.0028   -0.0515   -0.0029    0.0000    0.2374
    0.0101    0.0065   -0.0366   -0.0023
 PARAMETER VALUES,  CYCLE NUMBER 37,  AVDEV=   2.302
    5.4563   38.1369    1.7420   73.8832   41.6270    2.0452    0.0939
    4.1628    0.9751    1.0674   82.5708   40.4690    2.0755    0.0285
    3.7030    0.2676    0.3826  254.3106  292.0788  117.0651    0.0027
    0.0000    0.0212    0.0619  100.3862   75.2743    3.7476    0.0193
    0.0000    0.1714    0.0665   78.9860   12.9148    1.5778    0.0023
    0.0000    0.0000    0.0430    0.8798    3.9814    0.4700    2.1054
    0.5087    0.3122    1.3931    0.4640    0.0000    1.8425    0.5367
    0.5917   -0.7578   -0.0030    0.0000    1.1696    0.3596    0.3983
   -0.6128   -0.0019   -0.0382   -0.0036    0.0000    0.7319    0.1970
    0.2216   -0.1347   -0.0028   -0.0515   -0.0029    0.0000    0.2374
    0.0101    0.0065   -0.0366   -0.0023
 PARAMETER VALUES,  CYCLE NUMBER 38,  AVDEV=   2.305
    5.4563   38.1361    1.7420   73.8831   41.6259    2.0454    0.0939
    4.1626    0.9750    1.0674   82.5700   40.4653    2.0766    0.0285
    3.7537    0.2671    0.3836  250.7363  282.0788  115.3232    0.0027
    0.0000    0.0214    0.0625  100.7001   76.1353    3.7924    0.0194
    0.0000    0.1720    0.0652   79.0278   13.0044    1.6053    0.0023
    0.0000    0.0000    0.0437    0.8798    3.9814    0.4700    2.1054
    0.5087    0.3122    1.3931    0.4640    0.0000    1.8425    0.5367
    0.5917   -0.7578   -0.0030    0.0000    1.1696    0.3596    0.3983
   -0.6128   -0.0019   -0.0382   -0.0036    0.0000    0.7319    0.1970
    0.2216   -0.1347   -0.0028   -0.0515   -0.0029    0.0000    0.2374
    0.0101    0.0065   -0.0366   -0.0023
 PARAMETER VALUES,  CYCLE NUMBER 39,  AVDEV=   2.308
    5.4562   38.1352    1.7420   73.8829   41.6247    2.0456    0.0939
    4.1624    0.9748    1.0674   82.5694   40.4618    2.0777    0.0284
    3.8032    0.2666    0.3846  247.0133  272.0788  113.4454    0.0028
    0.0000    0.0217    0.0630  101.0133   76.9944    3.8370    0.0195
    0.0000    0.1726    0.0640   79.0712   13.0979    1.6333    0.0024
    0.0000    0.0000    0.0444    0.8798    3.9814    0.4700    2.1054
    0.5087    0.3122    1.3931    0.4640    0.0000    1.8425    0.5367
    0.5917   -0.7578   -0.0030    0.0000    1.1696    0.3596    0.3983
   -0.6128   -0.0019   -0.0382   -0.0036    0.0000    0.7319    0.1970
    0.2216   -0.1347   -0.0028   -0.0515   -0.0029    0.0000    0.2374
    0.0101    0.0065   -0.0366   -0.0023
 PARAMETER VALUES,  CYCLE NUMBER 40,  AVDEV=   2.311
    5.4562   38.1343    1.7420   73.8828   41.6236    2.0457    0.0939
    4.1623    0.9747    1.0673   82.5687   40.4585    2.0787    0.0284
    3.8519    0.2661    0.3856  243.1551  262.0788  111.4446    0.0029
    0.0000    0.0219    0.0636  101.3278   77.8573    3.8819    0.0196
    0.0000    0.1732    0.0628   79.1165   13.1959    1.6620    0.0024
    0.0000    0.0000    0.0451    0.8798    3.9814    0.4700    2.1054
    0.5087    0.3122    1.3931    0.4640    0.0000    1.8425    0.5367
    0.5917   -0.7578   -0.0030    0.0000    1.1696    0.3596    0.3983
   -0.6128   -0.0019   -0.0382   -0.0036    0.0000    0.7319    0.1970
    0.2216   -0.1347   -0.0028   -0.0515   -0.0029    0.0000    0.2374
    0.0101    0.0065   -0.0366   -0.0023
 PARAMETER VALUES FOR RCG INPUT
Se I  4s24p4            5.4562  38.1343    1.7420
Se I  4s24p35p         73.8828  41.6236    2.0457    0.0939    4.1623 LS99999999
   0.9747    1.0673
Se I  4s24p36p         82.5687  40.4585    2.0787    0.0284    3.8519 LS99999999
   0.2661    0.3856
Se I  4s24p34f        243.1551 262.0788  111.4446    0.0029    0.0000 LS99999999
   0.0219    0.0636
Se I  4s24p37p        101.3278  77.8573    3.8819    0.0196    0.0000 LS99999999
   0.1732    0.0628
Se I  4s24p35f         79.1165  13.1959    1.6620    0.0024    0.0000 LS99999999
   0.0000    0.0451
4s24p4  -4s24p35p      0.8798    3.9814
4s24p4  -4s24p36p      0.4700    2.1054
4s24p4  -4s24p34f      0.5087
4s24p4  -4s24p37p      0.3122    1.3931
4s24p4  -4s24p35f      0.4640
4s24p35p-4s24p36p      0.0000    1.8425    0.5367    0.5917
4s24p35p-4s24p34f     -0.7578   -0.0030
4s24p35p-4s24p37p      0.0000    1.1696    0.3596    0.3983
4s24p35p-4s24p35f     -0.6128   -0.0019
4s24p36p-4s24p34f     -0.0382   -0.0036
4s24p36p-4s24p37p      0.0000    0.7319    0.1970    0.2216
4s24p36p-4s24p35f     -0.1347   -0.0028
4s24p34f-4s24p37p     -0.0515   -0.0029
4s24p34f-4s24p35f      0.0000    0.2374    0.0101    0.0065
4s24p37p-4s24p35f     -0.0366   -0.0023

Se I      4s24p35s  4s24p34d  4s24p36s  4s24p35d  4s24p37s  4s24p36d
 PARAMETER VALUES,  CYCLE NUMBER  0,  AVDEV=   0.750
   62.9315   41.2326    2.0091    2.3658   78.7421   41.4829    2.0249
    0.0048    5.8835    4.0437    2.3565   81.3604   41.6749    2.0364
    0.5046   85.8785   41.6733    2.0366    0.0021    2.0398    1.6154
    0.9524   86.5774   41.7474    2.0413    0.2009   88.8530   41.7352
    2.0406    0.0011    0.9641    0.8017    0.4747   -5.1561   -1.3719
    0.0000    1.0773   -2.6474   -0.7917    0.0000    0.6755   -1.7031
   -0.5358   -1.5039   -0.6356    0.0000    3.0998    2.5504    1.4952
   -0.9002   -0.4019    0.0000    2.0555    1.7935    1.0538   -1.2580
   -0.3750    0.0000    0.3182   -0.8642   -0.2559   -0.6347   -0.2383
    0.0000    1.3499    1.1377    0.6722   -0.5140   -0.1629
 PARAMETER VALUES,  CYCLE NUMBER  1,  AVDEV=   0.749
   62.9313   41.2263    2.0085    2.3657   78.7392   41.4697    2.0289
    0.0048    5.8746    4.0392    2.3611   81.3605   41.6749    2.0364
    0.5046   87.0989   45.0321    2.1867    0.0022    2.5106    1.6123
    0.9568   86.5774   41.7474    2.0413    0.2009   85.2129   31.7352
    1.5516    0.0011    0.9910    0.8007    0.4762   -5.1561   -1.3719
    0.0000    1.0773   -2.6474   -0.7917    0.0000    0.6755   -1.7031
   -0.5358   -1.5039   -0.6356    0.0000    3.0998    2.5504    1.4952
   -0.9002   -0.4019    0.0000    2.0555    1.7935    1.0538   -1.2580
   -0.3750    0.0000    0.3182   -0.8642   -0.2559   -0.6347   -0.2383
    0.0000    1.3499    1.1377    0.6722   -0.5140   -0.1629
 PARAMETER VALUES,  CYCLE NUMBER  2,  AVDEV=   0.745
   62.9296   41.2067    2.0083    2.3647   78.7253   41.4240    2.0325
    0.0048    5.9257    4.0348    2.3516   81.3604   41.6749    2.0364
    0.5046   86.5471   43.5409    2.0676    0.0024    4.2696    1.5969
    0.9662   86.5773   41.7474    2.0413    0.2009   88.8487   41.7352
    2.0222    0.0012    1.5053    0.7955    0.4717   -5.1561   -1.3719
    0.0000    1.0773   -2.6474   -0.7917    0.0000    0.6755   -1.7031
   -0.5358   -1.5039   -0.6356    0.0000    3.0998    2.5504    1.4952
   -0.9002   -0.4019    0.0000    2.0555    1.7935    1.0538   -1.2580
   -0.3750    0.0000    0.3182   -0.8642   -0.2559   -0.6347   -0.2383
    0.0000    1.3499    1.1377    0.6722   -0.5140   -0.1629
 PARAMETER VALUES,  CYCLE NUMBER  3,  AVDEV=   0.740
   62.9278   41.1814    2.0071    2.3636   78.7126   41.3740    2.0451
    0.0048    5.9118    4.0238    2.3521   81.3604   41.6749    2.0364
    0.5046   89.0743   50.5262    2.3159    0.0026    7.4919    1.5735
    0.9908   86.5772   41.7474    2.0413    0.2009   85.2072   31.7352
    1.5298    0.0012    1.7823    0.7876    0.4756   -5.1561   -1.3719
    0.0000    1.0773   -2.6474   -0.7917    0.0000    0.6755   -1.7031
   -0.5358   -1.5039   -0.6356    0.0000    3.0998    2.5504    1.4952
   -0.9002   -0.4019    0.0000    2.0555    1.7935    1.0538   -1.2580
   -0.3750    0.0000    0.3182   -0.8642   -0.2559   -0.6347   -0.2383
    0.0000    1.3499    1.1377    0.6722   -0.5140   -0.1629
 PARAMETER VALUES,  CYCLE NUMBER  4,  AVDEV=   0.738
   62.9272   41.1731    2.0071    2.3634   78.7036   41.3468    2.0432
    0.0048    5.9561    4.0283    2.3395   81.3604   41.6749    2.0364
    0.5046   87.4357   46.0254    2.0992    0.0026    8.0461    1.5561
    1.0084   86.5772   41.7474    2.0413    0.2009   88.8456   41.7352
    2.0135    0.0012    1.7201    0.7896    0.4654   -5.1561   -1.3719
    0.0000    1.0773   -2.6474   -0.7917    0.0000    0.6755   -1.7031
   -0.5358   -1.5039   -0.6356    0.0000    3.0998    2.5504    1.4952
   -0.9002   -0.4019    0.0000    2.0555    1.7935    1.0538   -1.2580
   -0.3750    0.0000    0.3182   -0.8642   -0.2559   -0.6347   -0.2383
    0.0000    1.3499    1.1377    0.6722   -0.5140   -0.1629
 PARAMETER VALUES,  CYCLE NUMBER  5,  AVDEV=   0.736
   62.9257   41.1604    2.0069    2.3626   78.6958   41.3209    2.0465
    0.0049    5.9638    4.0288    2.3278   81.3603   41.6749    2.0364
    0.5046   87.3531   45.8173    2.0498    0.0026    9.9320    1.5296
    1.0370   86.5771   41.7474    2.0413    0.2009   92.4835   51.7352
    2.4943    0.0012    1.7675    0.7869    0.4613   -5.1561   -1.3719
    0.0000    1.0773   -2.6474   -0.7917    0.0000    0.6755   -1.7031
   -0.5358   -1.5039   -0.6356    0.0000    3.0998    2.5504    1.4952
   -0.9002   -0.4019    0.0000    2.0555    1.7935    1.0538   -1.2580
   -0.3750    0.0000    0.3182   -0.8642   -0.2559   -0.6347   -0.2383
    0.0000    1.3499    1.1377    0.6722   -0.5140   -0.1629
 PARAMETER VALUES,  CYCLE NUMBER  6,  AVDEV=   0.732
   62.9229   41.1334    2.0062    2.3612   78.6806   41.2669    2.0562
    0.0049    5.9568    4.0291    2.3072   81.3602   41.6749    2.0364
    0.5046   88.8780   50.0578    2.1392    0.0024   15.2205    1.4669
    1.1111   86.5769   41.7474    2.0413    0.2009   96.1216   61.7352
    2.9810    0.0012    1.7594    0.7769    0.4619   -5.1561   -1.3719
    0.0000    1.0773   -2.6474   -0.7917    0.0000    0.6755   -1.7031
   -0.5358   -1.5039   -0.6356    0.0000    3.0998    2.5504    1.4952
   -0.9002   -0.4019    0.0000    2.0555    1.7935    1.0538   -1.2580
   -0.3750    0.0000    0.3182   -0.8642   -0.2559   -0.6347   -0.2383
    0.0000    1.3499    1.1377    0.6722   -0.5140   -0.1629
 PARAMETER VALUES,  CYCLE NUMBER  7,  AVDEV=   0.727
   62.9191   41.0996    2.0053    2.3593   78.6613   41.1978    2.0684
    0.0049    5.9384    4.0363    2.2734   81.3600   41.6749    2.0364
    0.5046   92.0430   58.8318    2.3660    0.0015   25.2205    1.3467
    1.2660   86.5767   41.7474    2.0413    0.2009   99.6614   71.4651
    3.4582    0.0012    1.6872    0.7599    0.4684   -5.1561   -1.3719
    0.0000    1.0773   -2.6474   -0.7917    0.0000    0.6755   -1.7031
   -0.5358   -1.5039   -0.6356    0.0000    3.0998    2.5504    1.4952
   -0.9002   -0.4019    0.0000    2.0555    1.7935    1.0538   -1.2580
   -0.3750    0.0000    0.3182   -0.8642   -0.2559   -0.6347   -0.2383
    0.0000    1.3499    1.1377    0.6722   -0.5140   -0.1629
 PARAMETER VALUES,  CYCLE NUMBER  8,  AVDEV=   0.724
   62.9172   41.0824    2.0046    2.3583   78.6512   41.1601    2.0752
    0.0049    5.9146    4.0479    2.2474   81.3599   41.6749    2.0364
    0.5046   95.3089   67.8608    2.6371    0.0001   35.2205    1.2229
    1.4401   86.5766   41.7474    2.0413    0.2009   98.5244   68.3477
    3.3003    0.0012    1.6734    0.7471    0.4766   -5.1561   -1.3719
    0.0000    1.0773   -2.6474   -0.7917    0.0000    0.6755   -1.7031
   -0.5358   -1.5039   -0.6356    0.0000    3.0998    2.5504    1.4952
   -0.9002   -0.4019    0.0000    2.0555    1.7935    1.0538   -1.2580
   -0.3750    0.0000    0.3182   -0.8642   -0.2559   -0.6347   -0.2383
    0.0000    1.3499    1.1377    0.6722   -0.5140   -0.1629
 PARAMETER VALUES,  CYCLE NUMBER  9,  AVDEV=   0.722
   62.9158   41.0701    2.0041    2.3575   78.6439   41.1319    2.0811
    0.0049    5.8784    4.0621    2.2219   81.3598   41.6749    2.0364
    0.5046   98.3649   76.2927    2.9180    0.0000   45.2205    1.0844
    1.6413   86.5765   41.7474    2.0413    0.2009   97.8394   66.4782
    3.1879    0.0012    1.7287    0.7367    0.4836   -5.1561   -1.3719
    0.0000    1.0773   -2.6474   -0.7917    0.0000    0.6755   -1.7031
   -0.5358   -1.5039   -0.6356    0.0000    3.0998    2.5504    1.4952
   -0.9002   -0.4019    0.0000    2.0555    1.7935    1.0538   -1.2580
   -0.3750    0.0000    0.3182   -0.8642   -0.2559   -0.6347   -0.2383
    0.0000    1.3499    1.1377    0.6722   -0.5140   -0.1629
 PARAMETER VALUES,  CYCLE NUMBER 10,  AVDEV=   0.721
   62.9147   41.0584    2.0039    2.3565   78.6372   41.1057    2.0875
    0.0049    5.8370    4.0747    2.1971   81.3597   41.6749    2.0364
    0.5046   99.8786   80.4541    3.0839    0.0000   51.7567    0.9648
    1.8144   86.5764   41.7474    2.0413    0.2009  101.4720   76.4782
    3.6359    0.0012    1.8418    0.7300    0.4860   -5.1561   -1.3719
    0.0000    1.0773   -2.6474   -0.7917    0.0000    0.6755   -1.7031
   -0.5358   -1.5039   -0.6356    0.0000    3.0998    2.5504    1.4952
   -0.9002   -0.4019    0.0000    2.0555    1.7935    1.0538   -1.2580
   -0.3750    0.0000    0.3182   -0.8642   -0.2559   -0.6347   -0.2383
    0.0000    1.3499    1.1377    0.6722   -0.5140   -0.1629
 PARAMETER VALUES,  CYCLE NUMBER 11,  AVDEV=   0.719
   62.9141   41.0511    2.0038    2.3559   78.6333   41.0895    2.0922
    0.0049    5.8047    4.0818    2.1826   81.3596   41.6749    2.0364
    0.5046  100.3037   81.6139    3.1455    0.0000   54.3603    0.9034
    1.9029   86.5764   41.7474    2.0413    0.2009  105.1057   86.4782
    4.0877    0.0012    1.9189    0.7271    0.4863   -5.1561   -1.3719
    0.0000    1.0773   -2.6474   -0.7917    0.0000    0.6755   -1.7031
   -0.5358   -1.5039   -0.6356    0.0000    3.0998    2.5504    1.4952
   -0.9002   -0.4019    0.0000    2.0555    1.7935    1.0538   -1.2580
   -0.3750    0.0000    0.3182   -0.8642   -0.2559   -0.6347   -0.2383
    0.0000    1.3499    1.1377    0.6722   -0.5140   -0.1629
 PARAMETER VALUES,  CYCLE NUMBER 12,  AVDEV=   0.718
   62.9138   41.0445    2.0038    2.3554   78.6298   41.0746    2.0971
    0.0050    5.7698    4.0881    2.1698   81.3596   41.6749    2.0364
    0.5046  100.5840   82.3745    3.1928    0.0000   56.3344    0.8521
    1.9771   86.5763   41.7474    2.0413    0.2009  108.7391   96.4782
    4.5370    0.0012    1.9840    0.7247    0.4866   -5.1561   -1.3719
    0.0000    1.0773   -2.6474   -0.7917    0.0000    0.6755   -1.7031
   -0.5358   -1.5039   -0.6356    0.0000    3.0998    2.5504    1.4952
   -0.9002   -0.4019    0.0000    2.0555    1.7935    1.0538   -1.2580
   -0.3750    0.0000    0.3182   -0.8642   -0.2559   -0.6347   -0.2383
    0.0000    1.3499    1.1377    0.6722   -0.5140   -0.1629
 PARAMETER VALUES,  CYCLE NUMBER 13,  AVDEV=   0.717
   62.9135   41.0381    2.0038    2.3549   78.6267   41.0601    2.1022
    0.0050    5.7317    4.0941    2.1579   81.3596   41.6749    2.0364
    0.5046  100.7769   82.8946    3.2312    0.0000   57.9291    0.8071
    2.0425   86.5763   41.7474    2.0413    0.2009  112.3722  106.4782
    4.9839    0.0012    2.0382    0.7227    0.4870   -5.1561   -1.3719
    0.0000    1.0773   -2.6474   -0.7917    0.0000    0.6755   -1.7031
   -0.5358   -1.5039   -0.6356    0.0000    3.0998    2.5504    1.4952
   -0.9002   -0.4019    0.0000    2.0555    1.7935    1.0538   -1.2580
   -0.3750    0.0000    0.3182   -0.8642   -0.2559   -0.6347   -0.2383
    0.0000    1.3499    1.1377    0.6722   -0.5140   -0.1629
 PARAMETER VALUES,  CYCLE NUMBER 14,  AVDEV=   0.716
   62.9134   41.0318    2.0038    2.3544   78.6236   41.0455    2.1078
    0.0050    5.6898    4.1001    2.1464   81.3596   41.6749    2.0364
    0.5046  100.9083   83.2446    3.2632    0.0000   59.2712    0.7659
    2.1025   86.5763   41.7474    2.0413    0.2009  116.0050  116.4782
    5.4285    0.0012    2.0825    0.7207    0.4876   -5.1561   -1.3719
    0.0000    1.0773   -2.6474   -0.7917    0.0000    0.6755   -1.7031
   -0.5358   -1.5039   -0.6356    0.0000    3.0998    2.5504    1.4952
   -0.9002   -0.4019    0.0000    2.0555    1.7935    1.0538   -1.2580
   -0.3750    0.0000    0.3182   -0.8642   -0.2559   -0.6347   -0.2383
    0.0000    1.3499    1.1377    0.6722   -0.5140   -0.1629
 PARAMETER VALUES,  CYCLE NUMBER 15,  AVDEV=   0.715
   62.9133   41.0253    2.0039    2.3539   78.6205   41.0301    2.1138
    0.0050    5.6429    4.1061    2.1348   81.3596   41.6749    2.0364
    0.5046  100.9907   83.4597    3.2904    0.0000   60.4385    0.7270
    2.1594   86.5763   41.7474    2.0413    0.2009  119.6376  126.4782
    5.8708    0.0012    2.1174    0.7187    0.4885   -5.1561   -1.3719
    0.0000    1.0773   -2.6474   -0.7917    0.0000    0.6755   -1.7031
   -0.5358   -1.5039   -0.6356    0.0000    3.0998    2.5504    1.4952
   -0.9002   -0.4019    0.0000    2.0555    1.7935    1.0538   -1.2580
   -0.3750    0.0000    0.3182   -0.8642   -0.2559   -0.6347   -0.2383
    0.0000    1.3499    1.1377    0.6722   -0.5140   -0.1629
 PARAMETER VALUES,  CYCLE NUMBER 16,  AVDEV=   0.713
   62.9134   41.0183    2.0039    2.3534   78.6173   41.0134    2.1207
    0.0050    5.5892    4.1127    2.1226   81.3596   41.6749    2.0364
    0.5046  101.0297   83.5541    3.3140    0.0000   61.4863    0.6886
    2.2157   86.5763   41.7474    2.0413    0.2009  123.2697  136.4782
    6.3105    0.0012    2.1433    0.7166    0.4898   -5.1561   -1.3719
    0.0000    1.0773   -2.6474   -0.7917    0.0000    0.6755   -1.7031
   -0.5358   -1.5039   -0.6356    0.0000    3.0998    2.5504    1.4952
   -0.9002   -0.4019    0.0000    2.0555    1.7935    1.0538   -1.2580
   -0.3750    0.0000    0.3182   -0.8642   -0.2559   -0.6347   -0.2383
    0.0000    1.3499    1.1377    0.6722   -0.5140   -0.1629
 PARAMETER VALUES,  CYCLE NUMBER 17,  AVDEV=   0.711
   62.9136   41.0102    2.0039    2.3529   78.6137   40.9940    2.1288
    0.0050    5.5245    4.1202    2.1091   81.3597   41.6749    2.0364
    0.5046  101.0234   83.5225    3.3346    0.0000   62.4613    0.6489
    2.2741   86.5763   41.7474    2.0413    0.2009  126.9014  146.4782
    6.7469    0.0012    2.1591    0.7142    0.4917   -5.1561   -1.3719
    0.0000    1.0773   -2.6474   -0.7917    0.0000    0.6755   -1.7031
   -0.5358   -1.5039   -0.6356    0.0000    3.0998    2.5504    1.4952
   -0.9002   -0.4019    0.0000    2.0555    1.7935    1.0538   -1.2580
   -0.3750    0.0000    0.3182   -0.8642   -0.2559   -0.6347   -0.2383
    0.0000    1.3499    1.1377    0.6722   -0.5140   -0.1629
 PARAMETER VALUES,  CYCLE NUMBER 18,  AVDEV=   0.709
   62.9139   41.0002    2.0039    2.3522   78.6093   40.9696    2.1393
    0.0050    5.4402    4.1295    2.0926   81.3598   41.6749    2.0364
    0.5046  100.9578   83.3248    3.3528    0.0000   63.4186    0.6043
    2.3398   86.5763   41.7474    2.0413    0.2009  130.5325  156.4782
    7.1788    0.0012    2.1616    0.7111    0.4945   -5.1561   -1.3719
    0.0000    1.0773   -2.6474   -0.7917    0.0000    0.6755   -1.7031
   -0.5358   -1.5039   -0.6356    0.0000    3.0998    2.5504    1.4952
   -0.9002   -0.4019    0.0000    2.0555    1.7935    1.0538   -1.2580
   -0.3750    0.0000    0.3182   -0.8642   -0.2559   -0.6347   -0.2383
    0.0000    1.3499    1.1377    0.6722   -0.5140   -0.1629
 PARAMETER VALUES,  CYCLE NUMBER 19,  AVDEV=   0.706
   62.9146   40.9849    2.0039    2.3513   78.6029   40.9325    2.1557
    0.0051    5.3078    4.1436    2.0682   81.3599   41.6749    2.0364
    0.5046  100.7762   82.8001    3.3688    0.0000   64.4745    0.5449
    2.4276   86.5764   41.7474    2.0413    0.2009  134.1622  166.4782
    7.6017    0.0012    2.1378    0.7062    0.4996   -5.1561   -1.3719
    0.0000    1.0773   -2.6474   -0.7917    0.0000    0.6755   -1.7031
   -0.5358   -1.5039   -0.6356    0.0000    3.0998    2.5504    1.4952
   -0.9002   -0.4019    0.0000    2.0555    1.7935    1.0538   -1.2580
   -0.3750    0.0000    0.3182   -0.8642   -0.2559   -0.6347   -0.2383
    0.0000    1.3499    1.1377    0.6722   -0.5140   -0.1629
 PARAMETER VALUES,  CYCLE NUMBER 20,  AVDEV=   0.692
   62.9178   40.9276    2.0040    2.3483   78.5801   40.7941    2.2181
    0.0053    4.8008    4.1960    1.9794   81.3605   41.6749    2.0364
    0.5046   99.7927   80.0083    3.3796    0.0000   66.7528    0.3612
    2.6996   86.5765   41.7474    2.0413    0.2009  137.7836  176.4781
    7.9694    0.0011    1.9304    0.6875    0.5218   -5.1561   -1.3719
    0.0000    1.0773   -2.6474   -0.7917    0.0000    0.6755   -1.7031
   -0.5358   -1.5039   -0.6356    0.0000    3.0998    2.5504    1.4952
   -0.9002   -0.4019    0.0000    2.0555    1.7935    1.0538   -1.2580
   -0.3750    0.0000    0.3182   -0.8642   -0.2559   -0.6347   -0.2383
    0.0000    1.3499    1.1377    0.6722   -0.5140   -0.1629
 PARAMETER VALUES,  CYCLE NUMBER 21,  AVDEV=   0.690
   62.9186   40.9166    2.0040    2.3478   78.5765   40.7689    2.2300
    0.0054    4.7046    4.2057    1.9633   81.3606   41.6749    2.0364
    0.5046   99.5379   79.2965    3.3651    0.0000   66.5925    0.3434
    2.7258   86.5765   41.7474    2.0413    0.2009  134.1510  166.4781
    7.5272    0.0011    1.8445    0.6836    0.5272   -5.1561   -1.3719
    0.0000    1.0773   -2.6474   -0.7917    0.0000    0.6755   -1.7031
   -0.5358   -1.5039   -0.6356    0.0000    3.0998    2.5504    1.4952
   -0.9002   -0.4019    0.0000    2.0555    1.7935    1.0538   -1.2580
   -0.3750    0.0000    0.3182   -0.8642   -0.2559   -0.6347   -0.2383
    0.0000    1.3499    1.1377    0.6722   -0.5140   -0.1629
 PARAMETER VALUES,  CYCLE NUMBER 22,  AVDEV=   0.685
   62.9201   40.8958    2.0042    2.3469   78.5698   40.7225    2.2517
    0.0055    4.5300    4.2235    1.9330   81.3608   41.6749    2.0364
    0.5046   99.0626   77.9693    3.3365    0.0000   66.2310    0.3123
    2.7708   86.5766   41.7474    2.0413    0.2009  130.5192  156.4781
    7.0898    0.0011    1.6986    0.6766    0.5368   -5.1561   -1.3719
    0.0000    1.0773   -2.6474   -0.7917    0.0000    0.6755   -1.7031
   -0.5358   -1.5039   -0.6356    0.0000    3.0998    2.5504    1.4952
   -0.9002   -0.4019    0.0000    2.0555    1.7935    1.0538   -1.2580
   -0.3750    0.0000    0.3182   -0.8642   -0.2559   -0.6347   -0.2383
    0.0000    1.3499    1.1377    0.6722   -0.5140   -0.1629
 PARAMETER VALUES,  CYCLE NUMBER 23,  AVDEV=   0.670
   62.9240   40.8343    2.0047    2.3439   78.5508   40.5898    2.3135
    0.0058    4.0401    4.2740    1.8437   81.3615   41.6749    2.0364
    0.5046   97.7261   74.2412    3.2512    0.0000   64.9961    0.2315
    2.8855   86.5768   41.7474    2.0413    0.2009  126.8916  146.4782
    6.6776    0.0011    1.3182    0.6567    0.5630   -5.1561   -1.3719
    0.0000    1.0773   -2.6474   -0.7917    0.0000    0.6755   -1.7031
   -0.5358   -1.5039   -0.6356    0.0000    3.0998    2.5504    1.4952
   -0.9002   -0.4019    0.0000    2.0555    1.7935    1.0538   -1.2580
   -0.3750    0.0000    0.3182   -0.8642   -0.2559   -0.6347   -0.2383
    0.0000    1.3499    1.1377    0.6722   -0.5140   -0.1629
 PARAMETER VALUES,  CYCLE NUMBER 24,  AVDEV=   0.650
   62.9292   40.7486    2.0058    2.3396   78.5277   40.4167    2.3946
    0.0063    3.4103    4.3420    1.7206   81.3624   41.6749    2.0364
    0.5046   96.2232   70.0528    3.1463    0.0000   63.2018    0.1497
    2.9975   86.5771   41.7474    2.0413    0.2009  123.2701  136.4782
    6.3041    0.0010    0.8436    0.6294    0.5985   -5.1561   -1.3719
    0.0000    1.0773   -2.6474   -0.7917    0.0000    0.6755   -1.7031
   -0.5358   -1.5039   -0.6356    0.0000    3.0998    2.5504    1.4952
   -0.9002   -0.4019    0.0000    2.0555    1.7935    1.0538   -1.2580
   -0.3750    0.0000    0.3182   -0.8642   -0.2559   -0.6347   -0.2383
    0.0000    1.3499    1.1377    0.6722   -0.5140   -0.1629
 PARAMETER VALUES,  CYCLE NUMBER 25,  AVDEV=   0.613
   62.9378   40.5964    2.0083    2.3320   78.4938   40.1329    2.5304
    0.0072    2.3973    4.4555    1.5073   81.3640   41.6749    2.0364
    0.5046   94.2009   64.4192    2.9956    0.0000   60.3742    0.0443
    3.1338   86.5777   41.7474    2.0413    0.2009  119.6592  126.4783
    5.9948    0.0009    0.1630    0.5831    0.6572   -5.1561   -1.3719
    0.0000    1.0773   -2.6474   -0.7917    0.0000    0.6755   -1.7031
   -0.5358   -1.5039   -0.6356    0.0000    3.0998    2.5504    1.4952
   -0.9002   -0.4019    0.0000    2.0555    1.7935    1.0538   -1.2580
   -0.3750    0.0000    0.3182   -0.8642   -0.2559   -0.6347   -0.2383
    0.0000    1.3499    1.1377    0.6722   -0.5140   -0.1629
 PARAMETER VALUES,  CYCLE NUMBER 26,  AVDEV=   0.612
   62.9378   40.5895    2.0084    2.3316   78.4929   40.1229    2.5366
    0.0073    2.3675    4.4593    1.4979   81.3641   41.6749    2.0364
    0.5046   94.1337   64.2330    2.9895    0.0000   60.2628    0.0406
    3.1369   86.5777   41.7474    2.0413    0.2009  123.2960  136.4782
    6.4634    0.0008    0.1403    0.5816    0.6584   -5.1561   -1.3719
    0.0000    1.0773   -2.6474   -0.7917    0.0000    0.6755   -1.7031
   -0.5358   -1.5039   -0.6356    0.0000    3.0998    2.5504    1.4952
   -0.9002   -0.4019    0.0000    2.0555    1.7935    1.0538   -1.2580
   -0.3750    0.0000    0.3182   -0.8642   -0.2559   -0.6347   -0.2383
    0.0000    1.3499    1.1377    0.6722   -0.5140   -0.1629
 PARAMETER VALUES,  CYCLE NUMBER 27,  AVDEV=   0.610
   62.9381   40.5799    2.0086    2.3310   78.4917   40.1084    2.5450
    0.0074    2.3208    4.4656    1.4841   81.3641   41.6749    2.0364
    0.5046   94.0477   63.9940    2.9821    0.0000   60.1249    0.0356
    3.1417   86.5777   41.7474    2.0413    0.2009  126.9337  146.4782
    6.9375    0.0008    0.0989    0.5790    0.6610   -5.1561   -1.3719
    0.0000    1.0773   -2.6474   -0.7917    0.0000    0.6755   -1.7031
   -0.5358   -1.5039   -0.6356    0.0000    3.0998    2.5504    1.4952
   -0.9002   -0.4019    0.0000    2.0555    1.7935    1.0538   -1.2580
   -0.3750    0.0000    0.3182   -0.8642   -0.2559   -0.6347   -0.2383
    0.0000    1.3499    1.1377    0.6722   -0.5140   -0.1629
 PARAMETER VALUES,  CYCLE NUMBER 28,  AVDEV=   0.606
   62.9388   40.5606    2.0089    2.3299   78.4891   40.0781    2.5613
    0.0076    2.2162    4.4805    1.4549   81.3643   41.6749    2.0364
    0.5046   93.8858   63.5435    2.9687    0.0000   59.8734    0.0259
    3.1522   86.5778   41.7474    2.0413    0.2009  130.5743  156.4782
    7.4292    0.0008    0.0000    0.5731    0.6678   -5.1561   -1.3719
    0.0000    1.0773   -2.6474   -0.7917    0.0000    0.6755   -1.7031
   -0.5358   -1.5039   -0.6356    0.0000    3.0998    2.5504    1.4952
   -0.9002   -0.4019    0.0000    2.0555    1.7935    1.0538   -1.2580
   -0.3750    0.0000    0.3182   -0.8642   -0.2559   -0.6347   -0.2383
    0.0000    1.3499    1.1377    0.6722   -0.5140   -0.1629
 PARAMETER VALUES,  CYCLE NUMBER 29,  AVDEV=   0.592
   62.9419   40.5019    2.0097    2.3270   78.4812   39.9830    2.6084
    0.0081    1.8712    4.5315    1.3628   81.3649   41.6749    2.0364
    0.5046   93.4293   62.2697    2.9331    0.0000   59.1753    0.0000
    3.1856   86.5781   41.7474    2.0413    0.2009  126.9549  146.4783
    7.0672    0.0007    0.0000    0.5530    0.6935   -5.1561   -1.3719
    0.0000    1.0773   -2.6474   -0.7917    0.0000    0.6755   -1.7031
   -0.5358   -1.5039   -0.6356    0.0000    3.0998    2.5504    1.4952
   -0.9002   -0.4019    0.0000    2.0555    1.7935    1.0538   -1.2580
   -0.3750    0.0000    0.3182   -0.8642   -0.2559   -0.6347   -0.2383
    0.0000    1.3499    1.1377    0.6722   -0.5140   -0.1629
 PARAMETER VALUES,  CYCLE NUMBER 30,  AVDEV=   0.589
   62.9425   40.4858    2.0102    2.3261   78.4787   39.9581    2.6191
    0.0082    1.7895    4.5449    1.3371   81.3650   41.6749    2.0364
    0.5046   93.2934   61.8915    2.9223    0.0000   58.9325    0.0000
    3.1922   86.5781   41.7474    2.0413    0.2009  130.5971  156.4783
    7.5684    0.0007    0.0000    0.5477    0.6997   -5.1561   -1.3719
    0.0000    1.0773   -2.6474   -0.7917    0.0000    0.6755   -1.7031
   -0.5358   -1.5039   -0.6356    0.0000    3.0998    2.5504    1.4952
   -0.9002   -0.4019    0.0000    2.0555    1.7935    1.0538   -1.2580
   -0.3750    0.0000    0.3182   -0.8642   -0.2559   -0.6347   -0.2383
    0.0000    1.3499    1.1377    0.6722   -0.5140   -0.1629
 PARAMETER VALUES,  CYCLE NUMBER 31,  AVDEV=   0.585
   62.9432   40.4680    2.0107    2.3252   78.4762   39.9314    2.6303
    0.0084    1.7008    4.5603    1.3081   81.3651   41.6749    2.0364
    0.5046   93.1418   61.4693    2.9106    0.0000   58.6546    0.0000
    3.1996   86.5782   41.7474    2.0413    0.2009  134.2405  166.4782
    8.0772    0.0007    0.0000    0.5419    0.7069   -5.1561   -1.3719
    0.0000    1.0773   -2.6474   -0.7917    0.0000    0.6755   -1.7031
   -0.5358   -1.5039   -0.6356    0.0000    3.0998    2.5504    1.4952
   -0.9002   -0.4019    0.0000    2.0555    1.7935    1.0538   -1.2580
   -0.3750    0.0000    0.3182   -0.8642   -0.2559   -0.6347   -0.2383
    0.0000    1.3499    1.1377    0.6722   -0.5140   -0.1629
 PARAMETER VALUES,  CYCLE NUMBER 32,  AVDEV=   0.583
   62.9435   40.4589    2.0111    2.3247   78.4750   39.9187    2.6352
    0.0085    1.6620    4.5681    1.2931   81.3652   41.6749    2.0364
    0.5046   93.0593   61.2399    2.9044    0.0000   58.4938    0.0000
    3.2029   86.5782   41.7474    2.0413    0.2009  137.8818  176.4782
    8.5728    0.0007    0.0000    0.5391    0.7102   -5.1561   -1.3719
    0.0000    1.0773   -2.6474   -0.7917    0.0000    0.6755   -1.7031
   -0.5358   -1.5039   -0.6356    0.0000    3.0998    2.5504    1.4952
   -0.9002   -0.4019    0.0000    2.0555    1.7935    1.0538   -1.2580
   -0.3750    0.0000    0.3182   -0.8642   -0.2559   -0.6347   -0.2383
    0.0000    1.3499    1.1377    0.6722   -0.5140   -0.1629
 PARAMETER VALUES,  CYCLE NUMBER 33,  AVDEV=   0.582
   62.9436   40.4528    2.0114    2.3244   78.4742   39.9108    2.6380
    0.0085    1.6396    4.5732    1.2830   81.3652   41.6749    2.0364
    0.5046   93.0013   61.0787    2.9001    0.0000   58.3762    0.0000
    3.2048   86.5783   41.7474    2.0413    0.2009  141.5223  186.4782
    9.0645    0.0007    0.0000    0.5373    0.7122   -5.1561   -1.3719
    0.0000    1.0773   -2.6474   -0.7917    0.0000    0.6755   -1.7031
   -0.5358   -1.5039   -0.6356    0.0000    3.0998    2.5504    1.4952
   -0.9002   -0.4019    0.0000    2.0555    1.7935    1.0538   -1.2580
   -0.3750    0.0000    0.3182   -0.8642   -0.2559   -0.6347   -0.2383
    0.0000    1.3499    1.1377    0.6722   -0.5140   -0.1629
 PARAMETER VALUES,  CYCLE NUMBER 34,  AVDEV=   0.581
   62.9436   40.4483    2.0116    2.3242   78.4737   39.9052    2.6399
    0.0086    1.6258    4.5769    1.2755   81.3653   41.6749    2.0364
    0.5046   92.9571   60.9557    2.8969    0.0000   58.2838    0.0000
    3.2061   86.5783   41.7474    2.0413    0.2009  145.1626  196.4782
    9.5542    0.0007    0.0000    0.5361    0.7136   -5.1561   -1.3719
    0.0000    1.0773   -2.6474   -0.7917    0.0000    0.6755   -1.7031
   -0.5358   -1.5039   -0.6356    0.0000    3.0998    2.5504    1.4952
   -0.9002   -0.4019    0.0000    2.0555    1.7935    1.0538   -1.2580
   -0.3750    0.0000    0.3182   -0.8642   -0.2559   -0.6347   -0.2383
    0.0000    1.3499    1.1377    0.6722   -0.5140   -0.1629
 PARAMETER VALUES,  CYCLE NUMBER 35,  AVDEV=   0.580
   62.9437   40.4446    2.0118    2.3240   78.4733   39.9011    2.6412
    0.0086    1.6169    4.5798    1.2695   81.3653   41.6749    2.0364
    0.5046   92.9216   60.8571    2.8944    0.0000   58.2080    0.0000
    3.2069   86.5783   41.7474    2.0413    0.2009  148.8027  206.4782
   10.0430    0.0007    0.0000    0.5351    0.7145   -5.1561   -1.3719
    0.0000    1.0773   -2.6474   -0.7917    0.0000    0.6755   -1.7031
   -0.5358   -1.5039   -0.6356    0.0000    3.0998    2.5504    1.4952
   -0.9002   -0.4019    0.0000    2.0555    1.7935    1.0538   -1.2580
   -0.3750    0.0000    0.3182   -0.8642   -0.2559   -0.6347   -0.2383
    0.0000    1.3499    1.1377    0.6722   -0.5140   -0.1629
 PARAMETER VALUES,  CYCLE NUMBER 36,  AVDEV=   0.580
   62.9437   40.4416    2.0120    2.3238   78.4729   39.8978    2.6421
    0.0087    1.6113    4.5821    1.2647   81.3653   41.6749    2.0364
    0.5046   92.8922   60.7753    2.8923    0.0000   58.1439    0.0000
    3.2075   86.5783   41.7474    2.0413    0.2009  152.4427  216.4782
   10.5312    0.0007    0.0000    0.5344    0.7152   -5.1561   -1.3719
    0.0000    1.0773   -2.6474   -0.7917    0.0000    0.6755   -1.7031
   -0.5358   -1.5039   -0.6356    0.0000    3.0998    2.5504    1.4952
   -0.9002   -0.4019    0.0000    2.0555    1.7935    1.0538   -1.2580
   -0.3750    0.0000    0.3182   -0.8642   -0.2559   -0.6347   -0.2383
    0.0000    1.3499    1.1377    0.6722   -0.5140   -0.1629
 PARAMETER VALUES,  CYCLE NUMBER 37,  AVDEV=   0.579
   62.9437   40.4390    2.0121    2.3237   78.4727   39.8953    2.6428
    0.0087    1.6079    4.5840    1.2605   81.3653   41.6749    2.0364
    0.5046   92.8672   60.7058    2.8906    0.0000   58.0887    0.0000
    3.2080   86.5783   41.7474    2.0413    0.2009  156.0826  226.4782
   11.0191    0.0007    0.0000    0.5339    0.7157   -5.1561   -1.3719
    0.0000    1.0773   -2.6474   -0.7917    0.0000    0.6755   -1.7031
   -0.5358   -1.5039   -0.6356    0.0000    3.0998    2.5504    1.4952
   -0.9002   -0.4019    0.0000    2.0555    1.7935    1.0538   -1.2580
   -0.3750    0.0000    0.3182   -0.8642   -0.2559   -0.6347   -0.2383
    0.0000    1.3499    1.1377    0.6722   -0.5140   -0.1629
 PARAMETER VALUES,  CYCLE NUMBER 38,  AVDEV=   0.579
   62.9436   40.4367    2.0123    2.3236   78.4725   39.8931    2.6432
    0.0087    1.6059    4.5856    1.2570   81.3653   41.6749    2.0364
    0.5046   92.8455   60.6458    2.8891    0.0000   58.0403    0.0000
    3.2083   86.5783   41.7474    2.0413    0.2009  159.7226  236.4782
   11.5069    0.0006    0.0000    0.5334    0.7161   -5.1561   -1.3719
    0.0000    1.0773   -2.6474   -0.7917    0.0000    0.6755   -1.7031
   -0.5358   -1.5039   -0.6356    0.0000    3.0998    2.5504    1.4952
   -0.9002   -0.4019    0.0000    2.0555    1.7935    1.0538   -1.2580
   -0.3750    0.0000    0.3182   -0.8642   -0.2559   -0.6347   -0.2383
    0.0000    1.3499    1.1377    0.6722   -0.5140   -0.1629
 PARAMETER VALUES,  CYCLE NUMBER 39,  AVDEV=   0.578
   62.9436   40.4346    2.0124    2.3234   78.4723   39.8913    2.6436
    0.0087    1.6051    4.5870    1.2538   81.3653   41.6749    2.0364
    0.5046   92.8266   60.5930    2.8879    0.0000   57.9973    0.0000
    3.2086   86.5783   41.7474    2.0413    0.2009  163.3625  246.4782
   11.9947    0.0006    0.0000    0.5330    0.7164   -5.1561   -1.3719
    0.0000    1.0773   -2.6474   -0.7917    0.0000    0.6755   -1.7031
   -0.5358   -1.5039   -0.6356    0.0000    3.0998    2.5504    1.4952
   -0.9002   -0.4019    0.0000    2.0555    1.7935    1.0538   -1.2580
   -0.3750    0.0000    0.3182   -0.8642   -0.2559   -0.6347   -0.2383
    0.0000    1.3499    1.1377    0.6722   -0.5140   -0.1629
 PARAMETER VALUES,  CYCLE NUMBER 40,  AVDEV=   0.578
   62.9436   40.4328    2.0125    2.3233   78.4722   39.8898    2.6439
    0.0087    1.6050    4.5882    1.2510   81.3653   41.6749    2.0364
    0.5046   92.8097   60.5461    2.8868    0.0000   57.9587    0.0000
    3.2088   86.5783   41.7474    2.0413    0.2009  167.0024  256.4782
   12.4825    0.0006    0.0000    0.5327    0.7167   -5.1561   -1.3719
    0.0000    1.0773   -2.6474   -0.7917    0.0000    0.6755   -1.7031
   -0.5358   -1.5039   -0.6356    0.0000    3.0998    2.5504    1.4952
   -0.9002   -0.4019    0.0000    2.0555    1.7935    1.0538   -1.2580
   -0.3750    0.0000    0.3182   -0.8642   -0.2559   -0.6347   -0.2383
    0.0000    1.3499    1.1377    0.6722   -0.5140   -0.1629
 PARAMETER VALUES FOR RCG INPUT
Se I  4s24p35s         62.9436  40.4328    2.0125    2.3233
Se I  4s24p34d         78.4722  39.8898    2.6439    0.0087    1.6050 LS99999999
   4.5882    1.2510
Se I  4s24p36s         81.3653  41.6749    2.0364    0.5046
Se I  4s24p35d         92.8097  60.5461    2.8868    0.0000   57.9587 LS99999999
   0.0000    3.2088
Se I  4s24p37s         86.5783  41.7474    2.0413    0.2009
Se I  4s24p36d        167.0024 256.4782   12.4825    0.0006    0.0000 LS99999999
   0.5327    0.7167
4s24p35s-4s24p34d     -5.1561   -1.3719
4s24p35s-4s24p36s      0.0000    1.0773
4s24p35s-4s24p35d     -2.6474   -0.7917
4s24p35s-4s24p37s      0.0000    0.6755
4s24p35s-4s24p36d     -1.7031   -0.5358
4s24p34d-4s24p36s     -1.5039   -0.6356
4s24p34d-4s24p35d      0.0000    3.0998    2.5504    1.4952
4s24p34d-4s24p37s     -0.9002   -0.4019
4s24p34d-4s24p36d      0.0000    2.0555    1.7935    1.0538
4s24p36s-4s24p35d     -1.2580   -0.3750
4s24p36s-4s24p37s      0.0000    0.3182
4s24p36s-4s24p36d     -0.8642   -0.2559
4s24p35d-4s24p37s     -0.6347   -0.2383
4s24p35d-4s24p36d      0.0000    1.3499    1.1377    0.6722
4s24p37s-4s24p36d     -0.5140   -0.1629

