Tl I      6s26p     6s27p     6s28p     6s29p     6s25f     6s26f   
6s27f   
 PARAMETER VALUES,  CYCLE NUMBER  0,  AVDEV=   0.010
    5.1890    5.1708   34.8253    0.6592   41.6148    0.2414   44.5010
    0.1172   38.2667    0.0001   40.7965    0.0001   42.1672    0.0000
 PARAMETER VALUES,  CYCLE NUMBER  1,  AVDEV=   0.010
    5.1890    5.1708   34.8253    0.6592   41.6148    0.2414   44.5010
    0.1172   38.2667    0.0001   40.7965    0.0001   42.1672    0.0000
 PARAMETER VALUES FOR RCG INPUT
Tl I  6s26p             5.1890   5.1708
Tl I  6s27p            34.8253   0.6592
Tl I  6s28p            41.6148   0.2414
Tl I  6s29p            44.5010   0.1172
Tl I  6s25f            38.2667   0.0001
Tl I  6s26f            40.7965   0.0001
Tl I  6s27f            42.1672   0.0000

Tl I      6s27s     6s28s     6s29s     6s210s    6s26d     6s27d   
6s28d     6s29d     6s6p2   
 PARAMETER VALUES,  CYCLE NUMBER  0,  AVDEV=   2.877
   26.6180   38.8237   45.2384   45.3034   36.6462    0.0264   42.2791
    0.0117   45.4856    0.0061   48.0180    0.0036   55.7279   24.3796
    5.4300   30.5766   -3.8324   -1.8226   -1.1671   -0.8352    8.7890
    5.3936    3.7820    2.8458
 PARAMETER VALUES,  CYCLE NUMBER  1,  AVDEV=   1.941
   26.5988   43.1921   45.2450   45.3048   36.7182    0.0264   43.7571
    0.0117   46.4269    0.0061   49.9429    0.0036   53.7640   18.0234
    1.4694   29.3595   -3.8324   -1.8226   -1.1671   -0.8352    8.7890
    5.3936    3.7820    2.8458
 PARAMETER VALUES,  CYCLE NUMBER  2,  AVDEV=   1.755
   26.6124   43.2091   45.2435   45.3045   36.7075    0.0264   43.5952
    0.0117   46.2499    0.0061   49.9362    0.0036   53.9481   20.4059
    3.4823   25.7942   -3.8324   -1.8226   -1.1671   -0.8352    8.7890
    5.3936    3.7820    2.8458
 PARAMETER VALUES,  CYCLE NUMBER  3,  AVDEV=   1.747
   26.6059   43.2108   45.2444   45.3044   36.7115    0.0264   43.9345
    0.0117   46.2720    0.0061   49.9584    0.0036   53.4814   22.6450
    2.0935   25.6852   -3.8324   -1.8226   -1.1671   -0.8352    8.7890
    5.3936    3.7820    2.8458
 PARAMETER VALUES,  CYCLE NUMBER  4,  AVDEV=   1.762
   26.6080   43.2094   45.2434   45.3043   36.7115    0.0264   43.7172
    0.0117   46.2581    0.0061   49.9457    0.0036   53.5792   22.9695
    2.6325   24.7633   -3.8324   -1.8226   -1.1671   -0.8352    8.7890
    5.3936    3.7820    2.8458
 PARAMETER VALUES,  CYCLE NUMBER  5,  AVDEV=   1.628
   26.6035   43.2138   45.2449   45.3045   36.7078    0.0264   44.6843
    0.0117   46.2648    0.0061   49.9476    0.0036   53.3030   24.3951
    1.2924   26.8598   -3.8324   -1.8226   -1.1671   -0.8352    8.7890
    5.3936    3.7820    2.8458
 PARAMETER VALUES,  CYCLE NUMBER  6,  AVDEV=   1.618
   26.6025   43.2119   45.2431   45.3044   36.6957    0.0264   45.0626
    0.0117   46.2328    0.0061   49.9301    0.0036   53.1973   26.8191
    1.6240   25.8595   -3.8324   -1.8226   -1.1671   -0.8352    8.7890
    5.3936    3.7820    2.8458
 PARAMETER VALUES,  CYCLE NUMBER  7,  AVDEV=   1.625
   26.6048   43.2138   45.2442   45.3045   36.7018    0.0264   45.0470
    0.0117   46.2369    0.0061   49.9372    0.0036   53.3168   24.6895
    1.4390   27.0532   -3.8324   -1.8226   -1.1671   -0.8352    8.7890
    5.3936    3.7820    2.8458
 PARAMETER VALUES,  CYCLE NUMBER  8,  AVDEV=   1.616
   26.6028   43.2125   45.2435   45.3044   36.6984    0.0264   45.0220
    0.0117   46.2361    0.0061   49.9339    0.0036   53.2109   26.2906
    1.5014   26.1297   -3.8324   -1.8226   -1.1671   -0.8352    8.7890
    5.3936    3.7820    2.8458
 PARAMETER VALUES,  CYCLE NUMBER  9,  AVDEV=   1.615
   26.6022   43.2124   45.2434   45.3044   36.7002    0.0264   45.0209
    0.0117   46.2373    0.0061   49.9361    0.0036   53.1075   26.8151
    1.4124   25.6858   -3.8324   -1.8226   -1.1671   -0.8352    8.7890
    5.3936    3.7820    2.8458
 PARAMETER VALUES,  CYCLE NUMBER 10,  AVDEV=   1.636
   26.6061   43.2149   45.2449   45.3046   36.7074    0.0264   45.0285
    0.0117   46.2404    0.0061   49.9431    0.0036   53.3326   23.6013
    1.3615   27.4540   -3.8324   -1.8226   -1.1671   -0.8352    8.7890
    5.3936    3.7820    2.8458
 PARAMETER VALUES,  CYCLE NUMBER 11,  AVDEV=   1.621
   26.6044   43.2136   45.2441   45.3045   36.7024    0.0264   45.0218
    0.0117   46.2380    0.0061   49.9378    0.0036   53.2840   24.9565
    1.4687   26.7949   -3.8324   -1.8226   -1.1671   -0.8352    8.7890
    5.3936    3.7820    2.8458
 PARAMETER VALUES,  CYCLE NUMBER 12,  AVDEV=   1.616
   26.6016   43.2118   45.2431   45.3043   36.6967    0.0264   45.0158
    0.0117   46.2356    0.0061   49.9324    0.0036   53.1350   27.2519
    1.4929   25.5857   -3.8324   -1.8226   -1.1671   -0.8352    8.7890
    5.3936    3.7820    2.8458
 PARAMETER VALUES,  CYCLE NUMBER 13,  AVDEV=   1.946
   26.6132   43.2190   45.2475   45.3051   36.7050    0.0264   45.0256
    0.0117   46.2392    0.0061   49.9402    0.0036   54.1380   17.2521
    1.3960   32.1634   -3.8324   -1.8226   -1.1671   -0.8352    8.7890
    5.3936    3.7820    2.8458
 PARAMETER VALUES,  CYCLE NUMBER 14,  AVDEV=   1.618
   26.6003   43.2095   45.2414   45.3043   36.6971    0.0264   45.0142
    0.0117   46.2352    0.0061   49.9318    0.0036   53.1278   27.2513
    1.6247   25.4360   -3.8324   -1.8226   -1.1671   -0.8352    8.7890
    5.3936    3.7820    2.8458
 PARAMETER VALUES,  CYCLE NUMBER 15,  AVDEV=   1.931
   26.6118   43.2165   45.2457   45.3051   36.7004    0.0264   45.0179
    0.0117   46.2365    0.0061   49.9343    0.0036   54.2376   17.2513
    1.5917   32.3496   -3.8324   -1.8226   -1.1671   -0.8352    8.7890
    5.3936    3.7820    2.8458
 PARAMETER VALUES,  CYCLE NUMBER 16,  AVDEV=   1.618
   26.5999   43.2093   45.2413   45.3043   36.6957    0.0264   45.0130
    0.0117   46.2347    0.0061   49.9307    0.0036   53.1586   27.2505
    1.6075   25.5699   -3.8324   -1.8226   -1.1671   -0.8352    8.7890
    5.3936    3.7820    2.8458
 PARAMETER VALUES,  CYCLE NUMBER 17,  AVDEV=   1.936
   26.6116   43.2167   45.2458   45.3050   36.7020    0.0264   45.0206
    0.0117   46.2375    0.0061   49.9364    0.0036   54.2027   17.2507
    1.5237   32.2892   -3.8324   -1.8226   -1.1671   -0.8352    8.7890
    5.3936    3.7820    2.8458
 PARAMETER VALUES,  CYCLE NUMBER 18,  AVDEV=   1.618
   26.5999   43.2092   45.2413   45.3043   36.6962    0.0264   45.0134
    0.0117   46.2349    0.0061   49.9311    0.0036   53.1476   27.2499
    1.6131   25.5225   -3.8324   -1.8226   -1.1671   -0.8352    8.7890
    5.3936    3.7820    2.8458
 PARAMETER VALUES,  CYCLE NUMBER 19,  AVDEV=   1.934
   26.6116   43.2165   45.2457   45.3050   36.7014    0.0264   45.0195
    0.0117   46.2371    0.0061   49.9357    0.0036   54.2162   17.2499
    1.5494   32.3133   -3.8324   -1.8226   -1.1671   -0.8352    8.7890
    5.3936    3.7820    2.8458
 PARAMETER VALUES,  CYCLE NUMBER 20,  AVDEV=   1.618
   26.5999   43.2092   45.2413   45.3043   36.6961    0.0264   45.0133
    0.0117   46.2348    0.0061   49.9310    0.0036   53.1518   27.2491
    1.6110   25.5409   -3.8324   -1.8226   -1.1671   -0.8352    8.7890
    5.3936    3.7820    2.8458
 PARAMETER VALUES,  CYCLE NUMBER 21,  AVDEV=   1.935
   26.6116   43.2165   45.2457   45.3050   36.7017    0.0264   45.0199
    0.0117   46.2373    0.0061   49.9360    0.0036   54.2108   17.2492
    1.5394   32.3035   -3.8324   -1.8226   -1.1671   -0.8352    8.7890
    5.3936    3.7820    2.8458
 PARAMETER VALUES,  CYCLE NUMBER 22,  AVDEV=   1.618
   26.5999   43.2092   45.2413   45.3043   36.6961    0.0264   45.0133
    0.0117   46.2349    0.0061   49.9310    0.0036   53.1502   27.2484
    1.6118   25.5342   -3.8324   -1.8226   -1.1671   -0.8352    8.7890
    5.3936    3.7820    2.8458
 PARAMETER VALUES,  CYCLE NUMBER 23,  AVDEV=   1.935
   26.6116   43.2165   45.2457   45.3050   36.7016    0.0264   45.0198
    0.0117   46.2372    0.0061   49.9359    0.0036   54.2124   17.2485
    1.5428   32.3061   -3.8324   -1.8226   -1.1671   -0.8352    8.7890
    5.3936    3.7820    2.8458
 PARAMETER VALUES,  CYCLE NUMBER 24,  AVDEV=   1.618
   26.5999   43.2092   45.2413   45.3043   36.6961    0.0264   45.0133
    0.0117   46.2348    0.0061   49.9310    0.0036   53.1508   27.2477
    1.6115   25.5368   -3.8324   -1.8226   -1.1671   -0.8352    8.7890
    5.3936    3.7820    2.8458
 PARAMETER VALUES,  CYCLE NUMBER 25,  AVDEV=   1.935
   26.6116   43.2165   45.2457   45.3050   36.7017    0.0264   45.0199
    0.0117   46.2373    0.0061   49.9359    0.0036   54.2113   17.2478
    1.5412   32.3041   -3.8324   -1.8226   -1.1671   -0.8352    8.7890
    5.3936    3.7820    2.8458
 PARAMETER VALUES,  CYCLE NUMBER 26,  AVDEV=   1.618
   26.5999   43.2092   45.2413   45.3043   36.6961    0.0264   45.0133
    0.0117   46.2348    0.0061   49.9310    0.0036   53.1506   27.2470
    1.6116   25.5360   -3.8324   -1.8226   -1.1671   -0.8352    8.7890
    5.3936    3.7820    2.8458
 PARAMETER VALUES,  CYCLE NUMBER 27,  AVDEV=   1.935
   26.6116   43.2165   45.2457   45.3050   36.7017    0.0264   45.0199
    0.0117   46.2373    0.0061   49.9359    0.0036   54.2112   17.2471
    1.5414   32.3037   -3.8324   -1.8226   -1.1671   -0.8352    8.7890
    5.3936    3.7820    2.8458
 PARAMETER VALUES,  CYCLE NUMBER 28,  AVDEV=   1.618
   26.5999   43.2092   45.2413   45.3043   36.6961    0.0264   45.0133
    0.0117   46.2348    0.0061   49.9310    0.0036   53.1506   27.2463
    1.6116   25.5364   -3.8324   -1.8226   -1.1671   -0.8352    8.7890
    5.3936    3.7820    2.8458
 PARAMETER VALUES,  CYCLE NUMBER 29,  AVDEV=   1.935
   26.6116   43.2165   45.2457   45.3050   36.7017    0.0264   45.0199
    0.0117   46.2373    0.0061   49.9360    0.0036   54.2108   17.2464
    1.5410   32.3027   -3.8324   -1.8226   -1.1671   -0.8352    8.7890
    5.3936    3.7820    2.8458
 PARAMETER VALUES,  CYCLE NUMBER 30,  AVDEV=   1.618
   26.5999   43.2092   45.2413   45.3043   36.6961    0.0264   45.0133
    0.0117   46.2349    0.0061   49.9310    0.0036   53.1506   27.2456
    1.6116   25.5364   -3.8324   -1.8226   -1.1671   -0.8352    8.7890
    5.3936    3.7820    2.8458
 PARAMETER VALUES,  CYCLE NUMBER 31,  AVDEV=   1.935
   26.6116   43.2165   45.2457   45.3050   36.7017    0.0264   45.0200
    0.0117   46.2373    0.0061   49.9360    0.0036   54.2105   17.2457
    1.5408   32.3020   -3.8324   -1.8226   -1.1671   -0.8352    8.7890
    5.3936    3.7820    2.8458
 PARAMETER VALUES,  CYCLE NUMBER 32,  AVDEV=   1.618
   26.5999   43.2092   45.2413   45.3043   36.6961    0.0264   45.0133
    0.0117   46.2349    0.0061   49.9310    0.0036   53.1506   27.2449
    1.6117   25.5365   -3.8324   -1.8226   -1.1671   -0.8352    8.7890
    5.3936    3.7820    2.8458
 PARAMETER VALUES,  CYCLE NUMBER 33,  AVDEV=   1.936
   26.6116   43.2165   45.2457   45.3050   36.7017    0.0264   45.0200
    0.0117   46.2373    0.0061   49.9360    0.0036   54.2101   17.2450
    1.5405   32.3011   -3.8324   -1.8226   -1.1671   -0.8352    8.7890
    5.3936    3.7820    2.8458
 PARAMETER VALUES,  CYCLE NUMBER 34,  AVDEV=   1.618
   26.5999   43.2092   45.2413   45.3043   36.6961    0.0264   45.0133
    0.0117   46.2349    0.0061   49.9310    0.0036   53.1505   27.2442
    1.6117   25.5366   -3.8324   -1.8226   -1.1671   -0.8352    8.7890
    5.3936    3.7820    2.8458
 PARAMETER VALUES,  CYCLE NUMBER 35,  AVDEV=   1.936
   26.6116   43.2165   45.2457   45.3050   36.7018    0.0264   45.0200
    0.0117   46.2373    0.0061   49.9360    0.0036   54.2098   17.2443
    1.5402   32.3003   -3.8324   -1.8226   -1.1671   -0.8352    8.7890
    5.3936    3.7820    2.8458
 PARAMETER VALUES,  CYCLE NUMBER 36,  AVDEV=   1.618
   26.5999   43.2092   45.2413   45.3043   36.6961    0.0264   45.0133
    0.0117   46.2349    0.0061   49.9310    0.0036   53.1505   27.2435
    1.6117   25.5367   -3.8324   -1.8226   -1.1671   -0.8352    8.7890
    5.3936    3.7820    2.8458
 PARAMETER VALUES,  CYCLE NUMBER 37,  AVDEV=   1.936
   26.6116   43.2165   45.2457   45.3050   36.7018    0.0264   45.0200
    0.0117   46.2373    0.0061   49.9360    0.0036   54.2094   17.2436
    1.5399   32.2995   -3.8324   -1.8226   -1.1671   -0.8352    8.7890
    5.3936    3.7820    2.8458
 PARAMETER VALUES,  CYCLE NUMBER 38,  AVDEV=   1.618
   26.5999   43.2092   45.2413   45.3043   36.6962    0.0264   45.0133
    0.0117   46.2349    0.0061   49.9310    0.0036   53.1505   27.2428
    1.6117   25.5368   -3.8324   -1.8226   -1.1671   -0.8352    8.7890
    5.3936    3.7820    2.8458
 PARAMETER VALUES,  CYCLE NUMBER 39,  AVDEV=   1.936
   26.6116   43.2165   45.2457   45.3050   36.7018    0.0264   45.0201
    0.0117   46.2373    0.0061   49.9361    0.0036   54.2091   17.2429
    1.5396   32.2987   -3.8324   -1.8226   -1.1671   -0.8352    8.7890
    5.3936    3.7820    2.8458
 PARAMETER VALUES,  CYCLE NUMBER 40,  AVDEV=   1.618
   26.5999   43.2092   45.2413   45.3043   36.6962    0.0264   45.0133
    0.0117   46.2349    0.0061   49.9310    0.0036   53.1505   27.2421
    1.6117   25.5369   -3.8324   -1.8226   -1.1671   -0.8352    8.7890
    5.3936    3.7820    2.8458
 PARAMETER VALUES FOR RCG INPUT
Tl I  6s27s            26.5999
Tl I  6s28s            43.2092
Tl I  6s29s            45.2413
Tl I  6s210s           45.3043
Tl I  6s26d            36.6962   0.0264
Tl I  6s27d            45.0133   0.0117
Tl I  6s28d            46.2349   0.0061
Tl I  6s29d            49.9310   0.0036
Tl I  6s6p2            53.1505  27.2421    1.6117   25.5369
6s27s   -6s6p2        -3.8324
6s28s   -6s6p2        -1.8226
6s29s   -6s6p2        -1.1671
6s210s  -6s6p2        -0.8352
6s26d   -6s6p2         8.7890
6s27d   -6s6p2         5.3936
6s28d   -6s6p2         3.7820
6s29d   -6s6p2         2.8458

