Ge I      4s24p2    4s24p5p   4s24p6p   4s24p4f   4s24p5f 
 PARAMETER VALUES,  CYCLE NUMBER  0,  AVDEV=   0.517
    3.9434   30.3570    0.8381   48.1578    1.0698    0.0770    4.2606
    1.6309    1.4600   56.0751    1.0759    0.0259    1.3106    0.4844
    0.4576   57.9368    1.0793    0.0000    0.5969    0.0312    0.0203
   60.4343    1.0794    0.0000    0.3097    0.0247    0.0160    1.0950
    4.5951    0.5797    2.4044    0.8328    0.7454    0.0000    1.9537
    0.8871    0.8151   -0.9645    0.0311   -0.7374    0.0299   -0.1071
    0.0103   -0.2262    0.0104    0.0000    0.3541    0.0278    0.0181
 PARAMETER VALUES,  CYCLE NUMBER  1,  AVDEV=   0.180
    4.1396   26.3782    0.8819   48.3701    1.1441    0.3144    2.8668
    0.8942    1.3774   56.2234    1.1489    0.1392    0.0000    0.1401
    0.1030   57.9573    1.1386    0.0000    0.6477    0.1512    0.1925
   60.4464    1.1729    0.0000    0.1750    0.0000    0.0000    1.0950
    4.5951    0.5797    2.4044    0.8328    0.7454    0.0000    1.9537
    0.8871    0.8151   -0.9645    0.0311   -0.7374    0.0299   -0.1071
    0.0103   -0.2262    0.0104    0.0000    0.3541    0.0278    0.0181
 PARAMETER VALUES,  CYCLE NUMBER  2,  AVDEV=   0.194
    4.1389   26.3742    0.8782   48.2979    0.6775    0.6449    4.7324
    1.0695    0.0000   56.2468    1.1351    0.1605    0.0000    0.1221
    0.0000   57.9548    1.1493    0.0000    0.6352    0.0928    0.2470
   60.4465    1.1728    0.0000    0.1692    0.0000    0.0000    1.0950
    4.5951    0.5797    2.4044    0.8328    0.7454    0.0000    1.9537
    0.8871    0.8151   -0.9645    0.0311   -0.7374    0.0299   -0.1071
    0.0103   -0.2262    0.0104    0.0000    0.3541    0.0278    0.0181
 PARAMETER VALUES,  CYCLE NUMBER  3,  AVDEV=   0.207
    4.1389   26.3745    0.8782   48.3467    1.3208    0.1148    3.7059
    0.9174    0.8554   56.2371    1.1328    0.1543    0.0000    0.1275
    0.0000   57.9554    1.1441    0.0000    0.6463    0.1232    0.1716
   60.4465    1.1729    0.0000    0.1697    0.0000    0.0000    1.0950
    4.5951    0.5797    2.4044    0.8328    0.7454    0.0000    1.9537
    0.8871    0.8151   -0.9645    0.0311   -0.7374    0.0299   -0.1071
    0.0103   -0.2262    0.0104    0.0000    0.3541    0.0278    0.0181
 PARAMETER VALUES,  CYCLE NUMBER  4,  AVDEV=   0.187
    4.1390   26.3764    0.8781   48.3192    0.5407    0.8217    4.2067
    1.0809    0.0000   56.2364    1.1212    0.1586    0.0000    0.1318
    0.0000   57.9567    1.1416    0.0000    0.6423    0.1247    0.1874
   60.4465    1.1728    0.0000    0.1689    0.0000    0.0000    1.0950
    4.5951    0.5797    2.4044    0.8328    0.7454    0.0000    1.9537
    0.8871    0.8151   -0.9645    0.0311   -0.7374    0.0299   -0.1071
    0.0103   -0.2262    0.0104    0.0000    0.3541    0.0278    0.0181
 PARAMETER VALUES,  CYCLE NUMBER  5,  AVDEV=   0.172
    4.1389   26.3738    0.8782   48.3561    0.3817    1.0777    3.3982
    0.8343    1.3383   56.2378    1.1256    0.1651    0.0000    0.1250
    0.0000   57.9580    1.1481    0.0000    0.5474    0.0000    0.2743
   60.4465    1.1728    0.0000    0.1688    0.0000    0.0000    1.0950
    4.5951    0.5797    2.4044    0.8328    0.7454    0.0000    1.9537
    0.8871    0.8151   -0.9645    0.0311   -0.7374    0.0299   -0.1071
    0.0103   -0.2262    0.0104    0.0000    0.3541    0.0278    0.0181
 PARAMETER VALUES,  CYCLE NUMBER  6,  AVDEV=   0.205
    4.1390   26.3763    0.8781   48.2797    0.8765    0.4725    4.3982
    1.1541    0.0000   56.2359    1.1253    0.1529    0.0000    0.1318
    0.0000   57.9563    1.1398    0.0000    0.7373    0.2373    0.1501
   60.4466    1.1728    0.0000    0.1692    0.0000    0.0000    1.0950
    4.5951    0.5797    2.4044    0.8328    0.7454    0.0000    1.9537
    0.8871    0.8151   -0.9645    0.0311   -0.7374    0.0299   -0.1071
    0.0103   -0.2262    0.0104    0.0000    0.3541    0.0278    0.0181
 PARAMETER VALUES,  CYCLE NUMBER  7,  AVDEV=   0.174
    4.1389   26.3737    0.8782   48.3757    1.0313    0.4311    3.2791
    0.7877    1.4226   56.2529    1.1445    0.1721    0.0000    0.1076
    0.0000   57.9527    1.1563    0.0000    0.6235    0.0455    0.3365
   60.4465    1.1728    0.0000    0.1695    0.0000    0.0000    1.0950
    4.5951    0.5797    2.4044    0.8328    0.7454    0.0000    1.9537
    0.8871    0.8151   -0.9645    0.0311   -0.7374    0.0299   -0.1071
    0.0103   -0.2262    0.0104    0.0000    0.3541    0.0278    0.0181
 PARAMETER VALUES,  CYCLE NUMBER  8,  AVDEV=   0.218
    4.1390   26.3760    0.8782   48.2536    0.4413    0.8920    4.5819
    1.1995    0.0000   56.2307    1.1186    0.1489    0.0000    0.1381
    0.0167   57.9570    1.1383    0.0000    0.6674    0.1812    0.0873
   60.4466    1.1728    0.0000    0.1687    0.0000    0.0000    1.0950
    4.5951    0.5797    2.4044    0.8328    0.7454    0.0000    1.9537
    0.8871    0.8151   -0.9645    0.0311   -0.7374    0.0299   -0.1071
    0.0103   -0.2262    0.0104    0.0000    0.3541    0.0278    0.0181
 PARAMETER VALUES,  CYCLE NUMBER  9,  AVDEV=   0.172
    4.1389   26.3738    0.8782   48.3822    0.4566    0.9969    3.2763
    0.7777    1.3462   56.2396    1.1278    0.1655    0.0000    0.1248
    0.0000   57.9562    1.1448    0.0000    0.6161    0.0556    0.2433
   60.4465    1.1728    0.0000    0.1689    0.0000    0.0000    1.0950
    4.5951    0.5797    2.4044    0.8328    0.7454    0.0000    1.9537
    0.8871    0.8151   -0.9645    0.0311   -0.7374    0.0299   -0.1071
    0.0103   -0.2262    0.0104    0.0000    0.3541    0.0278    0.0181
 PARAMETER VALUES,  CYCLE NUMBER 10,  AVDEV=   0.217
    4.1390   26.3761    0.8781   48.2574    0.9255    0.4266    4.4905
    1.1932    0.0000   56.2350    1.1248    0.1530    0.0000    0.1311
    0.0000   57.9567    1.1409    0.0000    0.6673    0.1824    0.1543
   60.4466    1.1728    0.0000    0.1693    0.0000    0.0000    1.0950
    4.5951    0.5797    2.4044    0.8328    0.7454    0.0000    1.9537
    0.8871    0.8151   -0.9645    0.0311   -0.7374    0.0299   -0.1071
    0.0103   -0.2262    0.0104    0.0000    0.3541    0.0278    0.0181
 PARAMETER VALUES,  CYCLE NUMBER 11,  AVDEV=   0.173
    4.1389   26.3738    0.8782   48.3867    0.9769    0.4761    3.2617
    0.7721    1.3894   56.2513    1.1427    0.1708    0.0000    0.1103
    0.0000   57.9530    1.1544    0.0000    0.6480    0.0738    0.3175
   60.4465    1.1728    0.0000    0.1694    0.0000    0.0000    1.0950
    4.5951    0.5797    2.4044    0.8328    0.7454    0.0000    1.9537
    0.8871    0.8151   -0.9645    0.0311   -0.7374    0.0299   -0.1071
    0.0103   -0.2262    0.0104    0.0000    0.3541    0.0278    0.0181
 PARAMETER VALUES,  CYCLE NUMBER 12,  AVDEV=   0.224
    4.1390   26.3758    0.8782   48.2492    0.3872    0.9606    4.5632
    1.2053    0.0000   56.2311    1.1180    0.1513    0.0000    0.1366
    0.0103   57.9571    1.1385    0.0000    0.6439    0.1595    0.1016
   60.4466    1.1728    0.0000    0.1687    0.0000    0.0000    1.0950
    4.5951    0.5797    2.4044    0.8328    0.7454    0.0000    1.9537
    0.8871    0.8151   -0.9645    0.0311   -0.7374    0.0299   -0.1071
    0.0103   -0.2262    0.0104    0.0000    0.3541    0.0278    0.0181
 PARAMETER VALUES,  CYCLE NUMBER 13,  AVDEV=   0.171
    4.1389   26.3739    0.8782   48.3920    0.5303    0.9156    3.2676
    0.7677    1.3183   56.2293    1.1186    0.1593    0.0000    0.1358
    0.0000   57.9597    1.1404    0.0000    0.5577    0.0000    0.2288
   60.4465    1.1728    0.0000    0.1691    0.0000    0.0000    1.0950
    4.5951    0.5797    2.4044    0.8328    0.7454    0.0000    1.9537
    0.8871    0.8151   -0.9645    0.0311   -0.7374    0.0299   -0.1071
    0.0103   -0.2262    0.0104    0.0000    0.3541    0.0278    0.0181
 PARAMETER VALUES,  CYCLE NUMBER 14,  AVDEV=   0.210
    4.1389   26.3755    0.8782   48.2726    1.0113    0.3716    4.3061
    1.1394    0.0000   56.2533    1.1418    0.1658    0.0000    0.1105
    0.0000   57.9536    1.1540    0.0000    0.7100    0.1996    0.3089
   60.4465    1.1728    0.0000    0.1693    0.0000    0.0000    1.0950
    4.5951    0.5797    2.4044    0.8328    0.7454    0.0000    1.9537
    0.8871    0.8151   -0.9645    0.0311   -0.7374    0.0299   -0.1071
    0.0103   -0.2262    0.0104    0.0000    0.3541    0.0278    0.0181
 PARAMETER VALUES,  CYCLE NUMBER 15,  AVDEV=   0.168
    4.1389   26.3744    0.8782   48.3909    0.8551    0.5851    3.3271
    0.7941    1.3397   56.2400    1.1331    0.1606    0.0000    0.1235
    0.0241   57.9546    1.1480    0.0000    0.6173    0.0607    0.2142
   60.4465    1.1728    0.0000    0.1693    0.0000    0.0000    1.0950
    4.5951    0.5797    2.4044    0.8328    0.7454    0.0000    1.9537
    0.8871    0.8151   -0.9645    0.0311   -0.7374    0.0299   -0.1071
    0.0103   -0.2262    0.0104    0.0000    0.3541    0.0278    0.0181
 PARAMETER VALUES,  CYCLE NUMBER 16,  AVDEV=   0.293
    4.1389   26.3753    0.8782   48.2584    0.0023    1.3937    4.3999
    1.1733    0.0000   56.2497    1.1305    0.1672    0.0000    0.1172
    0.0000   57.9543    1.1503    0.0000    0.6637    0.1559    0.2466
   60.4466    1.1728    0.0000    0.1682    0.0000    0.0000    1.0950
    4.5951    0.5797    2.4044    0.8328    0.7454    0.0000    1.9537
    0.8871    0.8151   -0.9645    0.0311   -0.7374    0.0299   -0.1071
    0.0103   -0.2262    0.0104    0.0000    0.3541    0.0278    0.0181
 PARAMETER VALUES,  CYCLE NUMBER 17,  AVDEV=   0.607
    4.1399   26.3944    0.8770   48.2843    1.9317    0.4387    0.0000
    1.1256    3.3827   56.2428    1.1230    0.1355    0.0000    0.1461
    0.1256   57.9535    1.1503    0.0000    0.6369    0.0793    0.2185
   60.4465    1.1729    0.0000    0.1701    0.0000    0.0000    1.0950
    4.5951    0.5797    2.4044    0.8328    0.7454    0.0000    1.9537
    0.8871    0.8151   -0.9645    0.0311   -0.7374    0.0299   -0.1071
    0.0103   -0.2262    0.0104    0.0000    0.3541    0.0278    0.0181
 PARAMETER VALUES,  CYCLE NUMBER 18,  AVDEV=   1.008
    4.1388   26.3719    0.8784   48.1187    0.0000    2.9122    0.0000
    0.4985   10.3201   56.2673    1.1420    0.1712    0.0000    0.1165
    0.0000   57.9486    1.1621    0.0000    0.6512    0.0796    0.1943
   60.4466    1.1727    0.0000    0.1669    0.0000    0.0000    1.0950
    4.5951    0.5797    2.4044    0.8328    0.7454    0.0000    1.9537
    0.8871    0.8151   -0.9645    0.0311   -0.7374    0.0299   -0.1071
    0.0103   -0.2262    0.0104    0.0000    0.3541    0.0278    0.0181
 PARAMETER VALUES,  CYCLE NUMBER 19,  AVDEV=   0.214
    4.1394   26.3822    0.8778   48.4399    0.3873    1.2017    2.5253
    0.7519    0.3212   56.2887    1.1349    0.1140    0.0000    0.1886
    0.4559   57.9430    1.1703    0.0000    0.6715    0.0134    0.1026
   60.4466    1.1729    0.0000    0.1684    0.0000    0.0000    1.0950
    4.5951    0.5797    2.4044    0.8328    0.7454    0.0000    1.9537
    0.8871    0.8151   -0.9645    0.0311   -0.7374    0.0299   -0.1071
    0.0103   -0.2262    0.0104    0.0000    0.3541    0.0278    0.0181
 PARAMETER VALUES,  CYCLE NUMBER 20,  AVDEV=   0.468
    4.1396   26.3885    0.8773   47.9649    1.1079    0.8560    0.0000
    0.9635    8.7562   56.2672    1.1564    0.1297    0.0000    0.1354
    0.0000   57.9440    1.1692    0.0000    0.6764    0.0308    0.1156
   60.4466    1.1728    0.0000    0.1694    0.0000    0.0000    1.0950
    4.5951    0.5797    2.4044    0.8328    0.7454    0.0000    1.9537
    0.8871    0.8151   -0.9645    0.0311   -0.7374    0.0299   -0.1071
    0.0103   -0.2262    0.0104    0.0000    0.3541    0.0278    0.0181
 PARAMETER VALUES,  CYCLE NUMBER 21,  AVDEV=   0.245
    4.1391   26.3770    0.8783   48.2511    0.9771    0.3970    1.1083
    1.0910    0.0000   56.2703    1.1265    0.0948    0.0000    0.1922
    0.3672   57.9441    1.1686    0.0000    0.6706    0.0275    0.1120
   60.4466    1.1728    0.0000    0.1696    0.0000    0.0000    1.0950
    4.5951    0.5797    2.4044    0.8328    0.7454    0.0000    1.9537
    0.8871    0.8151   -0.9645    0.0311   -0.7374    0.0299   -0.1071
    0.0103   -0.2262    0.0104    0.0000    0.3541    0.0278    0.0181
 PARAMETER VALUES,  CYCLE NUMBER 22,  AVDEV=   0.295
    4.1389   26.3732    0.8785   48.4693    1.0772    0.2652    6.8631
    1.0601    0.0000   56.2743    1.1582    0.1267    0.0000    0.1403
    0.0609   57.9429    1.1728    0.0000    0.6768    0.0252    0.1536
   60.4466    1.1728    0.0000    0.1692    0.0000    0.0000    1.0950
    4.5951    0.5797    2.4044    0.8328    0.7454    0.0000    1.9537
    0.8871    0.8151   -0.9645    0.0311   -0.7374    0.0299   -0.1071
    0.0103   -0.2262    0.0104    0.0000    0.3541    0.0278    0.0181
 PARAMETER VALUES,  CYCLE NUMBER 23,  AVDEV=   0.228
    4.1390   26.3771    0.8782   48.3964    0.9344    0.6119    4.3988
    1.0975    0.5664   56.2696    1.1524    0.1233    0.0000    0.1404
    0.0803   57.9434    1.1708    0.0000    0.6738    0.0273    0.1325
   60.4466    1.1728    0.0000    0.1690    0.0000    0.0000    1.0950
    4.5951    0.5797    2.4044    0.8328    0.7454    0.0000    1.9537
    0.8871    0.8151   -0.9645    0.0311   -0.7374    0.0299   -0.1071
    0.0103   -0.2262    0.0104    0.0000    0.3541    0.0278    0.0181
 PARAMETER VALUES,  CYCLE NUMBER 24,  AVDEV=   0.421
    4.1398   26.3929    0.8770   47.9052    0.0143    2.1245    0.0000
    1.1338    6.9873   56.2647    1.1392    0.1213    0.0000    0.1399
    0.0815   57.9443    1.1680    0.0000    0.6685    0.0292    0.1007
   60.4466    1.1727    0.0000    0.1681    0.0000    0.0000    1.0950
    4.5951    0.5797    2.4044    0.8328    0.7454    0.0000    1.9537
    0.8871    0.8151   -0.9645    0.0311   -0.7374    0.0299   -0.1071
    0.0103   -0.2262    0.0104    0.0000    0.3541    0.0278    0.0181
 PARAMETER VALUES,  CYCLE NUMBER 25,  AVDEV=   0.203
    4.1389   26.3719    0.8785   48.4291    0.4533    0.8314    3.7129
    0.9694    0.0000   56.2708    1.1538    0.1284    0.0000    0.1393
    0.0709   57.9439    1.1695    0.0000    0.6750    0.0287    0.1260
   60.4466    1.1728    0.0000    0.1690    0.0000    0.0000    1.0950
    4.5951    0.5797    2.4044    0.8328    0.7454    0.0000    1.9537
    0.8871    0.8151   -0.9645    0.0311   -0.7374    0.0299   -0.1071
    0.0103   -0.2262    0.0104    0.0000    0.3541    0.0278    0.0181
 PARAMETER VALUES,  CYCLE NUMBER 26,  AVDEV=   0.373
    4.1399   26.3942    0.8769   47.9647    2.0405    0.1414    0.0000
    1.2074    5.8353   56.2642    1.1557    0.1119    0.0000    0.1367
    0.0783   57.9441    1.1685    0.0000    0.6702    0.0287    0.1072
   60.4466    1.1728    0.0000    0.1703    0.0000    0.0000    1.0950
    4.5951    0.5797    2.4044    0.8328    0.7454    0.0000    1.9537
    0.8871    0.8151   -0.9645    0.0311   -0.7374    0.0299   -0.1071
    0.0103   -0.2262    0.0104    0.0000    0.3541    0.0278    0.0181
 PARAMETER VALUES,  CYCLE NUMBER 27,  AVDEV=   0.198
    4.1390   26.3753    0.8783   48.4079    0.7747    0.6093    3.4767
    0.9660    0.0000   56.2677    1.1553    0.1212    0.0000    0.1373
    0.0701   57.9441    1.1689    0.0000    0.6715    0.0297    0.1212
   60.4466    1.1728    0.0000    0.1690    0.0000    0.0000    1.0950
    4.5951    0.5797    2.4044    0.8328    0.7454    0.0000    1.9537
    0.8871    0.8151   -0.9645    0.0311   -0.7374    0.0299   -0.1071
    0.0103   -0.2262    0.0104    0.0000    0.3541    0.0278    0.0181
 PARAMETER VALUES,  CYCLE NUMBER 28,  AVDEV=   0.563
    4.1397   26.3908    0.8772   47.9628    0.0000    2.8740    0.0000
    1.1668    5.9566   56.2682    1.1387    0.1351    0.0000    0.1331
    0.0392   57.9442    1.1688    0.0000    0.6705    0.0289    0.1101
   60.4466    1.1727    0.0000    0.1672    0.0000    0.0000    1.0950
    4.5951    0.5797    2.4044    0.8328    0.7454    0.0000    1.9537
    0.8871    0.8151   -0.9645    0.0311   -0.7374    0.0299   -0.1071
    0.0103   -0.2262    0.0104    0.0000    0.3541    0.0278    0.0181
 PARAMETER VALUES,  CYCLE NUMBER 29,  AVDEV=   0.504
    4.1388   26.3707    0.8785   48.4587    0.2511    0.6005    5.9487
    0.8974    0.0000   56.2694    1.1547    0.1310    0.0000    0.1330
    0.0926   57.9441    1.1690    0.0000    0.6721    0.0295    0.1210
   60.4466    1.1728    0.0000    0.1692    0.0000    0.0000    1.0950
    4.5951    0.5797    2.4044    0.8328    0.7454    0.0000    1.9537
    0.8871    0.8151   -0.9645    0.0311   -0.7374    0.0299   -0.1071
    0.0103   -0.2262    0.0104    0.0000    0.3541    0.0278    0.0181
 PARAMETER VALUES,  CYCLE NUMBER 30,  AVDEV=   0.359
    4.1392   26.3817    0.8777   47.8481    1.9714    0.3557    0.0000
    1.1715    7.5695   56.2673    1.1547    0.1157    0.0000    0.1354
    0.0768   57.9442    1.1685    0.0000    0.6740    0.0300    0.1131
   60.4466    1.1728    0.0000    0.1709    0.0000    0.0000    1.0950
    4.5951    0.5797    2.4044    0.8328    0.7454    0.0000    1.9537
    0.8871    0.8151   -0.9645    0.0311   -0.7374    0.0299   -0.1071
    0.0103   -0.2262    0.0104    0.0000    0.3541    0.0278    0.0181
 PARAMETER VALUES,  CYCLE NUMBER 31,  AVDEV=   0.155
    4.1389   26.3727    0.8784   48.1074    0.7003    0.3864    0.0000
    0.7609    4.1077   56.2688    1.1622    0.1308    0.0000    0.1392
    0.0606   57.9442    1.1686    0.0000    0.6748    0.0313    0.1209
   60.4466    1.1728    0.0000    0.1695    0.0000    0.0000    1.0950
    4.5951    0.5797    2.4044    0.8328    0.7454    0.0000    1.9537
    0.8871    0.8151   -0.9645    0.0311   -0.7374    0.0299   -0.1071
    0.0103   -0.2262    0.0104    0.0000    0.3541    0.0278    0.0181
 PARAMETER VALUES,  CYCLE NUMBER 32,  AVDEV=   0.080
    4.1389   26.3747    0.8782   48.0226    1.1803    0.2884    0.0000
    0.8978    5.3951   56.2663    1.1654    0.1334    0.0000    0.1202
    0.0000   57.9443    1.1684    0.0000    0.6746    0.0316    0.1193
   60.4466    1.1728    0.0000    0.1699    0.0000    0.0000    1.0950
    4.5951    0.5797    2.4044    0.8328    0.7454    0.0000    1.9537
    0.8871    0.8151   -0.9645    0.0311   -0.7374    0.0299   -0.1071
    0.0103   -0.2262    0.0104    0.0000    0.3541    0.0278    0.0181
 PARAMETER VALUES,  CYCLE NUMBER 33,  AVDEV=   0.089
    4.1390   26.3749    0.8782   48.0218    1.0539    0.4379    0.0000
    0.9094    5.4436   56.2614    1.1618    0.1387    0.0000    0.1157
    0.0446   57.9447    1.1677    0.0000    0.6710    0.0347    0.1216
   60.4466    1.1728    0.0000    0.1698    0.0000    0.0000    1.0950
    4.5951    0.5797    2.4044    0.8328    0.7454    0.0000    1.9537
    0.8871    0.8151   -0.9645    0.0311   -0.7374    0.0299   -0.1071
    0.0103   -0.2262    0.0104    0.0000    0.3541    0.0278    0.0181
 PARAMETER VALUES,  CYCLE NUMBER 34,  AVDEV=   0.083
    4.1389   26.3744    0.8782   48.0210    1.1241    0.3363    0.0000
    0.8942    5.4415   56.2642    1.1646    0.1369    0.0000    0.1182
    0.0030   57.9447    1.1676    0.0000    0.6710    0.0347    0.1220
   60.4466    1.1728    0.0000    0.1699    0.0000    0.0000    1.0950
    4.5951    0.5797    2.4044    0.8328    0.7454    0.0000    1.9537
    0.8871    0.8151   -0.9645    0.0311   -0.7374    0.0299   -0.1071
    0.0103   -0.2262    0.0104    0.0000    0.3541    0.0278    0.0181
 PARAMETER VALUES,  CYCLE NUMBER 35,  AVDEV=   0.087
    4.1390   26.3749    0.8782   48.0222    1.0778    0.4130    0.0000
    0.9082    5.4223   56.2619    1.1616    0.1380    0.0000    0.1166
    0.0455   57.9446    1.1677    0.0000    0.6713    0.0341    0.1212
   60.4466    1.1728    0.0000    0.1698    0.0000    0.0000    1.0950
    4.5951    0.5797    2.4044    0.8328    0.7454    0.0000    1.9537
    0.8871    0.8151   -0.9645    0.0311   -0.7374    0.0299   -0.1071
    0.0103   -0.2262    0.0104    0.0000    0.3541    0.0278    0.0181
 PARAMETER VALUES,  CYCLE NUMBER 36,  AVDEV=   0.084
    4.1389   26.3744    0.8782   48.0210    1.1070    0.3560    0.0000
    0.8961    5.4466   56.2642    1.1648    0.1371    0.0000    0.1179
    0.0011   57.9447    1.1676    0.0000    0.6712    0.0347    0.1220
   60.4466    1.1728    0.0000    0.1699    0.0000    0.0000    1.0950
    4.5951    0.5797    2.4044    0.8328    0.7454    0.0000    1.9537
    0.8871    0.8151   -0.9645    0.0311   -0.7374    0.0299   -0.1071
    0.0103   -0.2262    0.0104    0.0000    0.3541    0.0278    0.0181
 PARAMETER VALUES,  CYCLE NUMBER 37,  AVDEV=   0.087
    4.1390   26.3748    0.8782   48.0221    1.0858    0.4013    0.0000
    0.9060    5.4227   56.2618    1.1615    0.1381    0.0000    0.1166
    0.0479   57.9447    1.1677    0.0000    0.6712    0.0341    0.1212
   60.4466    1.1728    0.0000    0.1698    0.0000    0.0000    1.0950
    4.5951    0.5797    2.4044    0.8328    0.7454    0.0000    1.9537
    0.8871    0.8151   -0.9645    0.0311   -0.7374    0.0299   -0.1071
    0.0103   -0.2262    0.0104    0.0000    0.3541    0.0278    0.0181
 PARAMETER VALUES,  CYCLE NUMBER 38,  AVDEV=   0.085
    4.1389   26.3745    0.8782   48.0211    1.1011    0.3656    0.0000
    0.8979    5.4439   56.2642    1.1648    0.1370    0.0000    0.1179
    0.0000   57.9447    1.1676    0.0000    0.6712    0.0348    0.1220
   60.4466    1.1728    0.0000    0.1699    0.0000    0.0000    1.0950
    4.5951    0.5797    2.4044    0.8328    0.7454    0.0000    1.9537
    0.8871    0.8151   -0.9645    0.0311   -0.7374    0.0299   -0.1071
    0.0103   -0.2262    0.0104    0.0000    0.3541    0.0278    0.0181
 PARAMETER VALUES,  CYCLE NUMBER 39,  AVDEV=   0.087
    4.1389   26.3748    0.8782   48.0219    1.0891    0.3945    0.0000
    0.9045    5.4257   56.2618    1.1615    0.1382    0.0000    0.1165
    0.0488   57.9446    1.1677    0.0000    0.6713    0.0340    0.1212
   60.4466    1.1728    0.0000    0.1698    0.0000    0.0000    1.0950
    4.5951    0.5797    2.4044    0.8328    0.7454    0.0000    1.9537
    0.8871    0.8151   -0.9645    0.0311   -0.7374    0.0299   -0.1071
    0.0103   -0.2262    0.0104    0.0000    0.3541    0.0278    0.0181
 PARAMETER VALUES,  CYCLE NUMBER 40,  AVDEV=   0.085
    4.1389   26.3745    0.8782   48.0213    1.0984    0.3712    0.0000
    0.8991    5.4409   56.2643    1.1648    0.1369    0.0000    0.1180
    0.0000   57.9447    1.1676    0.0000    0.6711    0.0349    0.1220
   60.4466    1.1728    0.0000    0.1699    0.0000    0.0000    1.0950
    4.5951    0.5797    2.4044    0.8328    0.7454    0.0000    1.9537
    0.8871    0.8151   -0.9645    0.0311   -0.7374    0.0299   -0.1071
    0.0103   -0.2262    0.0104    0.0000    0.3541    0.0278    0.0181
 PARAMETER VALUES FOR RCG INPUT
Ge I  4s24p2            4.1389  26.3745    0.8782
Ge I  4s24p5p          48.0213   1.0984    0.3712    0.0000    0.8991 LS99999999
   5.4409
Ge I  4s24p6p          56.2643   1.1648    0.1369    0.0000    0.1180 LS99999999
   0.0000
Ge I  4s24p4f          57.9447   1.1676    0.0000    0.6711    0.0349 LS99999999
   0.1220
Ge I  4s24p5f          60.4466   1.1728    0.0000    0.1699    0.0000 LS99999999
   0.0000
4s24p2  -4s24p5p       1.0950    4.5951
4s24p2  -4s24p6p       0.5797    2.4044
4s24p2  -4s24p4f       0.8328
4s24p2  -4s24p5f       0.7454
4s24p5p -4s24p6p       0.0000    1.9537    0.8871    0.8151
4s24p5p -4s24p4f      -0.9645    0.0311
4s24p5p -4s24p5f      -0.7374    0.0299
4s24p6p -4s24p4f      -0.1071    0.0103
4s24p6p -4s24p5f      -0.2262    0.0104
4s24p4f -4s24p5f       0.0000    0.3541    0.0278    0.0181

Ge I      4s24p5s   4s4p3     4s24p4d   4s24p6s   4s24p5d   4s24p7s 
4s24p6d 
 PARAMETER VALUES,  CYCLE NUMBER  0,  AVDEV=   0.293
   39.0195    1.0402    2.5127   74.3372   30.8020    0.8702   42.5761
   51.1796    1.0585    0.0026    5.7912    3.8725    2.2757   53.3541
    1.0697    0.5510   57.1701    1.0713    0.0011    1.9076    1.4526
    0.8669   58.2887    1.0755    0.2234   60.3373    1.0755    0.0006
    0.8975    0.7173    0.4305   -1.8170   -5.2971   -1.7087    0.0000
    1.1485   -2.5739   -0.9443    0.0000    0.7233   -1.6377   -0.6347
   11.5578   -0.8505    7.1869   -0.5405    5.0689   -1.5864   -0.7969
    0.0000    2.8688    2.3609    1.3987   -0.9503   -0.5063    0.0000
    1.8807    1.6532    0.9822   -1.3447   -0.4560    0.0000    0.3505
   -0.9099   -0.3102   -0.6752   -0.2919    0.0000    1.2412    1.0203
    0.6106   -0.5576   -0.1991
 PARAMETER VALUES,  CYCLE NUMBER  1,  AVDEV=   0.231
   39.0445    1.1217    2.4229   74.3321   30.8020    0.8702   42.5761
   51.1358    0.9708    0.0000    5.4935    3.2532    0.6736   53.4954
    1.1655    0.8916   57.1025    1.2516    0.1937    2.1364    0.5958
    0.0000   58.1437    1.0302    0.0000   60.6738    0.7382    0.0286
    3.3300    2.1126    4.2698   -1.8170   -5.2971   -1.7087    0.0000
    1.1485   -2.5739   -0.9443    0.0000    0.7233   -1.6377   -0.6347
   11.5578   -0.8505    7.1869   -0.5405    5.0689   -1.5864   -0.7969
    0.0000    2.8688    2.3609    1.3987   -0.9503   -0.5063    0.0000
    1.8807    1.6532    0.9822   -1.3447   -0.4560    0.0000    0.3505
   -0.9099   -0.3102   -0.6752   -0.2919    0.0000    1.2412    1.0203
    0.6106   -0.5576   -0.1991
 PARAMETER VALUES,  CYCLE NUMBER  2,  AVDEV=   0.220
   39.0438    1.1209    2.4179   74.3294   30.8020    0.8702   42.5761
   51.1384    0.9059    0.0000    5.7095    3.2565    0.7942   53.4813
    1.1183    0.7800   57.1227    1.2503    0.1893    2.1454    0.7180
    0.0000   58.2757    1.0843    0.0000   60.6438    0.8314    0.0000
    4.2933    1.8700    5.8376   -1.8170   -5.2971   -1.7087    0.0000
    1.1485   -2.5739   -0.9443    0.0000    0.7233   -1.6377   -0.6347
   11.5578   -0.8505    7.1869   -0.5405    5.0689   -1.5864   -0.7969
    0.0000    2.8688    2.3609    1.3987   -0.9503   -0.5063    0.0000
    1.8807    1.6532    0.9822   -1.3447   -0.4560    0.0000    0.3505
   -0.9099   -0.3102   -0.6752   -0.2919    0.0000    1.2412    1.0203
    0.6106   -0.5576   -0.1991
 PARAMETER VALUES,  CYCLE NUMBER  3,  AVDEV=   0.224
   39.0432    1.1208    2.4142   74.3301   30.8020    0.8702   42.5761
   51.1363    0.9085    0.0000    5.6769    3.2407    0.7582   53.4840
    1.1187    0.8017   57.0999    1.2336    0.1911    2.0478    0.5433
    0.0000   58.2271    1.0461    0.0000   61.3322    0.8328    0.0000
   11.4142    6.1027   15.8373   -1.8170   -5.2971   -1.7087    0.0000
    1.1485   -2.5739   -0.9443    0.0000    0.7233   -1.6377   -0.6347
   11.5578   -0.8505    7.1869   -0.5405    5.0689   -1.5864   -0.7969
    0.0000    2.8688    2.3609    1.3987   -0.9503   -0.5063    0.0000
    1.8807    1.6532    0.9822   -1.3447   -0.4560    0.0000    0.3505
   -0.9099   -0.3102   -0.6752   -0.2919    0.0000    1.2412    1.0203
    0.6106   -0.5576   -0.1991
 PARAMETER VALUES,  CYCLE NUMBER  4,  AVDEV=   0.226
   39.0427    1.1208    2.4114   74.3304   30.8020    0.8702   42.5761
   51.1348    0.9065    0.0000    5.6682    3.2297    0.7402   53.4853
    1.1182    0.8090   57.0951    1.2331    0.1926    2.0088    0.5088
    0.0000   58.2232    1.0426    0.0000   62.0403    0.8354    0.0000
   18.5422   10.3639   25.8372   -1.8170   -5.2971   -1.7087    0.0000
    1.1485   -2.5739   -0.9443    0.0000    0.7233   -1.6377   -0.6347
   11.5578   -0.8505    7.1869   -0.5405    5.0689   -1.5864   -0.7969
    0.0000    2.8688    2.3609    1.3987   -0.9503   -0.5063    0.0000
    1.8807    1.6532    0.9822   -1.3447   -0.4560    0.0000    0.3505
   -0.9099   -0.3102   -0.6752   -0.2919    0.0000    1.2412    1.0203
    0.6106   -0.5576   -0.1991
 PARAMETER VALUES,  CYCLE NUMBER  5,  AVDEV=   0.227
   39.0423    1.1208    2.4093   74.3306   30.8020    0.8702   42.5761
   51.1338    0.9047    0.0000    5.6642    3.2227    0.7296   53.4860
    1.1178    0.8128   57.0931    1.2337    0.1935    1.9877    0.4950
    0.0000   58.2227    1.0421    0.0000   62.7517    0.8371    0.0000
   25.6748   14.6368   35.8372   -1.8170   -5.2971   -1.7087    0.0000
    1.1485   -2.5739   -0.9443    0.0000    0.7233   -1.6377   -0.6347
   11.5578   -0.8505    7.1869   -0.5405    5.0689   -1.5864   -0.7969
    0.0000    2.8688    2.3609    1.3987   -0.9503   -0.5063    0.0000
    1.8807    1.6532    0.9822   -1.3447   -0.4560    0.0000    0.3505
   -0.9099   -0.3102   -0.6752   -0.2919    0.0000    1.2412    1.0203
    0.6106   -0.5576   -0.1991
 PARAMETER VALUES,  CYCLE NUMBER  6,  AVDEV=   0.227
   39.0421    1.1208    2.4077   74.3307   30.8020    0.8702   42.5761
   51.1331    0.9034    0.0000    5.6619    3.2179    0.7226   53.4865
    1.1175    0.8153   57.0921    1.2344    0.1941    1.9744    0.4880
    0.0000   58.2229    1.0422    0.0000   63.4643    0.8384    0.0000
   32.8100   18.9143   45.8371   -1.8170   -5.2971   -1.7087    0.0000
    1.1485   -2.5739   -0.9443    0.0000    0.7233   -1.6377   -0.6347
   11.5578   -0.8505    7.1869   -0.5405    5.0689   -1.5864   -0.7969
    0.0000    2.8688    2.3609    1.3987   -0.9503   -0.5063    0.0000
    1.8807    1.6532    0.9822   -1.3447   -0.4560    0.0000    0.3505
   -0.9099   -0.3102   -0.6752   -0.2919    0.0000    1.2412    1.0203
    0.6106   -0.5576   -0.1991
 PARAMETER VALUES,  CYCLE NUMBER  7,  AVDEV=   0.227
   39.0419    1.1208    2.4065   74.3307   30.8020    0.8702   42.5761
   51.1326    0.9025    0.0000    5.6605    3.2144    0.7176   53.4869
    1.1173    0.8169   57.0915    1.2350    0.1944    1.9651    0.4839
    0.0000   58.2231    1.0424    0.0000   64.1775    0.8393    0.0000
   39.9469   23.1943   55.8371   -1.8170   -5.2971   -1.7087    0.0000
    1.1485   -2.5739   -0.9443    0.0000    0.7233   -1.6377   -0.6347
   11.5578   -0.8505    7.1869   -0.5405    5.0689   -1.5864   -0.7969
    0.0000    2.8688    2.3609    1.3987   -0.9503   -0.5063    0.0000
    1.8807    1.6532    0.9822   -1.3447   -0.4560    0.0000    0.3505
   -0.9099   -0.3102   -0.6752   -0.2919    0.0000    1.2412    1.0203
    0.6106   -0.5576   -0.1991
 PARAMETER VALUES,  CYCLE NUMBER  8,  AVDEV=   0.227
   39.0417    1.1208    2.4055   74.3308   30.8020    0.8702   42.5761
   51.1322    0.9017    0.0000    5.6596    3.2118    0.7140   53.4871
    1.1171    0.8182   57.0911    1.2356    0.1947    1.9582    0.4814
    0.0000   58.2234    1.0427    0.0000   64.8910    0.8400    0.0000
   47.0849   27.4757   65.8371   -1.8170   -5.2971   -1.7087    0.0000
    1.1485   -2.5739   -0.9443    0.0000    0.7233   -1.6377   -0.6347
   11.5578   -0.8505    7.1869   -0.5405    5.0689   -1.5864   -0.7969
    0.0000    2.8688    2.3609    1.3987   -0.9503   -0.5063    0.0000
    1.8807    1.6532    0.9822   -1.3447   -0.4560    0.0000    0.3505
   -0.9099   -0.3102   -0.6752   -0.2919    0.0000    1.2412    1.0203
    0.6106   -0.5576   -0.1991
 PARAMETER VALUES,  CYCLE NUMBER  9,  AVDEV=   0.228
   39.0416    1.1208    2.4047   74.3308   30.8020    0.8702   42.5761
   51.1320    0.9011    0.0000    5.6588    3.2097    0.7111   53.4873
    1.1170    0.8191   57.0909    1.2361    0.1949    1.9529    0.4797
    0.0000   58.2237    1.0430    0.0000   65.6047    0.8406    0.0000
   54.2237   31.7580   75.8370   -1.8170   -5.2971   -1.7087    0.0000
    1.1485   -2.5739   -0.9443    0.0000    0.7233   -1.6377   -0.6347
   11.5578   -0.8505    7.1869   -0.5405    5.0689   -1.5864   -0.7969
    0.0000    2.8688    2.3609    1.3987   -0.9503   -0.5063    0.0000
    1.8807    1.6532    0.9822   -1.3447   -0.4560    0.0000    0.3505
   -0.9099   -0.3102   -0.6752   -0.2919    0.0000    1.2412    1.0203
    0.6106   -0.5576   -0.1991
 PARAMETER VALUES,  CYCLE NUMBER 10,  AVDEV=   0.228
   39.0415    1.1208    2.4041   74.3308   30.8020    0.8702   42.5761
   51.1317    0.9006    0.0000    5.6583    3.2081    0.7089   53.4875
    1.1169    0.8199   57.0907    1.2365    0.1951    1.9486    0.4785
    0.0000   58.2240    1.0432    0.0000   66.3185    0.8412    0.0000
   61.3631   36.0410   85.8370   -1.8170   -5.2971   -1.7087    0.0000
    1.1485   -2.5739   -0.9443    0.0000    0.7233   -1.6377   -0.6347
   11.5578   -0.8505    7.1869   -0.5405    5.0689   -1.5864   -0.7969
    0.0000    2.8688    2.3609    1.3987   -0.9503   -0.5063    0.0000
    1.8807    1.6532    0.9822   -1.3447   -0.4560    0.0000    0.3505
   -0.9099   -0.3102   -0.6752   -0.2919    0.0000    1.2412    1.0203
    0.6106   -0.5576   -0.1991
 PARAMETER VALUES,  CYCLE NUMBER 11,  AVDEV=   0.228
   39.0414    1.1208    2.4035   74.3309   30.8020    0.8702   42.5761
   51.1315    0.9001    0.0000    5.6579    3.2068    0.7070   53.4876
    1.1168    0.8205   57.0906    1.2369    0.1953    1.9452    0.4777
    0.0000   58.2242    1.0435    0.0000   67.0324    0.8416    0.0000
   68.5030   40.3244   95.8370   -1.8170   -5.2971   -1.7087    0.0000
    1.1485   -2.5739   -0.9443    0.0000    0.7233   -1.6377   -0.6347
   11.5578   -0.8505    7.1869   -0.5405    5.0689   -1.5864   -0.7969
    0.0000    2.8688    2.3609    1.3987   -0.9503   -0.5063    0.0000
    1.8807    1.6532    0.9822   -1.3447   -0.4560    0.0000    0.3505
   -0.9099   -0.3102   -0.6752   -0.2919    0.0000    1.2412    1.0203
    0.6106   -0.5576   -0.1991
 PARAMETER VALUES,  CYCLE NUMBER 12,  AVDEV=   0.228
   39.0413    1.1208    2.4030   74.3309   30.8020    0.8702   42.5761
   51.1314    0.8998    0.0000    5.6576    3.2056    0.7055   53.4878
    1.1167    0.8210   57.0905    1.2372    0.1954    1.9422    0.4771
    0.0000   58.2245    1.0437    0.0000   67.7463    0.8420    0.0000
   75.6432   44.6081  105.8370   -1.8170   -5.2971   -1.7087    0.0000
    1.1485   -2.5739   -0.9443    0.0000    0.7233   -1.6377   -0.6347
   11.5578   -0.8505    7.1869   -0.5405    5.0689   -1.5864   -0.7969
    0.0000    2.8688    2.3609    1.3987   -0.9503   -0.5063    0.0000
    1.8807    1.6532    0.9822   -1.3447   -0.4560    0.0000    0.3505
   -0.9099   -0.3102   -0.6752   -0.2919    0.0000    1.2412    1.0203
    0.6106   -0.5576   -0.1991
 PARAMETER VALUES,  CYCLE NUMBER 13,  AVDEV=   0.228
   39.0412    1.1208    2.4026   74.3309   30.8020    0.8702   42.5761
   51.1313    0.8995    0.0000    5.6573    3.2047    0.7042   53.4878
    1.1167    0.8215   57.0905    1.2375    0.1955    1.9398    0.4766
    0.0000   58.2247    1.0439    0.0000   68.4603    0.8423    0.0000
   82.7838   48.8922  115.8370   -1.8170   -5.2971   -1.7087    0.0000
    1.1485   -2.5739   -0.9443    0.0000    0.7233   -1.6377   -0.6347
   11.5578   -0.8505    7.1869   -0.5405    5.0689   -1.5864   -0.7969
    0.0000    2.8688    2.3609    1.3987   -0.9503   -0.5063    0.0000
    1.8807    1.6532    0.9822   -1.3447   -0.4560    0.0000    0.3505
   -0.9099   -0.3102   -0.6752   -0.2919    0.0000    1.2412    1.0203
    0.6106   -0.5576   -0.1991
 PARAMETER VALUES,  CYCLE NUMBER 14,  AVDEV=   0.228
   39.0412    1.1208    2.4023   74.3309   30.8020    0.8702   42.5761
   51.1311    0.8992    0.0000    5.6571    3.2039    0.7031   53.4879
    1.1166    0.8218   57.0904    1.2378    0.1956    1.9376    0.4763
    0.0000   58.2249    1.0441    0.0000   69.1744    0.8426    0.0000
   89.9246   53.1764  125.8370   -1.8170   -5.2971   -1.7087    0.0000
    1.1485   -2.5739   -0.9443    0.0000    0.7233   -1.6377   -0.6347
   11.5578   -0.8505    7.1869   -0.5405    5.0689   -1.5864   -0.7969
    0.0000    2.8688    2.3609    1.3987   -0.9503   -0.5063    0.0000
    1.8807    1.6532    0.9822   -1.3447   -0.4560    0.0000    0.3505
   -0.9099   -0.3102   -0.6752   -0.2919    0.0000    1.2412    1.0203
    0.6106   -0.5576   -0.1991
 PARAMETER VALUES,  CYCLE NUMBER 15,  AVDEV=   0.228
   39.0411    1.1208    2.4020   74.3309   30.8020    0.8702   42.5761
   51.1311    0.8990    0.0000    5.6569    3.2032    0.7022   53.4880
    1.1166    0.8222   57.0904    1.2380    0.1956    1.9358    0.4760
    0.0000   58.2250    1.0443    0.0000   69.8884    0.8429    0.0000
   97.0656   57.4608  135.8370   -1.8170   -5.2971   -1.7087    0.0000
    1.1485   -2.5739   -0.9443    0.0000    0.7233   -1.6377   -0.6347
   11.5578   -0.8505    7.1869   -0.5405    5.0689   -1.5864   -0.7969
    0.0000    2.8688    2.3609    1.3987   -0.9503   -0.5063    0.0000
    1.8807    1.6532    0.9822   -1.3447   -0.4560    0.0000    0.3505
   -0.9099   -0.3102   -0.6752   -0.2919    0.0000    1.2412    1.0203
    0.6106   -0.5576   -0.1991
 PARAMETER VALUES,  CYCLE NUMBER 16,  AVDEV=   0.228
   39.0411    1.1208    2.4017   74.3309   30.8020    0.8702   42.5761
   51.1310    0.8988    0.0000    5.6568    3.2026    0.7014   53.4881
    1.1166    0.8225   57.0904    1.2382    0.1957    1.9341    0.4758
    0.0000   58.2252    1.0444    0.0000   70.6025    0.8431    0.0000
  104.2068   61.7454  145.8370   -1.8170   -5.2971   -1.7087    0.0000
    1.1485   -2.5739   -0.9443    0.0000    0.7233   -1.6377   -0.6347
   11.5578   -0.8505    7.1869   -0.5405    5.0689   -1.5864   -0.7969
    0.0000    2.8688    2.3609    1.3987   -0.9503   -0.5063    0.0000
    1.8807    1.6532    0.9822   -1.3447   -0.4560    0.0000    0.3505
   -0.9099   -0.3102   -0.6752   -0.2919    0.0000    1.2412    1.0203
    0.6106   -0.5576   -0.1991
 PARAMETER VALUES,  CYCLE NUMBER 17,  AVDEV=   0.228
   39.0410    1.1208    2.4014   74.3309   30.8020    0.8702   42.5761
   51.1309    0.8986    0.0000    5.6566    3.2020    0.7006   53.4881
    1.1165    0.8227   57.0903    1.2384    0.1958    1.9327    0.4757
    0.0000   58.2253    1.0446    0.0000   71.3167    0.8434    0.0000
  111.3481   66.0300  155.8370   -1.8170   -5.2971   -1.7087    0.0000
    1.1485   -2.5739   -0.9443    0.0000    0.7233   -1.6377   -0.6347
   11.5578   -0.8505    7.1869   -0.5405    5.0689   -1.5864   -0.7969
    0.0000    2.8688    2.3609    1.3987   -0.9503   -0.5063    0.0000
    1.8807    1.6532    0.9822   -1.3447   -0.4560    0.0000    0.3505
   -0.9099   -0.3102   -0.6752   -0.2919    0.0000    1.2412    1.0203
    0.6106   -0.5576   -0.1991
 PARAMETER VALUES,  CYCLE NUMBER 18,  AVDEV=   0.228
   39.0410    1.1208    2.4012   74.3309   30.8020    0.8702   42.5761
   51.1308    0.8985    0.0000    5.6565    3.2016    0.7000   53.4882
    1.1165    0.8229   57.0903    1.2386    0.1958    1.9314    0.4756
    0.0000   58.2255    1.0447    0.0000   72.0308    0.8436    0.0000
  118.4896   70.3148  165.8369   -1.8170   -5.2971   -1.7087    0.0000
    1.1485   -2.5739   -0.9443    0.0000    0.7233   -1.6377   -0.6347
   11.5578   -0.8505    7.1869   -0.5405    5.0689   -1.5864   -0.7969
    0.0000    2.8688    2.3609    1.3987   -0.9503   -0.5063    0.0000
    1.8807    1.6532    0.9822   -1.3447   -0.4560    0.0000    0.3505
   -0.9099   -0.3102   -0.6752   -0.2919    0.0000    1.2412    1.0203
    0.6106   -0.5576   -0.1991
 PARAMETER VALUES,  CYCLE NUMBER 19,  AVDEV=   0.228
   39.0409    1.1208    2.4010   74.3309   30.8020    0.8702   42.5761
   51.1308    0.8983    0.0000    5.6564    3.2011    0.6994   53.4882
    1.1165    0.8232   57.0903    1.2388    0.1959    1.9302    0.4755
    0.0000   58.2256    1.0448    0.0000   72.7450    0.8437    0.0000
  125.6312   74.5997  175.8369   -1.8170   -5.2971   -1.7087    0.0000
    1.1485   -2.5739   -0.9443    0.0000    0.7233   -1.6377   -0.6347
   11.5578   -0.8505    7.1869   -0.5405    5.0689   -1.5864   -0.7969
    0.0000    2.8688    2.3609    1.3987   -0.9503   -0.5063    0.0000
    1.8807    1.6532    0.9822   -1.3447   -0.4560    0.0000    0.3505
   -0.9099   -0.3102   -0.6752   -0.2919    0.0000    1.2412    1.0203
    0.6106   -0.5576   -0.1991
 PARAMETER VALUES,  CYCLE NUMBER 20,  AVDEV=   0.228
   39.0409    1.1208    2.4008   74.3309   30.8020    0.8702   42.5761
   51.1307    0.8982    0.0000    5.6563    3.2007    0.6989   53.4882
    1.1165    0.8233   57.0903    1.2389    0.1959    1.9291    0.4754
    0.0000   58.2257    1.0449    0.0000   73.4591    0.8439    0.0000
  132.7728   78.8846  185.8369   -1.8170   -5.2971   -1.7087    0.0000
    1.1485   -2.5739   -0.9443    0.0000    0.7233   -1.6377   -0.6347
   11.5578   -0.8505    7.1869   -0.5405    5.0689   -1.5864   -0.7969
    0.0000    2.8688    2.3609    1.3987   -0.9503   -0.5063    0.0000
    1.8807    1.6532    0.9822   -1.3447   -0.4560    0.0000    0.3505
   -0.9099   -0.3102   -0.6752   -0.2919    0.0000    1.2412    1.0203
    0.6106   -0.5576   -0.1991
 PARAMETER VALUES,  CYCLE NUMBER 21,  AVDEV=   0.228
   39.0409    1.1208    2.4006   74.3310   30.8020    0.8702   42.5761
   51.1307    0.8981    0.0000    5.6562    3.2004    0.6984   53.4883
    1.1164    0.8235   57.0903    1.2390    0.1959    1.9282    0.4754
    0.0000   58.2258    1.0450    0.0000   74.1733    0.8441    0.0000
  139.9146   83.1696  195.8369   -1.8170   -5.2971   -1.7087    0.0000
    1.1485   -2.5739   -0.9443    0.0000    0.7233   -1.6377   -0.6347
   11.5578   -0.8505    7.1869   -0.5405    5.0689   -1.5864   -0.7969
    0.0000    2.8688    2.3609    1.3987   -0.9503   -0.5063    0.0000
    1.8807    1.6532    0.9822   -1.3447   -0.4560    0.0000    0.3505
   -0.9099   -0.3102   -0.6752   -0.2919    0.0000    1.2412    1.0203
    0.6106   -0.5576   -0.1991
 PARAMETER VALUES,  CYCLE NUMBER 22,  AVDEV=   0.228
   39.0408    1.1208    2.4005   74.3310   30.8020    0.8702   42.5761
   51.1306    0.8980    0.0000    5.6562    3.2001    0.6980   53.4883
    1.1164    0.8237   57.0903    1.2392    0.1960    1.9273    0.4754
    0.0000   58.2259    1.0451    0.0000   74.8875    0.8442    0.0000
  147.0565   87.4547  205.8369   -1.8170   -5.2971   -1.7087    0.0000
    1.1485   -2.5739   -0.9443    0.0000    0.7233   -1.6377   -0.6347
   11.5578   -0.8505    7.1869   -0.5405    5.0689   -1.5864   -0.7969
    0.0000    2.8688    2.3609    1.3987   -0.9503   -0.5063    0.0000
    1.8807    1.6532    0.9822   -1.3447   -0.4560    0.0000    0.3505
   -0.9099   -0.3102   -0.6752   -0.2919    0.0000    1.2412    1.0203
    0.6106   -0.5576   -0.1991
 PARAMETER VALUES,  CYCLE NUMBER 23,  AVDEV=   0.228
   39.0408    1.1208    2.4003   74.3310   30.8020    0.8702   42.5761
   51.1306    0.8979    0.0000    5.6561    3.1998    0.6976   53.4883
    1.1164    0.8238   57.0903    1.2393    0.1960    1.9265    0.4753
    0.0000   58.2260    1.0452    0.0000   75.6017    0.8443    0.0000
  154.1984   91.7398  215.8369   -1.8170   -5.2971   -1.7087    0.0000
    1.1485   -2.5739   -0.9443    0.0000    0.7233   -1.6377   -0.6347
   11.5578   -0.8505    7.1869   -0.5405    5.0689   -1.5864   -0.7969
    0.0000    2.8688    2.3609    1.3987   -0.9503   -0.5063    0.0000
    1.8807    1.6532    0.9822   -1.3447   -0.4560    0.0000    0.3505
   -0.9099   -0.3102   -0.6752   -0.2919    0.0000    1.2412    1.0203
    0.6106   -0.5576   -0.1991
 PARAMETER VALUES,  CYCLE NUMBER 24,  AVDEV=   0.228
   39.0408    1.1208    2.4002   74.3310   30.8020    0.8702   42.5761
   51.1305    0.8978    0.0000    5.6560    3.1995    0.6973   53.4884
    1.1164    0.8239   57.0903    1.2394    0.1960    1.9257    0.4753
    0.0000   58.2261    1.0453    0.0000   76.3159    0.8445    0.0000
  161.3404   96.0250  225.8369   -1.8170   -5.2971   -1.7087    0.0000
    1.1485   -2.5739   -0.9443    0.0000    0.7233   -1.6377   -0.6347
   11.5578   -0.8505    7.1869   -0.5405    5.0689   -1.5864   -0.7969
    0.0000    2.8688    2.3609    1.3987   -0.9503   -0.5063    0.0000
    1.8807    1.6532    0.9822   -1.3447   -0.4560    0.0000    0.3505
   -0.9099   -0.3102   -0.6752   -0.2919    0.0000    1.2412    1.0203
    0.6106   -0.5576   -0.1991
 PARAMETER VALUES,  CYCLE NUMBER 25,  AVDEV=   0.228
   39.0408    1.1208    2.4001   74.3310   30.8020    0.8702   42.5761
   51.1305    0.8977    0.0000    5.6560    3.1993    0.6970   53.4884
    1.1164    0.8241   57.0903    1.2395    0.1961    1.9250    0.4753
    0.0000   58.2261    1.0454    0.0000   77.0301    0.8446    0.0000
  168.4824  100.3102  235.8369   -1.8170   -5.2971   -1.7087    0.0000
    1.1485   -2.5739   -0.9443    0.0000    0.7233   -1.6377   -0.6347
   11.5578   -0.8505    7.1869   -0.5405    5.0689   -1.5864   -0.7969
    0.0000    2.8688    2.3609    1.3987   -0.9503   -0.5063    0.0000
    1.8807    1.6532    0.9822   -1.3447   -0.4560    0.0000    0.3505
   -0.9099   -0.3102   -0.6752   -0.2919    0.0000    1.2412    1.0203
    0.6106   -0.5576   -0.1991
 PARAMETER VALUES,  CYCLE NUMBER 26,  AVDEV=   0.228
   39.0408    1.1208    2.4000   74.3310   30.8020    0.8702   42.5761
   51.1305    0.8977    0.0000    5.6559    3.1991    0.6967   53.4884
    1.1164    0.8242   57.0903    1.2396    0.1961    1.9244    0.4753
    0.0000   58.2262    1.0455    0.0000   77.7443    0.8447    0.0000
  175.6245  104.5954  245.8369   -1.8170   -5.2971   -1.7087    0.0000
    1.1485   -2.5739   -0.9443    0.0000    0.7233   -1.6377   -0.6347
   11.5578   -0.8505    7.1869   -0.5405    5.0689   -1.5864   -0.7969
    0.0000    2.8688    2.3609    1.3987   -0.9503   -0.5063    0.0000
    1.8807    1.6532    0.9822   -1.3447   -0.4560    0.0000    0.3505
   -0.9099   -0.3102   -0.6752   -0.2919    0.0000    1.2412    1.0203
    0.6106   -0.5576   -0.1991
 PARAMETER VALUES,  CYCLE NUMBER 27,  AVDEV=   0.228
   39.0407    1.1208    2.3999   74.3310   30.8020    0.8702   42.5761
   51.1304    0.8976    0.0000    5.6559    3.1989    0.6964   53.4884
    1.1164    0.8243   57.0903    1.2397    0.1961    1.9238    0.4753
    0.0000   58.2263    1.0456    0.0000   78.4585    0.8448    0.0000
  182.7667  108.8807  255.8369   -1.8170   -5.2971   -1.7087    0.0000
    1.1485   -2.5739   -0.9443    0.0000    0.7233   -1.6377   -0.6347
   11.5578   -0.8505    7.1869   -0.5405    5.0689   -1.5864   -0.7969
    0.0000    2.8688    2.3609    1.3987   -0.9503   -0.5063    0.0000
    1.8807    1.6532    0.9822   -1.3447   -0.4560    0.0000    0.3505
   -0.9099   -0.3102   -0.6752   -0.2919    0.0000    1.2412    1.0203
    0.6106   -0.5576   -0.1991
 PARAMETER VALUES,  CYCLE NUMBER 28,  AVDEV=   0.228
   39.0407    1.1208    2.3998   74.3310   30.8020    0.8702   42.5761
   51.1304    0.8975    0.0000    5.6559    3.1987    0.6961   53.4885
    1.1164    0.8244   57.0903    1.2398    0.1961    1.9233    0.4753
    0.0000   58.2264    1.0456    0.0000   79.1728    0.8449    0.0000
  189.9088  113.1660  265.8369   -1.8170   -5.2971   -1.7087    0.0000
    1.1485   -2.5739   -0.9443    0.0000    0.7233   -1.6377   -0.6347
   11.5578   -0.8505    7.1869   -0.5405    5.0689   -1.5864   -0.7969
    0.0000    2.8688    2.3609    1.3987   -0.9503   -0.5063    0.0000
    1.8807    1.6532    0.9822   -1.3447   -0.4560    0.0000    0.3505
   -0.9099   -0.3102   -0.6752   -0.2919    0.0000    1.2412    1.0203
    0.6106   -0.5576   -0.1991
 PARAMETER VALUES,  CYCLE NUMBER 29,  AVDEV=   0.228
   39.0407    1.1208    2.3997   74.3310   30.8020    0.8702   42.5761
   51.1304    0.8975    0.0000    5.6558    3.1985    0.6959   53.4885
    1.1164    0.8245   57.0903    1.2399    0.1962    1.9228    0.4753
    0.0000   58.2264    1.0457    0.0000   79.8870    0.8450    0.0000
  197.0511  117.4513  275.8369   -1.8170   -5.2971   -1.7087    0.0000
    1.1485   -2.5739   -0.9443    0.0000    0.7233   -1.6377   -0.6347
   11.5578   -0.8505    7.1869   -0.5405    5.0689   -1.5864   -0.7969
    0.0000    2.8688    2.3609    1.3987   -0.9503   -0.5063    0.0000
    1.8807    1.6532    0.9822   -1.3447   -0.4560    0.0000    0.3505
   -0.9099   -0.3102   -0.6752   -0.2919    0.0000    1.2412    1.0203
    0.6106   -0.5576   -0.1991
 PARAMETER VALUES,  CYCLE NUMBER 30,  AVDEV=   0.228
   39.0407    1.1208    2.3996   74.3310   30.8020    0.8702   42.5761
   51.1304    0.8974    0.0000    5.6558    3.1983    0.6957   53.4885
    1.1163    0.8245   57.0903    1.2399    0.1962    1.9223    0.4753
    0.0000   58.2265    1.0458    0.0000   80.6012    0.8451    0.0000
  204.1933  121.7366  285.8369   -1.8170   -5.2971   -1.7087    0.0000
    1.1485   -2.5739   -0.9443    0.0000    0.7233   -1.6377   -0.6347
   11.5578   -0.8505    7.1869   -0.5405    5.0689   -1.5864   -0.7969
    0.0000    2.8688    2.3609    1.3987   -0.9503   -0.5063    0.0000
    1.8807    1.6532    0.9822   -1.3447   -0.4560    0.0000    0.3505
   -0.9099   -0.3102   -0.6752   -0.2919    0.0000    1.2412    1.0203
    0.6106   -0.5576   -0.1991
 PARAMETER VALUES,  CYCLE NUMBER 31,  AVDEV=   0.228
   39.0407    1.1208    2.3995   74.3310   30.8020    0.8702   42.5761
   51.1303    0.8974    0.0000    5.6558    3.1982    0.6955   53.4885
    1.1163    0.8246   57.0903    1.2400    0.1962    1.9218    0.4754
    0.0000   58.2265    1.0458    0.0000   81.3155    0.8451    0.0000
  211.3356  126.0220  295.8369   -1.8170   -5.2971   -1.7087    0.0000
    1.1485   -2.5739   -0.9443    0.0000    0.7233   -1.6377   -0.6347
   11.5578   -0.8505    7.1869   -0.5405    5.0689   -1.5864   -0.7969
    0.0000    2.8688    2.3609    1.3987   -0.9503   -0.5063    0.0000
    1.8807    1.6532    0.9822   -1.3447   -0.4560    0.0000    0.3505
   -0.9099   -0.3102   -0.6752   -0.2919    0.0000    1.2412    1.0203
    0.6106   -0.5576   -0.1991
 PARAMETER VALUES,  CYCLE NUMBER 32,  AVDEV=   0.229
   39.0407    1.1208    2.3994   74.3310   30.8020    0.8702   42.5761
   51.1303    0.8973    0.0000    5.6557    3.1980    0.6953   53.4885
    1.1163    0.8247   57.0903    1.2401    0.1962    1.9214    0.4754
    0.0000   58.2266    1.0459    0.0000   82.0297    0.8452    0.0000
  218.4779  130.3074  305.8369   -1.8170   -5.2971   -1.7087    0.0000
    1.1485   -2.5739   -0.9443    0.0000    0.7233   -1.6377   -0.6347
   11.5578   -0.8505    7.1869   -0.5405    5.0689   -1.5864   -0.7969
    0.0000    2.8688    2.3609    1.3987   -0.9503   -0.5063    0.0000
    1.8807    1.6532    0.9822   -1.3447   -0.4560    0.0000    0.3505
   -0.9099   -0.3102   -0.6752   -0.2919    0.0000    1.2412    1.0203
    0.6106   -0.5576   -0.1991
 PARAMETER VALUES,  CYCLE NUMBER 33,  AVDEV=   0.229
   39.0407    1.1208    2.3994   74.3310   30.8020    0.8702   42.5761
   51.1303    0.8973    0.0000    5.6557    3.1979    0.6951   53.4886
    1.1163    0.8248   57.0903    1.2401    0.1962    1.9210    0.4754
    0.0000   58.2266    1.0459    0.0000   82.7439    0.8453    0.0000
  225.6203  134.5928  315.8369   -1.8170   -5.2971   -1.7087    0.0000
    1.1485   -2.5739   -0.9443    0.0000    0.7233   -1.6377   -0.6347
   11.5578   -0.8505    7.1869   -0.5405    5.0689   -1.5864   -0.7969
    0.0000    2.8688    2.3609    1.3987   -0.9503   -0.5063    0.0000
    1.8807    1.6532    0.9822   -1.3447   -0.4560    0.0000    0.3505
   -0.9099   -0.3102   -0.6752   -0.2919    0.0000    1.2412    1.0203
    0.6106   -0.5576   -0.1991
 PARAMETER VALUES,  CYCLE NUMBER 34,  AVDEV=   0.229
   39.0406    1.1208    2.3993   74.3310   30.8020    0.8702   42.5761
   51.1303    0.8972    0.0000    5.6557    3.1977    0.6949   53.4886
    1.1163    0.8248   57.0903    1.2402    0.1962    1.9206    0.4754
    0.0000   58.2267    1.0460    0.0000   83.4582    0.8454    0.0000
  232.7626  138.8782  325.8369   -1.8170   -5.2971   -1.7087    0.0000
    1.1485   -2.5739   -0.9443    0.0000    0.7233   -1.6377   -0.6347
   11.5578   -0.8505    7.1869   -0.5405    5.0689   -1.5864   -0.7969
    0.0000    2.8688    2.3609    1.3987   -0.9503   -0.5063    0.0000
    1.8807    1.6532    0.9822   -1.3447   -0.4560    0.0000    0.3505
   -0.9099   -0.3102   -0.6752   -0.2919    0.0000    1.2412    1.0203
    0.6106   -0.5576   -0.1991
 PARAMETER VALUES,  CYCLE NUMBER 35,  AVDEV=   0.229
   39.0406    1.1208    2.3992   74.3310   30.8020    0.8702   42.5761
   51.1303    0.8972    0.0000    5.6556    3.1976    0.6948   53.4886
    1.1163    0.8249   57.0903    1.2403    0.1963    1.9203    0.4754
    0.0000   58.2267    1.0460    0.0000   84.1724    0.8454    0.0000
  239.9050  143.1636  335.8369   -1.8170   -5.2971   -1.7087    0.0000
    1.1485   -2.5739   -0.9443    0.0000    0.7233   -1.6377   -0.6347
   11.5578   -0.8505    7.1869   -0.5405    5.0689   -1.5864   -0.7969
    0.0000    2.8688    2.3609    1.3987   -0.9503   -0.5063    0.0000
    1.8807    1.6532    0.9822   -1.3447   -0.4560    0.0000    0.3505
   -0.9099   -0.3102   -0.6752   -0.2919    0.0000    1.2412    1.0203
    0.6106   -0.5576   -0.1991
 PARAMETER VALUES,  CYCLE NUMBER 36,  AVDEV=   0.229
   39.0406    1.1208    2.3992   74.3310   30.8020    0.8702   42.5761
   51.1303    0.8972    0.0000    5.6556    3.1975    0.6946   53.4886
    1.1163    0.8250   57.0903    1.2403    0.1963    1.9199    0.4754
    0.0000   58.2268    1.0461    0.0000   84.8867    0.8455    0.0000
  247.0475  147.4491  345.8369   -1.8170   -5.2971   -1.7087    0.0000
    1.1485   -2.5739   -0.9443    0.0000    0.7233   -1.6377   -0.6347
   11.5578   -0.8505    7.1869   -0.5405    5.0689   -1.5864   -0.7969
    0.0000    2.8688    2.3609    1.3987   -0.9503   -0.5063    0.0000
    1.8807    1.6532    0.9822   -1.3447   -0.4560    0.0000    0.3505
   -0.9099   -0.3102   -0.6752   -0.2919    0.0000    1.2412    1.0203
    0.6106   -0.5576   -0.1991
 PARAMETER VALUES,  CYCLE NUMBER 37,  AVDEV=   0.229
   39.0406    1.1208    2.3991   74.3310   30.8020    0.8702   42.5761
   51.1302    0.8971    0.0000    5.6556    3.1974    0.6945   53.4886
    1.1163    0.8250   57.0903    1.2404    0.1963    1.9196    0.4755
    0.0000   58.2268    1.0461    0.0000   85.6009    0.8455    0.0000
  254.1899  151.7345  355.8369   -1.8170   -5.2971   -1.7087    0.0000
    1.1485   -2.5739   -0.9443    0.0000    0.7233   -1.6377   -0.6347
   11.5578   -0.8505    7.1869   -0.5405    5.0689   -1.5864   -0.7969
    0.0000    2.8688    2.3609    1.3987   -0.9503   -0.5063    0.0000
    1.8807    1.6532    0.9822   -1.3447   -0.4560    0.0000    0.3505
   -0.9099   -0.3102   -0.6752   -0.2919    0.0000    1.2412    1.0203
    0.6106   -0.5576   -0.1991
 PARAMETER VALUES,  CYCLE NUMBER 38,  AVDEV=   0.229
   39.0406    1.1208    2.3991   74.3310   30.8020    0.8702   42.5761
   51.1302    0.8971    0.0000    5.6556    3.1973    0.6943   53.4886
    1.1163    0.8251   57.0904    1.2404    0.1963    1.9193    0.4755
    0.0000   58.2268    1.0462    0.0000   86.3152    0.8456    0.0000
  261.3323  156.0200  365.8369   -1.8170   -5.2971   -1.7087    0.0000
    1.1485   -2.5739   -0.9443    0.0000    0.7233   -1.6377   -0.6347
   11.5578   -0.8505    7.1869   -0.5405    5.0689   -1.5864   -0.7969
    0.0000    2.8688    2.3609    1.3987   -0.9503   -0.5063    0.0000
    1.8807    1.6532    0.9822   -1.3447   -0.4560    0.0000    0.3505
   -0.9099   -0.3102   -0.6752   -0.2919    0.0000    1.2412    1.0203
    0.6106   -0.5576   -0.1991
 PARAMETER VALUES,  CYCLE NUMBER 39,  AVDEV=   0.229
   39.0406    1.1208    2.3990   74.3310   30.8020    0.8702   42.5761
   51.1302    0.8970    0.0000    5.6556    3.1972    0.6942   53.4886
    1.1163    0.8251   57.0904    1.2405    0.1963    1.9190    0.4755
    0.0000   58.2269    1.0462    0.0000   87.0294    0.8457    0.0000
  268.4748  160.3055  375.8369   -1.8170   -5.2971   -1.7087    0.0000
    1.1485   -2.5739   -0.9443    0.0000    0.7233   -1.6377   -0.6347
   11.5578   -0.8505    7.1869   -0.5405    5.0689   -1.5864   -0.7969
    0.0000    2.8688    2.3609    1.3987   -0.9503   -0.5063    0.0000
    1.8807    1.6532    0.9822   -1.3447   -0.4560    0.0000    0.3505
   -0.9099   -0.3102   -0.6752   -0.2919    0.0000    1.2412    1.0203
    0.6106   -0.5576   -0.1991
 PARAMETER VALUES,  CYCLE NUMBER 40,  AVDEV=   0.229
   39.0406    1.1208    2.3990   74.3310   30.8020    0.8702   42.5761
   51.1302    0.8970    0.0000    5.6555    3.1971    0.6941   53.4886
    1.1163    0.8252   57.0904    1.2405    0.1963    1.9187    0.4755
    0.0000   58.2269    1.0462    0.0000   87.7437    0.8457    0.0000
  275.6173  164.5910  385.8369   -1.8170   -5.2971   -1.7087    0.0000
    1.1485   -2.5739   -0.9443    0.0000    0.7233   -1.6377   -0.6347
   11.5578   -0.8505    7.1869   -0.5405    5.0689   -1.5864   -0.7969
    0.0000    2.8688    2.3609    1.3987   -0.9503   -0.5063    0.0000
    1.8807    1.6532    0.9822   -1.3447   -0.4560    0.0000    0.3505
   -0.9099   -0.3102   -0.6752   -0.2919    0.0000    1.2412    1.0203
    0.6106   -0.5576   -0.1991
 PARAMETER VALUES FOR RCG INPUT
Ge I  4s24p5s          39.0406   1.1208    2.3990
Ge I  4s4p3            74.3310  30.8020    0.8702   42.5761
Ge I  4s24p4d          51.1302   0.8970    0.0000    5.6555    3.1971 LS99999999
   0.6941
Ge I  4s24p6s          53.4886   1.1163    0.8252
Ge I  4s24p5d          57.0904   1.2405    0.1963    1.9187    0.4755 LS99999999
   0.0000
Ge I  4s24p7s          58.2269   1.0462    0.0000
Ge I  4s24p6d          87.7437   0.8457    0.0000  275.6173  164.5910 LS99999999
 385.8369
4s24p5s -4s4p3        -1.8170
4s24p5s -4s24p4d      -5.2971   -1.7087
4s24p5s -4s24p6s       0.0000    1.1485
4s24p5s -4s24p5d      -2.5739   -0.9443
4s24p5s -4s24p7s       0.0000    0.7233
4s24p5s -4s24p6d      -1.6377   -0.6347
4s4p3   -4s24p4d      11.5578
4s4p3   -4s24p6s      -0.8505
4s4p3   -4s24p5d       7.1869
4s4p3   -4s24p7s      -0.5405
4s4p3   -4s24p6d       5.0689
4s24p4d -4s24p6s      -1.5864   -0.7969
4s24p4d -4s24p5d       0.0000    2.8688    2.3609    1.3987
4s24p4d -4s24p7s      -0.9503   -0.5063
4s24p4d -4s24p6d       0.0000    1.8807    1.6532    0.9822
4s24p6s -4s24p5d      -1.3447   -0.4560
4s24p6s -4s24p7s       0.0000    0.3505
4s24p6s -4s24p6d      -0.9099   -0.3102
4s24p5d -4s24p7s      -0.6752   -0.2919
4s24p5d -4s24p6d       0.0000    1.2412    1.0203    0.6106
4s24p7s -4s24p6d      -0.5576   -0.1991

