H 66 109678.77174307 292 242
He 837 198310.66637 567 556
Li 116 43487.1142 196 125
Be 109 75192.64 493 312
B 42 66928.04 292 190
C 401 90820.348 1646 1169
N 311 117225.7 874 874
O 234 109837.02 699 646
F 225 140524.5 161 119
Ne 348 173929.75 1252 415
Na 112 41449.451 615 282
Mg 221 61671.05 593 354
Al 114 48278.48 336 113
Si 452 65747.76 338 337
P 284 84580.83 129 128
S 173 83559.17 860 487
Cl 253 104591.01 99 98
Ar 426 127109.842 419 418
K 188 35009.814 294 183
Ca 455 49305.919611 137 136
Sc 266 52922.0 1605 231
Ti 558 55072.5 3603 473
V 548 54411.67 3764 1161
Cr 483 54575.6 4216 527
Mn 325 59959.56 496 496
Fe 846 63737.704 9175 2526
Co 329 63564.6 338 338
Ni 285 61619.77 510 510
Cu 109 62317.46 968 37
Zn 208 75769.31 503 16
Ga 167 48387.634 340 23
Ge 393 63713.24 219 26
As 105 78950.0 51 14
Se 172 78658.15 0 0
Br 264 95284.8 154 53
Kr 415 112914.433 803 184
Rb 231 33690.81 206 40
Sr 238 45932.2036 355 85
Y 190 50145.6 348 189
Zr 258 53507.832 0 0
Nb 378 54513.8 0 0
Mo 414 57204.3 808 721
Tc 283 57421.68 561 13
Ru 302 59366.4 519 11
Rh 124 60160.1 443 111
Pd 143 67241.14 75 8
Ag 53 61106.45 93 7
Cd 82 72540.05 67 18
In 102 46670.107 89 27
Sn 163 59232.69 221 55
Sb 139 69431.34 128 10
Te 119 72669.006 102 6
I 219 84294.9 1088 217
Xe 342 97833.787 842 157
Cs 174 31406.4677325 191 39
Ba 355 42034.91 284 107
La 307 44981.0 393 315
Ce 897 44672.0 209 67
Pr 397 44120.0 0 0
Nd 709 44560.11 9 9
Pm 219 45020.8 16 0
Sm 472 45519.69 11 7
Eu 374 45734.74 343 152
Gd 614 49601.45 19 16
Tb 590 47295.0 10 0
Dy 720 47901.76 73 73
Ho 224 48567.0 13 12
Er 670 49262.0 13 11
Tm 498 49880.57 524 408
Yb 203 50443.2 10 5
Lu 197 43762.6 108 44
Hf 329 55047.9 3732 182
Ta 281 60891.4 510 200
W 464 63427.7 5852 522
Re 279 63181.6 0 0
Os 255 68058.9 0 0
Ir 222 72323.9 398 70
Pt 195 72257.8 995 166
Au 61 74409.11 90 20
Hg 225 84184.15 696 53
Tl 43 49266.66 11 9
Pb 126 59819.558 131 28
Bi 39 58761.65 61 38
Po 16 67896.31 4 0
At 3 75150.8 2 0
Rn 107 86692.5 10 0
Fr 122 32848.872 149 149
Ra 81 42573.36 111 18
Ac 52 43394.52 109 91
Th 768 50867.0 12339 0
Pa 1 47500.0 0 0
U 1 49958.4 0 0
Np 1 50535.54 0 0
Pu 1 48601.0 0 0
Am 1 48182.0 0 0
Cm 1 48330.68 0 0
Bk 1 49989.0 0 0
Cf 1 50666.76 0 0
Es 1 51364.58 0 0
Fm 1 52400.0 0 0
Md 1 53100.0 0 0
No 1 53444.0 0 0
Lr 1 40005.0 0 0
Rf 1 48580.0 0 0
Db 1 55000.0 0 0
Sg 1 63000.0 0 0
Bh 1 62000.0 0 0
Hs 1 61000.0 0 0
Mt 0 None 0 0
Ds 0 None 0 0
Rg 0 None 0 0
Cn 0 None 0 0
Nh 0 None 0 0
Fl 0 None 0 0
Mc 0 None 0 0
Lv 0 None 0 0
Ts 0 None 0 0
Og 0 None 0 0
