I: 233 calculated levels, 122 matched to NIST levels
  energy deviation calc - NIST (cm-1): median -321, max |dev| 5846
  2213 calculated lines on NIST levels; 340 of them have a NIST rate
  NIST class B: n=  8 median log10(calc/NIST)=+0.04  within x1.5: 100%  within x2: 100%  within x3: 100%
  NIST class C: n= 66 median log10(calc/NIST)=-0.01  within x1.5: 62%  within x2: 77%  within x3: 85%
  NIST class D: n= 93 median log10(calc/NIST)=-0.07  within x1.5: 41%  within x2: 56%  within x3: 72%
  NIST class E: n=173 median log10(calc/NIST)=-0.06  within x1.5: 35%  within x2: 48%  within x3: 64%
  ALL: n=340 median -0.03 within x2 57% within x3 71%
  lines with |cancellation factor| >= 0.05 (what the site uses): n=263 median +0.03 within x1.5 54% within x2 70% within x3 85%

  lambda(nm)  lower                      upper                       A_calc     A_NIST  acc  ratio   CF
    130.034  5s25p5 2P1.5               5s25p46d 2[2]2.5           2.793e+08  6.000e+08  E     0.47  -0.10
    142.137  5s25p5 2P1.5               5s25p45d 2[2]1.5           3.246e+08  9.600e+07  C     3.38  -0.13
    142.550  5s25p5 2P1.5               5s25p45d 2[2]2.5           6.638e+08  1.160e+08  D+    5.72  -0.32
    145.740  5s25p5 2P1.5               5s25p45d 2[0]0.5           2.225e+08  5.500e+07  D+    4.05  -0.28
    145.799  5s25p5 2P1.5               5s25p46s 2[2]2.5           1.972e+08  2.080e+08  C+    0.95  -0.31
    145.880  5s25p5 2P1.5               5s25p46s 2[2]1.5           9.544e+07  1.860e+08  C     0.51  +0.10
    145.915  5s25p5 2P0.5               5s25p46d 2[1]1.5           1.249e+07  7.400e+07  C     0.17  +0.02
    148.592  5s25p5 2P1.5               5s25p45d 2[1]0.5           2.627e+06  3.400e+06  E     0.77  +0.01
    150.705  5s25p5 2P1.5               5s25p45d 2[1]1.5           2.309e+07  1.770e+07  D     1.30  -0.03
    158.261  5s25p5 2P1.5               5s25p46s 2[1]0.5           4.450e+08  2.470e+08  C     1.80  -0.59
    159.358  5s25p5 2P0.5               5s25p45d 2[2]1.5           1.539e+08  1.140e+08  D     1.35  -0.08
    161.761  5s25p5 2P1.5               5s25p46s 2[1]1.5           2.316e+08  1.080e+08  C     2.14  +0.78
    164.078  5s25p5 2P0.5               5s25p46s 2[2]1.5           1.346e+08  2.060e+07  E     6.53  -0.15
    164.214  5s25p5 2P1.5               5s25p46s 2[0]0.5           9.911e+07  3.700e+07  D     2.68  +0.90
    170.207  5s25p5 2P0.5               5s25p45d 2[1]1.5           2.648e+07  2.050e+08  D     0.13  +0.03
    178.276  5s25p5 2P1.5               5s25p46s 2[2]1.5           4.352e+08  2.970e+08  C+    1.47  -0.67
    179.909  5s25p5 2P0.5               5s25p46s 2[1]0.5           3.436e+08  2.110e+08  C     1.63  -0.38
    183.039  5s25p5 2P1.5               5s25p46s 2[2]2.5           1.604e+07  5.140e+06  C+    3.12  -0.47
    184.445  5s25p5 2P0.5               5s25p46s 2[1]1.5           1.674e+07  1.400e+07  D     1.20  -0.27
    187.642  5s25p5 2P0.5               5s25p46s 2[0]0.5           9.086e+05  2.900e+07  D     0.03  -0.02
    206.229  5s25p5 2P0.5               5s25p46s 2[2]1.5           1.247e+07  1.260e+07  D     0.99  +0.07
    542.854  5s25p46p 2[1]1.5           5s25p46s 2[2]2.5           2.286e+04  1.600e+05  E     0.14  +0.01
    576.591  5s25p46p 2[1]1.5           5s25p46s 2[2]2.5           1.860e+05  5.800e+05  D     0.32  +0.00
    608.409  5s25p46p 2[2]2.5           5s25p46s 2[2]1.5           6.499e+05  3.600e+05  D+    1.81  +0.01
    712.400  5s25p46p 2[2]2.5           5s25p47d 2[3]2.5           2.904e+06  4.900e+06  E     0.59  -0.12
    714.400  5s25p46p 2[2]2.5           5s25p47d 2[3]3.5           2.553e+06  5.400e+06  E     0.47  -0.10
    723.379  5s25p45f 2[3]2.5           5s25p45d 2[3]2.5           3.895e+02  3.900e+06  E     0.00  +0.00
    723.874  5s25p45f 2[4]4.5           5s25p45d 2[3]3.5           3.674e+06  7.400e+06  E     0.50  -0.06
    723.982  5s25p45f 2[4]3.5           5s25p45d 2[3]2.5           6.989e+06  4.200e+06  E     1.66  -0.09
    740.408  5s25p46p 2[3]2.5           5s25p47d 2[4]3.5           6.850e+06  7.300e+06  E     0.94  -0.45
    741.561  5s25p45f 2[2]2.5           5s25p45d 2[1]1.5           1.119e+05  3.000e+06  E     0.04  +0.00
    741.850  5s25p45f 2[2]1.5           5s25p45d 2[1]1.5           2.460e+06  6.000e+06  E     0.41  -0.08
    747.104  5s25p46p 2[3]3.5           5s25p47d 2[4]4.5           5.568e+06  7.600e+06  D     0.73  -0.40
    755.626  5s25p46p 2[3]3.5           5s25p47d 2[3]3.5           1.712e+06  2.900e+06  E     0.59  +0.23
    770.230  5s25p46p 2[3]3.5           5s25p45d 2[3]2.5           8.483e+05  3.600e+06  E     0.24  -0.02
    797.167  5s25p46p 2[2]2.5           5s25p48s 2[2]2.5           3.835e+06  2.400e+06  E     1.60  -0.06
    800.580  5s25p46p 2[1]0.5           5s25p46s 2[0]0.5           4.923e+05  4.100e+06  E     0.12  +0.03
    804.591  5s25p46p 2[1]1.5           5s25p46s 2[2]2.5           6.156e+06  6.070e+06  C+    1.01  +0.25
    817.161  5s25p46p 2[3]2.5           5s25p45d 2[1]1.5           7.870e+06  4.500e+06  E     1.75  -0.21
    822.479  5s25p46p 2[1]1.5           5s25p46s 2[0]0.5           2.138e+06  1.370e+06  E     1.56  -0.53
    824.228  5s25p45f 2[5]5.5           5s25p45d 2[4]4.5           7.419e+06  8.700e+06  D+    0.85  -0.29
    826.230  5s25p45f 2[4]4.5           5s25p45d 2[4]4.5           1.190e+06  1.500e+06  E     0.79  -0.27
    839.536  5s25p46p 2[3]2.5           5s25p48s 2[2]1.5           3.406e+06  3.400e+06  E     1.00  -0.32
    839.565  5s25p46p 2[2]1.5           5s25p46s 2[0]0.5           5.495e+06  8.300e+06  C     0.66  +0.10
    848.844  5s25p46p 2[3]3.5           5s25p48s 2[2]2.5           3.175e+05  2.700e+06  E     0.12  -0.02
    863.878  5s25p46p 2[2]2.5           5s25p46s 2[2]1.5           2.887e+06  2.900e+06  E     1.00  +0.17
    866.732  5s25p46p 2[2]2.5           5s25p46s 2[2]2.5           2.508e+07  2.680e+07  D+    0.94  +0.48
    870.317  5s25p46p 2[2]1.5           5s25p46s 2[2]1.5           1.589e+07  2.080e+07  D+    0.76  +0.27
    873.213  5s25p46p 2[2]1.5           5s25p46s 2[2]2.5           3.872e+06  3.900e+06  E     0.99  -0.30
    881.902  5s25p44f 2[2]2.5           5s25p45d 2[3]2.5           3.288e+06  2.100e+06  E     1.57  -0.14
    884.955  5s25p45f 2[5]4.5           5s25p45d 2[4]3.5           9.093e+06  9.400e+06  D+    0.97  -0.61
    885.369  5s25p45f 2[3]2.5           5s25p46s 2[2]1.5           2.148e+05  2.500e+06  E     0.09  -0.01
    885.560  5s25p44f 2[3]2.5           5s25p45d 2[3]3.5           3.539e+05  2.700e+06  E     0.13  -0.16
    885.563  5s25p44f 2[4]3.5           5s25p45d 2[3]3.5           3.901e+06  2.700e+06  E     1.44  +0.18
    885.619  5s25p44f 2[4]4.5           5s25p45d 2[3]3.5           1.483e+07  1.010e+07  D+    1.47  -0.20
    885.987  5s25p44f 2[3]2.5           5s25p45d 2[3]2.5           3.819e+06  7.600e+06  D     0.50  +0.18
    885.990  5s25p44f 2[4]3.5           5s25p45d 2[3]2.5           9.168e+06  7.600e+06  D     1.21  -0.15
    887.655  5s25p45f 2[1]1.5           5s25p45d 2[0]0.5           4.268e+06  3.200e+06  E     1.33  +0.14
    890.089  5s25p46p 2[1]1.5           5s25p46s 2[1]1.5           3.349e+03  1.700e+07  D+    0.00  -0.00
    892.836  5s25p46p 2[2]2.5           5s25p46d 2[3]2.5           4.988e+06  2.600e+06  E     1.92  -0.17
    896.712  5s25p46p 2[1]0.5           5s25p46s 2[2]1.5           1.852e+07  2.170e+07  D     0.85  +0.24
    897.149  5s25p46p 2[2]1.5           5s25p46d 2[1]1.5           1.719e+06  3.400e+06  E     0.51  +0.03
    899.559  5s25p46p 2[2]1.5           5s25p46d 2[3]2.5           4.181e+06  2.700e+06  E     1.55  -0.10
    902.485  5s25p46p 2[1]1.5           5s25p46s 2[0]0.5           2.638e+07  2.210e+07  C+    1.19  +0.63
    906.081  5s25p46p 2[3]3.5           5s25p46s 2[2]2.5           3.515e+07  3.230e+07  B     1.09  +0.85
    908.963  5s25p44f 2[2]1.5           5s25p45d 2[1]1.5           7.444e+06  5.300e+06  E     1.40  -0.28
    909.702  5s25p46p 2[2]2.5           5s25p45d 2[2]2.5           5.321e+05  3.200e+06  E     0.17  -0.03
    910.134  5s25p46p 2[2]1.5           5s25p46s 2[1]1.5           2.502e+07  1.880e+07  C+    1.33  +0.48
    911.639  5s25p46p 2[1]1.5           5s25p46s 2[2]1.5           2.648e+07  2.450e+07  B     1.08  +0.58
    913.057  5s25p44f 2[3]2.5           5s25p45d 2[1]1.5           9.075e+06  6.900e+06  D     1.32  -0.23
    915.942  5s25p46p 2[1]0.5           5s25p46s 2[0]0.5           2.316e+07  5.900e+06  E     3.93  -0.59
    915.950  5s25p46p 2[2]2.5           5s25p45d 2[2]1.5           1.145e+03  3.200e+06  E     0.00  +0.00
    923.027  5s25p46p 2[2]1.5           5s25p45d 2[2]1.5           2.827e+05  6.000e+06  E     0.05  -0.01
    932.450  5s25p46p 2[2]1.5           5s25p46d 2[0]0.5           5.281e+06  7.800e+06  E     0.68  +0.12
    933.758  5s25p46p 2[2]2.5           5s25p46s 2[1]1.5           3.271e+07  2.970e+07  B     1.10  +0.75
    936.776  5s25p48p 2[1]1.5           5s25p46s 2[2]1.5           1.699e+05  2.300e+06  E     0.07  +0.02
    938.235  5s25p46p 2[0]0.5           5s25p46d 2[1]1.5           2.516e+04  7.500e+06  E     0.00  +0.00
    940.132  5s25p48p 2[1]1.5           5s25p46s 2[2]2.5           2.579e+06  6.600e+06  E     0.39  -0.29
    942.930  5s25p46p 2[0]0.5           5s25p46s 2[0]0.5           8.519e+06  2.500e+07  D     0.34  -0.51
    942.965  5s25p46p 2[2]2.5           5s25p46d 2[3]3.5           5.274e+06  1.230e+07  D+    0.43  +0.37
    959.625  5s25p46p 2[1]1.5           5s25p46d 2[2]2.5           2.918e+06  3.400e+06  E     0.86  -0.14
    960.085  5s25p46p 2[3]3.5           5s25p46s 2[2]2.5           1.969e+07  3.110e+07  C+    0.63  +0.67
    965.227  5s25p46p 2[3]2.5           5s25p46d 2[4]3.5           5.442e+06  1.250e+07  D+    0.44  -0.25
    965.573  5s25p46p 2[2]1.5           5s25p46s 2[2]2.5           2.415e+07  2.140e+07  B     1.13  -0.70
    973.441  5s25p46p 2[2]2.5           5s25p46s 2[2]2.5           3.185e+07  2.820e+07  B     1.13  +0.86
    973.620  5s25p46p 2[2]2.5           5s25p45d 2[3]2.5           2.990e+04  5.400e+06  E     0.01  +0.00
    978.989  5s25p46p 2[1]0.5           5s25p46d 2[1]0.5           1.924e+06  8.400e+06  E     0.23  +0.07
    980.352  5s25p46p 2[1]0.5           5s25p46s 2[1]0.5           2.705e+07  2.710e+07  D+    1.00  +0.62
    981.620  5s25p46p 2[2]1.5           5s25p45d 2[3]2.5           9.568e+05  2.700e+06  E     0.35  -0.03
    983.502  5s25p46p 2[1]1.5           5s25p45d 2[3]2.5           4.211e+03  9.800e+06  D+    0.00  +0.00
    984.545  5s25p46p 2[1]1.5           5s25p46s 2[1]1.5           4.916e+06  3.700e+06  E     1.33  -0.16
    989.507  5s25p44f 2[1]0.5           5s25p45d 2[1]0.5           6.305e+06  4.700e+06  E     1.34  -0.48
    994.202  5s25p44f 2[2]1.5           5s25p45d 2[1]0.5           9.179e+06  5.500e+06  E     1.67  +0.32
    995.735  5s25p46p 2[3]2.5           5s25p46s 2[2]1.5           1.339e+07  1.780e+07  D+    0.75  +0.41
    996.600  5s25p46p 2[3]3.5           5s25p46d 2[4]4.5           1.097e+07  1.670e+07  C     0.66  -0.76
    999.528  5s25p46p 2[3]2.5           5s25p46s 2[2]2.5           3.079e+06  3.800e+06  E     0.81  -0.40
   1000.582  5s25p46p 2[1]0.5           5s25p46s 2[1]1.5           7.463e+06  2.360e+07  D+    0.32  +0.68
   1013.393  5s25p46p 2[1]1.5           5s25p46s 2[1]0.5           2.597e+07  1.230e+07  D+    2.11  +0.84
   1014.459  5s25p46p 2[1]0.5           5s25p46d 2[0]0.5           5.085e+04  6.900e+06  E     0.01  +0.00
   1016.141  5s25p46p 2[3]3.5           5s25p46d 2[3]3.5           2.921e+06  6.200e+06  D+    0.47  -0.67
   1017.563  5s25p46p 2[1]1.5           5s25p46s 2[2]2.5           1.239e+07  1.670e+07  D+    0.74  +0.53
   1023.477  5s25p46p 2[2]2.5           5s25p45d 2[2]1.5           1.530e+06  1.700e+06  E     0.90  +0.16
   1024.162  5s25p46p 2[1]0.5           5s25p46s 2[2]1.5           2.886e+07  2.480e+07  B     1.16  +0.86
   1026.887  5s25p46p 2[1]1.5           5s25p46d 2[2]2.5           1.946e+06  2.100e+06  E     0.93  -0.13
   1031.301  5s25p45f 2[3]3.5           5s25p45d 2[2]2.5           1.007e+07  5.300e+06  D+    1.90  -0.37
   1032.103  5s25p45f 2[2]2.5           5s25p45d 2[2]2.5           6.322e+05  1.800e+06  E     0.35  +0.13
   1032.527  5s25p46p 2[2]1.5           5s25p45d 2[2]1.5           5.199e+06  4.200e+06  E     1.24  +0.14
   1032.871  5s25p45f 2[4]3.5           5s25p45d 2[2]2.5           3.413e+06  2.400e+06  E     1.42  +0.23
   1032.876  5s25p46p 2[0]0.5           5s25p46s 2[1]1.5           1.966e+07  6.200e+06  E     3.17  -0.51
   1037.806  5s25p44f 2[5]5.5           5s25p45d 2[4]4.5           1.773e+07  1.290e+07  C+    1.37  -0.52
   1039.457  5s25p46p 2[2]1.5           5s25p46s 2[1]0.5           8.365e+04  1.500e+07  D+    0.01  +0.01
   1041.947  5s25p46p 2[2]1.5           5s25p45d 2[1]1.5           2.473e+06  1.700e+06  E     1.45  +0.17
   1043.826  5s25p44f 2[4]4.5           5s25p45d 2[4]4.5           2.905e+06  2.100e+06  E     1.38  -0.53
   1044.809  5s25p46p 2[0]0.5           5s25p45d 2[1]1.5           2.725e+05  2.000e+06  E     0.14  +0.01
   1046.945  5s25p46p 2[3]2.5           5s25p46s 2[2]1.5           2.530e+07  2.300e+07  B     1.10  +0.95
   1049.700  5s25p45f 2[1]1.5           5s25p45d 2[2]1.5           2.431e+06  2.000e+06  E     1.22  -0.08
   1053.781  5s25p45f 2[3]2.5           5s25p45d 2[2]1.5           9.055e+06  1.110e+06  E     8.16  -0.29
   1054.260  5s25p45f 2[2]2.5           5s25p45d 2[2]1.5           8.928e+05  2.900e+06  E     0.31  -0.08
   1069.889  5s25p46p 2[1]0.5           5s25p45d 2[2]1.5           2.286e+06  3.600e+06  E     0.64  +0.03
   1089.221  5s25p46p 2[1]1.5           5s25p45d 2[2]1.5           4.263e+04  1.900e+06  E     0.02  -0.00
   1102.363  5s25p46p 2[2]2.5           5s25p45d 2[3]3.5           6.047e+05  1.180e+06  E     0.51  -0.03
   1123.959  5s25p46p 2[2]1.5           5s25p46s 2[2]1.5           4.161e+06  3.800e+06  B     1.10  +0.31
   1124.981  5s25p46p 2[2]2.5           5s25p45d 2[2]2.5           3.881e+06  3.200e+06  E     1.21  -0.14
   1129.045  5s25p44f 2[1]1.5           5s25p46s 2[2]1.5           2.001e+06  1.500e+06  E     1.33  +0.47
   1131.636  5s25p46p 2[1]1.5           5s25p45d 2[2]2.5           5.103e+04  2.100e+06  E     0.02  +0.00
   1135.093  5s25p44f 2[2]2.5           5s25p46s 2[2]1.5           3.272e+06  2.200e+06  E     1.49  +0.37
   1135.943  5s25p44f 2[5]4.5           5s25p45d 2[4]3.5           1.811e+07  1.380e+07  C+    1.31  -0.85
   1137.520  5s25p44f 2[1]1.5           5s25p45d 2[0]0.5           1.299e+07  5.300e+06  D     2.45  +0.78
   1137.833  5s25p44f 2[1]0.5           5s25p45d 2[0]0.5           9.585e+06  3.900e+06  E     2.46  +0.71
   1141.320  5s25p46p 2[1]1.5           5s25p45d 2[2]1.5           1.329e+06  2.700e+06  E     0.49  -0.04
   1142.345  5s25p44f 2[3]3.5           5s25p45d 2[4]3.5           1.446e+06  9.500e+05  E     1.52  -0.45
   1143.148  5s25p44f 2[3]2.5           5s25p45d 2[4]3.5           2.947e+05  1.270e+06  E     0.23  +0.45
   1143.152  5s25p44f 2[4]3.5           5s25p45d 2[4]3.5           1.408e+06  1.270e+06  E     1.11  -0.41
   1156.162  5s25p46p 2[2]1.5           5s25p45d 2[2]1.5           3.232e+06  3.000e+06  E     1.08  -0.13
   1178.156  5s25p46p 2[2]1.5           5s25p45d 2[0]0.5           3.240e+03  2.700e+06  E     0.00  -0.00
   1200.014  5s25p46p 2[3]2.5           5s25p45d 2[3]3.5           9.531e+05  1.680e+06  E     0.57  -0.05
   1203.699  5s25p46p 2[3]3.5           5s25p45d 2[3]3.5           5.633e+05  8.700e+05  E     0.65  +0.08
   1213.925  5s25p46p 2[3]2.5           5s25p45d 2[2]1.5           1.790e+06  2.300e+06  E     0.78  +0.12
   1301.163  5s25p46p 2[1]0.5           5s25p45d 2[1]1.5           6.872e+06  2.800e+06  E     2.45  +0.27
   1312.186  5s25p46p 2[1]0.5           5s25p45d 2[0]0.5           6.788e+04  2.800e+06  E     0.02  +0.01
   1318.922  5s25p46p 2[1]0.5           5s25p47d 2[2]1.5           4.510e+05  1.160e+06  E     0.39  +0.14
   1368.946  5s25p46p 2[2]1.5           5s25p47s 2[2]1.5           1.269e+06  1.360e+06  E     0.93  -0.19
   1387.272  5s25p44f 2[2]2.5           5s25p45d 2[2]2.5           2.241e+06  2.970e+06  D+    0.75  +0.37
   1396.208  5s25p44f 2[3]3.5           5s25p45d 2[2]2.5           1.338e+07  1.380e+07  C+    0.97  -0.60
   1397.408  5s25p44f 2[3]2.5           5s25p45d 2[2]2.5           2.155e+06  1.570e+06  E     1.37  +0.36
   1397.414  5s25p44f 2[4]3.5           5s25p45d 2[2]2.5           2.381e+06  1.570e+06  E     1.52  -0.22
   1412.982  5s25p46p 2[1]0.5           5s25p47s 2[1]1.5           1.742e+04  1.850e+06  E     0.01  -0.00
   1418.047  5s25p44f 2[1]1.5           5s25p45d 2[2]1.5           4.141e+06  4.500e+06  D+    0.92  -0.55
   1427.600  5s25p44f 2[2]2.5           5s25p45d 2[2]1.5           7.474e+06  7.500e+06  C     1.00  -0.52
   1429.092  5s25p46p 2[2]2.5           5s25p47s 2[2]2.5           5.835e+06  5.800e+06  D+    1.01  -0.46
   1438.337  5s25p44f 2[3]2.5           5s25p45d 2[2]1.5           3.120e+06  1.930e+06  D     1.62  -0.25
   1440.803  5s25p48p 2[3]3.5           5s25p47s 2[2]2.5           7.542e+05  3.200e+05  E     2.36  +0.52
   1443.048  5s25p48p 2[1]1.5           5s25p47s 2[2]1.5           1.062e+04  6.200e+05  E     0.02  +0.00
   1446.301  5s25p46p 2[0]0.5           5s25p47s 2[0]0.5           1.235e+06  4.000e+06  E     0.31  +0.13
   1446.394  5s25p46p 2[2]1.5           5s25p47s 2[2]2.5           3.946e+06  3.640e+06  D+    1.08  +0.44
   1456.298  5s25p46p 2[2]2.5           5s25p47d 2[2]1.5           3.115e+06  2.140e+06  E     1.46  +0.36
   1503.667  5s25p46p 2[3]2.5           5s25p47s 2[2]1.5           8.968e+06  8.600e+06  C     1.04  -0.75
   1507.885  5s25p47p 2[3]2.5           5s25p45d 2[4]3.5           1.012e+06  4.700e+05  E     2.15  -0.49
   1512.553  5s25p46p 2[2]1.5           5s25p47d 2[2]2.5           5.250e+05  4.400e+05  E     1.19  -0.05
   1517.739  5s25p46p 2[2]1.5           5s25p47d 2[2]1.5           8.497e+05  7.400e+05  E     1.15  +0.07
   1518.365  5s25p46p 2[2]1.5           5s25p47d 2[0]0.5           1.421e+05  4.100e+06  E     0.03  +0.02
   1553.056  5s25p46p 2[1]1.5           5s25p47s 2[0]0.5           4.123e+06  7.200e+06  D+    0.57  -0.29
   1553.295  5s25p46p 2[1]0.5           5s25p47s 2[2]1.5           3.657e+06  3.400e+06  D+    1.08  -0.60
   1558.675  5s25p46p 2[1]1.5           5s25p45d 2[0]0.5           9.916e+04  2.200e+06  E     0.05  -0.02
   1571.831  5s25p46p 2[2]2.5           5s25p47s 2[1]1.5           2.472e+06  5.200e+06  D+    0.48  -0.24
   1577.636  5s25p46p 2[1]1.5           5s25p47d 2[0]0.5           3.607e+05  3.100e+06  E     0.12  +0.11
   1604.170  5s25p46p 2[3]3.5           5s25p47s 2[2]2.5           6.386e+06  6.010e+06  C     1.06  -0.75
   1643.648  5s25p46p 2[2]1.5           5s25p47s 2[1]1.5           3.245e+06  1.330e+06  E     2.44  -0.21
   1664.996  5s25p46p 2[1]0.5           5s25p47d 2[0]0.5           2.243e+04  3.200e+06  E     0.01  +0.01
   1703.949  5s25p47p 2[1]0.5           5s25p46d 2[2]1.5           3.662e+05  7.600e+05  E     0.48  -0.01
   1713.329  5s25p46p 2[1]1.5           5s25p47s 2[1]1.5           4.139e+04  1.230e+06  E     0.03  +0.01
   1713.821  5s25p46p 2[1]1.5           5s25p47d 2[1]0.5           3.489e+05  9.700e+05  E     0.36  +0.14
   1783.006  5s25p46p 2[2]1.5           5s25p47s 2[0]0.5           8.543e+05  9.600e+05  E     0.89  -0.06
   1817.409  5s25p46p 2[1]0.5           5s25p47d 2[1]0.5           2.412e+05  7.100e+05  E     0.34  +0.10
   1828.078  5s25p47p 2[1]1.5           5s25p45d 2[2]2.5           1.573e+06  1.960e+06  D+    0.80  -0.14
   1848.524  5s25p44f 2[3]3.5           5s25p47s 2[2]2.5           3.536e+05  2.700e+05  E     1.31  -0.33
   1898.760  5s25p47p 2[1]1.5           5s25p45d 2[2]1.5           1.334e+06  1.190e+06  D     1.12  -0.20
   1907.540  5s25p46p 2[1]1.5           5s25p46s 2[1]1.5           1.902e+05  1.610e+05  D+    1.18  -0.04
   1911.038  5s25p46p 2[1]1.5           5s25p47s 2[2]1.5           2.084e+06  1.920e+06  D+    1.09  -0.31
   1937.529  5s25p46p 2[2]1.5           5s25p45d 2[2]2.5           2.539e+05  2.800e+05  E     0.91  +0.06
   1974.446  5s25p44f 2[2]2.5           5s25p47s 2[2]1.5           1.695e+05  1.800e+05  E     0.94  -0.34
   1983.004  5s25p47p 2[3]3.5           5s25p45d 2[2]2.5           2.192e+05  2.600e+05  E     0.84  -0.30
   1984.074  5s25p47p 2[3]2.5           5s25p45d 2[2]2.5           4.786e+05  4.700e+05  E     1.02  +0.23
   2020.923  5s25p47p 2[1]0.5           5s25p45d 2[2]1.5           5.571e+05  4.500e+05  E     1.24  +0.06
   2025.348  5s25p46p 2[1]1.5           5s25p45d 2[0]0.5           7.252e+05  3.500e+05  E     2.07  +0.13
   2077.088  5s25p47p 2[2]2.5           5s25p45d 2[2]2.5           3.209e+05  1.400e+05  E     2.29  -0.21
   2218.903  5s25p46p 2[3]2.5           5s25p45d 2[2]2.5           1.336e+06  1.340e+06  D+    1.00  -0.74
   2223.271  5s25p46p 2[1]0.5           5s25p45d 2[2]1.5           9.281e+05  9.200e+05  D     1.01  -0.23
   2231.535  5s25p46p 2[3]3.5           5s25p45d 2[2]2.5           1.302e+05  1.310e+05  E     0.99  +0.34
   2274.738  5s25p46p 2[1]1.5           5s25p48s 2[2]2.5           8.831e+04  1.120e+05  E     0.79  +0.09
   2299.689  5s25p45f 2[5]4.5           5s25p46d 2[3]3.5           8.710e+05  7.600e+04  E    11.46  -0.50
   2313.840  5s25p45f 2[4]3.5           5s25p46d 2[3]3.5           2.197e+04  8.600e+04  E     0.26  -0.02
   2315.650  5s25p45f 2[4]4.5           5s25p46d 2[3]3.5           1.022e+05  2.300e+05  E     0.44  +0.04
   2329.931  5s25p44f 2[1]1.5           5s25p45d 2[1]0.5           1.590e+05  2.000e+05  E     0.80  -0.03
   2331.245  5s25p44f 2[1]0.5           5s25p45d 2[1]0.5           2.687e+06  4.900e+05  E     5.48  +0.51
   2357.475  5s25p44f 2[2]1.5           5s25p45d 2[1]0.5           2.352e+06  7.200e+05  D     3.27  -0.28
   2360.855  5s25p47p 2[2]1.5           5s25p47s 2[1]0.5           3.305e+03  8.100e+05  E     0.00  -0.00
   2406.811  5s25p45f 2[5]5.5           5s25p46d 2[4]4.5           6.976e+05  5.200e+05  D+    1.34  -0.26
   2423.961  5s25p45f 2[4]4.5           5s25p46d 2[4]4.5           1.350e+05  9.100e+04  E     1.48  -0.29
   2426.907  5s25p45f 2[2]1.5           5s25p46d 2[0]0.5           3.946e+05  3.300e+05  E     1.20  -0.33
   2441.351  5s25p46p 2[2]1.5           5s25p46d 2[2]2.5           5.345e+04  6.900e+05  D+    0.08  -0.02
   2442.745  5s25p46p 2[2]1.5           5s25p46s 2[0]0.5           1.252e+05  1.180e+05  C+    1.06  +0.06
   2443.291  5s25p47p 2[1]0.5           5s25p47d 2[2]1.5           1.385e+05  1.330e+05  E     1.04  +0.03
   2459.809  5s25p47p 2[2]2.5           5s25p47d 2[1]1.5           2.736e+05  4.700e+05  E     0.58  -0.16
   2464.595  5s25p45f 2[1]1.5           5s25p45d 2[2]1.5           3.075e+05  2.000e+05  E     1.54  -0.09
   2487.212  5s25p45f 2[3]2.5           5s25p45d 2[2]1.5           2.187e+06  3.100e+05  E     7.05  -0.42
   2493.148  5s25p45f 2[2]1.5           5s25p45d 2[2]1.5           1.930e+05  1.400e+05  E     1.38  -0.11
   2511.629  5s25p47p 2[2]1.5           5s25p47d 2[1]1.5           8.827e+05  1.440e+06  D+    0.61  -0.27
   2514.008  5s25p47p 2[2]2.5           5s25p47d 2[3]2.5           8.156e+05  1.510e+06  C     0.54  -0.33
   2525.765  5s25p47p 2[3]2.5           5s25p47d 2[4]3.5           1.395e+06  1.980e+06  C+    0.70  -0.67
   2532.416  5s25p45f 2[3]3.5           5s25p45d 2[2]2.5           1.020e+06  3.000e+05  D     3.40  +0.56
   2534.480  5s25p45f 2[3]2.5           5s25p45d 2[2]2.5           2.399e+05  1.230e+05  E     1.95  -0.31
   2539.098  5s25p47p 2[2]2.5           5s25p47d 2[3]3.5           1.094e+06  1.670e+06  C+    0.65  -0.30
   2545.203  5s25p44f 2[1]1.5           5s25p45d 2[0]0.5           5.454e+04  1.740e+06  C     0.03  -0.02
   2546.771  5s25p44f 2[1]0.5           5s25p45d 2[0]0.5           7.311e+02  1.400e+06  D+    0.00  -0.00
   2549.629  5s25p46p 2[1]1.5           5s25p45d 2[2]2.5           2.015e+04  1.190e+05  E     0.17  +0.02
   2561.868  5s25p46p 2[2]1.5           5s25p46d 2[1]1.5           2.299e+04  2.300e+05  E     0.10  -0.02
   2568.162  5s25p47p 2[2]1.5           5s25p47d 2[3]2.5           4.764e+05  6.800e+05  D+    0.70  -0.19
   2590.046  5s25p47p 2[3]3.5           5s25p47d 2[4]4.5           1.447e+06  2.350e+06  C+    0.62  -0.70
   2594.154  5s25p45f 2[5]4.5           5s25p46d 2[4]3.5           9.955e+05  7.800e+05  C     1.28  -0.60
   2599.324  5s25p46p 2[1]1.5           5s25p45d 2[2]1.5           5.759e+03  1.340e+05  E     0.04  -0.01
   2602.160  5s25p45f 2[3]3.5           5s25p46d 2[4]3.5           1.382e+05  7.900e+04  E     1.75  -0.28
   2633.609  5s25p47p 2[1]1.5           5s25p47d 2[2]2.5           1.006e+05  2.400e+05  E     0.42  -0.01
   2649.373  5s25p47p 2[1]1.5           5s25p47d 2[2]1.5           8.163e+05  4.400e+05  D     1.86  -0.11
   2655.992  5s25p44f 2[1]0.5           5s25p45d 2[2]1.5           7.598e+05  2.000e+05  E     3.80  -0.49
   2675.284  5s25p45f 2[3]2.5           5s25p46d 2[3]2.5           2.872e+04  9.800e+04  E     0.29  +0.05
   2682.457  5s25p47p 2[1]0.5           5s25p47d 2[1]1.5           1.505e+05  3.300e+05  E     0.46  +0.11
   2689.840  5s25p47p 2[1]1.5           5s25p47s 2[2]2.5           5.629e+05  9.400e+05  D+    0.60  +0.12
   2690.092  5s25p44f 2[2]1.5           5s25p45d 2[2]1.5           1.726e+06  7.000e+05  D+    2.47  +0.45
   2693.454  5s25p47p 2[3]2.5           5s25p47d 2[3]3.5           8.186e+04  5.100e+04  E     1.61  -0.08
   2695.428  5s25p47p 2[3]3.5           5s25p47d 2[3]3.5           7.145e+05  9.500e+05  C     0.75  +0.73
   2699.967  5s25p45f 2[2]2.5           5s25p46d 2[1]1.5           3.112e+05  5.800e+05  D+    0.54  -0.17
   2726.274  5s25p44f 2[3]2.5           5s25p45d 2[2]1.5           1.811e+06  9.500e+05  C     1.91  +0.34
   2729.379  5s25p47p 2[1]1.5           5s25p47s 2[1]0.5           2.298e+04  4.700e+05  E     0.05  -0.00
   2737.288  5s25p46p 2[2]2.5           5s25p45d 2[4]3.5           6.475e+04  8.500e+04  E     0.76  -0.23
   2744.645  5s25p46p 2[2]2.5           5s25p46s 2[2]1.5           1.349e+05  9.800e+04  E     1.38  +0.17
   2758.053  5s25p46p 2[2]1.5           5s25p45d 2[0]0.5           5.711e+05  2.800e+05  E     2.04  -0.25
   2795.349  5s25p46p 2[2]2.5           5s25p46d 2[3]2.5           5.640e+04  1.600e+05  E     0.35  -0.04
   2805.624  5s25p44f 2[2]2.5           5s25p45d 2[2]2.5           3.623e+05  3.500e+05  D+    1.04  +0.23
   2824.874  5s25p47p 2[2]1.5           5s25p47s 2[1]1.5           3.821e+06  8.300e+05  D+    4.60  -0.35
   2847.395  5s25p44f 2[3]2.5           5s25p45d 2[2]2.5           4.747e+05  3.610e+05  D+    1.31  -0.36
   2847.417  5s25p44f 2[4]3.5           5s25p45d 2[2]2.5           1.074e+06  3.610e+05  D+    2.98  +0.27
   2886.865  5s25p45f 2[1]0.5           5s25p46d 2[1]0.5           3.147e+04  6.300e+05  D     0.05  -0.13
   2887.182  5s25p45f 2[1]1.5           5s25p46d 2[1]0.5           1.881e+05  5.600e+05  D+    0.34  -0.16
   2954.134  5s25p44f 2[5]4.5           5s25p45d 2[3]3.5           1.320e+05  2.010e+05  D+    0.66  +0.10
   2959.892  5s25p46p 2[2]2.5           5s25p46d 2[2]1.5           2.585e+03  9.000e+04  E     0.03  -0.00
   2975.291  5s25p46p 2[1]1.5           5s25p45d 2[0]0.5           7.284e+04  7.100e+04  E     1.03  +0.14
   2976.394  5s25p46p 2[1]0.5           5s25p46d 2[2]1.5           6.654e+03  4.900e+05  D+    0.01  +0.01
   2997.827  5s25p44f 2[3]3.5           5s25p45d 2[3]3.5           1.335e+05  1.860e+05  D     0.72  +0.23
   3000.143  5s25p48p 2[3]3.5           5s25p46d 2[3]3.5           5.212e+04  6.000e+04  E     0.87  -0.16
   3003.366  5s25p44f 2[3]2.5           5s25p45d 2[3]3.5           5.182e+03  7.000e+04  E     0.07  +0.05
   3003.390  5s25p44f 2[4]3.5           5s25p45d 2[3]3.5           7.472e+04  7.000e+04  E     1.07  -0.09
   3004.044  5s25p44f 2[4]4.5           5s25p45d 2[3]3.5           6.019e+05  7.270e+05  C+    0.83  +0.21
   3006.119  5s25p47p 2[1]1.5           5s25p47s 2[2]1.5           2.832e+06  2.790e+06  C+    1.01  +0.49
   3009.544  5s25p47p 2[2]2.5           5s25p47s 2[1]1.5           1.315e+06  2.930e+06  C+    0.45  +0.28
   3010.308  5s25p47p 2[1]1.5           5s25p47d 2[3]2.5           4.209e+04  1.290e+05  E     0.33  +0.04
   3023.667  5s25p47p 2[1]1.5           5s25p47s 2[0]0.5           2.750e+06  2.970e+06  C+    0.93  +0.63
   3030.863  5s25p46p 2[2]1.5           5s25p46d 2[3]2.5           3.362e+05  8.700e+04  E     3.86  +0.17
   3037.013  5s25p46p 2[1]1.5           5s25p45d 2[2]1.5           1.100e+06  1.090e+06  C     1.01  +0.53
   3039.217  5s25p47p 2[3]3.5           5s25p47s 2[2]2.5           3.896e+06  4.350e+06  C+    0.90  +0.84
   3041.731  5s25p47p 2[3]2.5           5s25p47s 2[2]2.5           8.363e+04  8.200e+04  E     1.02  +0.06
   3058.329  5s25p47p 2[1]1.5           5s25p47s 2[1]1.5           1.101e+02  4.300e+05  D+    0.00  +0.00
   3103.209  5s25p47p 2[1]0.5           5s25p47d 2[0]0.5           2.729e+04  2.970e+06  C+    0.01  -0.01
   3104.530  5s25p48p 2[2]2.5           5s25p46d 2[3]3.5           2.092e+05  1.550e+05  E     1.35  +0.16
   3178.866  5s25p47p 2[2]1.5           5s25p47s 2[2]2.5           2.773e+06  2.970e+06  C+    0.93  -0.55
   3184.499  5s25p48p 2[3]3.5           5s25p46d 2[4]4.5           3.577e+05  2.640e+05  D+    1.35  -0.29
   3190.379  5s25p45f 2[1]1.5           5s25p46d 2[2]1.5           2.717e+05  4.500e+05  D+    0.60  +0.07
   3228.380  5s25p45f 2[3]2.5           5s25p46d 2[2]1.5           9.369e+05  3.260e+05  D+    2.87  +0.29
   3232.884  5s25p45f 2[2]2.5           5s25p46d 2[2]1.5           2.467e+05  6.100e+05  C     0.40  +0.17
   3234.435  5s25p46p 2[2]1.5           5s25p45d 2[2]2.5           2.281e+05  4.500e+05  D+    0.51  +0.17
   3235.025  5s25p47p 2[0]0.5           5s25p47s 2[0]0.5           2.059e+06  3.040e+06  C+    0.68  -0.52
   3237.211  5s25p46p 2[1]1.5           5s25p45d 2[2]2.5           1.057e+06  1.060e+06  C+    1.00  +0.66
   3244.845  5s25p46p 2[1]1.5           5s25p46d 2[1]1.5           1.640e+04  6.400e+04  E     0.26  -0.04
   3265.946  5s25p47p 2[2]2.5           5s25p47s 2[2]2.5           3.205e+06  3.590e+06  C+    0.89  +0.73
   3299.370  5s25p47p 2[1]1.5           5s25p47d 2[0]0.5           7.527e+04  1.770e+06  C+    0.04  -0.11
   3314.831  5s25p46p 2[2]1.5           5s25p45d 2[2]1.5           1.335e+04  7.100e+04  E     0.19  -0.01
   3324.264  5s25p47p 2[1]0.5           5s25p47s 2[2]1.5           3.668e+06  3.970e+06  C+    0.92  +0.73
   3342.786  5s25p48p 2[2]1.5           5s25p45d 2[2]1.5           2.858e+04  8.100e+04  E     0.35  -0.02
   3395.104  5s25p48p 2[3]3.5           5s25p45d 2[2]2.5           6.596e+05  3.600e+04  E    18.32  +0.62
   3396.236  5s25p45f 2[3]3.5           5s25p46d 2[2]2.5           4.172e+06  1.530e+06  C+    2.73  -0.65
   3404.945  5s25p45f 2[2]2.5           5s25p46d 2[2]2.5           2.778e+05  6.010e+05  C     0.46  +0.25
   3413.318  5s25p45f 2[4]3.5           5s25p46d 2[2]2.5           1.244e+06  8.500e+05  C+    1.46  +0.51
   3428.730  5s25p48p 2[2]1.5           5s25p45d 2[2]2.5           4.290e+04  5.500e+04  E     0.78  -0.02
   3430.457  5s25p46p 2[3]2.5           5s25p45d 2[4]3.5           9.893e+05  8.900e+05  C+    1.11  +0.96
   3438.402  5s25p48p 2[2]2.5           5s25p45d 2[2]1.5           3.991e+03  5.100e+04  E     0.08  -0.02
   3452.495  5s25p47p 2[3]2.5           5s25p47s 2[2]1.5           3.098e+06  3.270e+06  C+    0.95  +0.93
   3460.743  5s25p46p 2[3]3.5           5s25p45d 2[4]3.5           2.368e+04  2.300e+04  E     1.03  +0.30
   3508.738  5s25p48p 2[3]2.5           5s25p46d 2[4]3.5           3.929e+05  4.190e+05  C     0.94  -0.38
   3515.812  5s25p46p 2[1]1.5           5s25p45d 2[2]2.5           5.789e+05  1.940e+05  D+    2.98  +0.63
   3548.561  5s25p47p 2[2]2.5           5s25p47d 2[2]1.5           6.848e+05  9.300e+05  C+    0.74  -0.48
   3578.792  5s25p47p 2[1]1.5           5s25p47s 2[0]0.5           2.817e+05  1.520e+05  E     1.85  +0.08
   3605.613  5s25p46p 2[1]0.5           5s25p45d 2[1]1.5           3.560e+05  2.890e+05  D+    1.23  +0.48
   3611.111  5s25p44f 2[2]1.5           5s25p45d 2[1]1.5           8.249e+05  1.940e+05  D     4.25  -0.61
   3624.791  5s25p46p 2[1]0.5           5s25p45d 2[0]0.5           3.235e+05  2.400e+05  E     1.35  -0.62
   3630.251  5s25p47p 2[2]1.5           5s25p47s 2[2]1.5           5.337e+05  6.800e+05  C     0.78  +0.29
   3637.375  5s25p46p 2[1]0.5           5s25p46d 2[1]1.5           1.293e+04  2.930e+05  D+    0.04  +0.02
   3652.624  5s25p48p 2[3]3.5           5s25p46d 2[3]2.5           9.420e+03  1.200e+05  D+    0.08  +0.22
   3676.611  5s25p44f 2[3]2.5           5s25p45d 2[1]1.5           7.640e+05  2.990e+05  D+    2.56  -0.39
   3691.574  5s25p48p 2[2]1.5           5s25p46d 2[3]2.5           7.252e+04  1.770e+05  D     0.41  -0.09
   3776.358  5s25p46p 2[2]2.5           5s25p45d 2[3]2.5           6.750e+04  7.700e+04  E     0.88  +0.14
   3782.625  5s25p48p 2[1]0.5           5s25p46d 2[1]1.5           2.587e+05  2.300e+05  E     1.12  -0.18
   3830.450  5s25p46p 2[1]1.5           5s25p45d 2[1]1.5           3.167e+04  7.300e+04  E     0.43  +0.06
   3989.942  5s25p47p 2[2]1.5           5s25p48s 2[2]1.5           4.904e+05  4.360e+05  C     1.12  -0.36
   4024.026  5s25p47p 2[2]2.5           5s25p48s 2[2]2.5           1.405e+05  1.470e+06  C+    0.10  -0.04
   4035.979  5s25p48p 2[1]1.5           5s25p46d 2[2]1.5           3.332e+05  7.500e+04  E     4.44  +0.21
   4103.856  5s25p46p 2[1]0.5           5s25p45d 2[2]1.5           3.413e+05  7.500e+04  E     4.55  +0.43
   4164.590  5s25p47p 2[2]1.5           5s25p48s 2[2]2.5           8.344e+05  5.920e+05  C+    1.41  +0.30
   4170.768  5s25p48p 2[2]1.5           5s25p46d 2[1]0.5           3.355e+03  7.400e+04  E     0.05  +0.03
   4229.266  5s25p47p 2[3]2.5           5s25p48s 2[2]1.5           1.786e+06  1.630e+06  C+    1.10  -0.79
   4332.128  5s25p46p 2[2]1.5           5s25p45d 2[1]0.5           2.112e+05  1.940e+05  D     1.09  +0.46
   4388.193  5s25p46p 2[1]1.5           5s25p46d 2[1]1.5           1.549e+03  9.000e+04  D     0.02  +0.00
   4426.010  5s25p47p 2[3]2.5           5s25p48s 2[2]2.5           2.193e+04  4.800e+04  E     0.46  +0.03
   4431.344  5s25p47p 2[3]3.5           5s25p48s 2[2]2.5           1.256e+06  1.170e+06  C+    1.07  -0.86
   4439.023  5s25p47p 2[1]0.5           5s25p48s 2[2]1.5           5.265e+05  4.010e+05  C     1.31  -0.63
   4501.325  5s25p47p 2[0]0.5           5s25p47s 2[1]0.5           2.800e+05  1.810e+05  D     1.55  -0.17
   4569.860  5s25p47p 2[1]0.5           5s25p45d 2[1]0.5           1.518e+05  4.600e+04  E     3.30  -0.22
   4582.196  5s25p44f 2[2]2.5           5s25p45d 2[3]2.5           1.787e+05  2.500e+04  E     7.15  +0.43
   4588.404  5s25p44f 2[2]1.5           5s25p45d 2[3]2.5           1.770e+04  6.600e+04  E     0.27  -0.22
   4660.308  5s25p46p 2[1]0.5           5s25p48s 2[2]1.5           4.240e+04  2.540e+05  D+    0.17  -0.04
   4677.661  5s25p46p 2[0]0.5           5s25p45d 2[2]1.5           1.067e+05  1.880e+05  D+    0.57  +0.27
   4681.156  5s25p44f 2[3]3.5           5s25p45d 2[3]2.5           2.772e+05  7.600e+04  D+    3.65  -0.30
   4694.675  5s25p44f 2[3]2.5           5s25p45d 2[3]2.5           9.992e+03  6.060e+05  C+    0.02  -0.04
   4694.735  5s25p44f 2[4]3.5           5s25p45d 2[3]2.5           5.044e+04  6.060e+05  C+    0.08  +0.08
   4711.122  5s25p46p 2[1]1.5           5s25p45d 2[3]2.5           1.228e+05  8.600e+04  D+    1.43  +0.48
   4750.500  5s25p44f 2[3]3.5           5s25p47d 2[2]2.5           2.033e+04  1.130e+05  D+    0.18  -0.01
   4761.125  5s25p46p 2[3]3.5           5s25p46d 2[2]2.5           5.208e+05  2.600e+04  E    20.03  -0.51
   4862.791  5s25p46p 2[3]3.5           5s25p45d 2[4]4.5           3.403e+05  2.940e+05  C+    1.16  +0.85
   4918.522  5s25p48p 2[1]0.5           5s25p46d 2[2]1.5           3.323e+05  4.070e+05  D+    0.82  -0.21
   5045.071  5s25p47p 2[1]1.5           5s25p45d 2[2]1.5           2.594e+03  4.000e+04  E     0.06  +0.01
   5160.978  5s25p47p 2[2]2.5           5s25p46d 2[2]2.5           3.095e+04  2.200e+04  E     1.41  -0.08
   5168.767  5s25p47p 2[2]1.5           5s25p45d 2[1]0.5           1.279e+05  1.500e+04  E     8.53  +0.47
   5169.602  5s25p47p 2[1]1.5           5s25p48s 2[2]1.5           5.959e+05  6.060e+05  C+    0.98  -0.50
   5316.612  5s25p44f 2[1]0.5           5s25p47s 2[1]0.5           2.065e+03  1.160e+05  D     0.02  -0.03
   5323.458  5s25p44f 2[1]1.5           5s25p47s 2[1]0.5           1.688e+03  1.080e+05  D     0.02  -0.01
   5394.497  5s25p47p 2[2]1.5           5s25p46d 2[2]2.5           6.011e+04  9.000e+04  D+    0.67  +0.07
   5400.554  5s25p44f 2[5]4.5           5s25p46d 2[3]3.5           8.895e+05  2.420e+05  C+    3.68  +0.92
   5498.816  5s25p46p 2[1]1.5           5s25p45d 2[2]2.5           1.499e+05  1.620e+05  C     0.93  +0.42
   6722.153  5s25p46p 2[1]1.5           5s25p46s 2[2]1.5           3.402e+04  2.300e+04  E     1.48  -0.29
   6903.554  5s25p46p 2[2]2.5           5s25p45d 2[3]3.5           1.087e+05  9.500e+04  C+    1.14  +0.64
   9019.250  5s25p46p 2[2]2.5           5s25p45d 2[3]3.5           2.939e+04  2.360e+04  C     1.25  +0.47
