I: 233 calculated levels, 122 matched to NIST levels
  energy deviation calc - NIST (cm-1): median -824, max |dev| 6748
  2218 calculated lines on NIST levels; 339 of them have a NIST rate
  NIST class B: n=  8 median log10(calc/NIST)=+0.05  within x1.5: 100%  within x2: 100%  within x3: 100%
  NIST class C: n= 66 median log10(calc/NIST)=-0.02  within x1.5: 68%  within x2: 80%  within x3: 91%
  NIST class D: n= 93 median log10(calc/NIST)=-0.06  within x1.5: 56%  within x2: 68%  within x3: 78%
  NIST class E: n=172 median log10(calc/NIST)=-0.05  within x1.5: 44%  within x2: 66%  within x3: 77%
  ALL: n=339 median -0.04 within x2 70% within x3 81%
  lines with |cancellation factor| >= 0.05 (what the site uses): n=294 median -0.01 within x1.5 60% within x2 77% within x3 89%

  lambda(nm)  lower                      upper                       A_calc     A_NIST  acc  ratio   CF
    130.034  5s25p5 2P1.5               5s25p46d 2[2]2.5           5.654e+08  6.000e+08  E     0.94  -0.18
    142.137  5s25p5 2P1.5               5s25p45d 2[2]1.5           2.135e+08  9.600e+07  C     2.22  -0.11
    142.550  5s25p5 2P1.5               5s25p45d 2[2]2.5           6.374e+08  1.160e+08  D+    5.49  -0.34
    145.740  5s25p5 2P1.5               5s25p45d 2[0]0.5           1.653e+08  5.500e+07  D+    3.01  -0.23
    145.799  5s25p5 2P1.5               5s25p46s 2[2]2.5           1.223e+08  2.080e+08  C+    0.59  -0.12
    145.880  5s25p5 2P1.5               5s25p46s 2[2]1.5           1.098e+08  1.860e+08  C     0.59  +0.09
    145.915  5s25p5 2P0.5               5s25p46d 2[1]1.5           2.046e+06  7.400e+07  C     0.03  -0.01
    148.592  5s25p5 2P1.5               5s25p45d 2[1]0.5           3.176e+06  3.400e+06  E     0.93  +0.01
    150.705  5s25p5 2P1.5               5s25p45d 2[1]1.5           1.400e+07  1.770e+07  D     0.79  -0.02
    158.261  5s25p5 2P1.5               5s25p46s 2[1]0.5           4.769e+08  2.470e+08  C     1.93  -0.60
    159.358  5s25p5 2P0.5               5s25p45d 2[2]1.5           2.077e+08  1.140e+08  D     1.82  -0.12
    161.761  5s25p5 2P1.5               5s25p46s 2[1]1.5           2.508e+08  1.080e+08  C     2.32  +0.75
    164.078  5s25p5 2P0.5               5s25p46s 2[2]1.5           8.925e+07  2.060e+07  E     4.33  -0.07
    164.214  5s25p5 2P1.5               5s25p46s 2[0]0.5           4.138e+07  3.700e+07  D     1.12  +0.89
    170.207  5s25p5 2P0.5               5s25p45d 2[1]1.5           5.769e+06  2.050e+08  D     0.03  +0.01
    178.276  5s25p5 2P1.5               5s25p46s 2[2]1.5           4.243e+08  2.970e+08  C+    1.43  -0.66
    179.909  5s25p5 2P0.5               5s25p46s 2[1]0.5           3.546e+08  2.110e+08  C     1.68  -0.38
    183.039  5s25p5 2P1.5               5s25p46s 2[2]2.5           1.259e+07  5.140e+06  C+    2.45  -0.45
    184.445  5s25p5 2P0.5               5s25p46s 2[1]1.5           1.982e+07  1.400e+07  D     1.42  -0.30
    187.642  5s25p5 2P0.5               5s25p46s 2[0]0.5           6.449e+06  2.900e+07  D     0.22  -0.34
    206.229  5s25p5 2P0.5               5s25p46s 2[2]1.5           1.515e+07  1.260e+07  D     1.20  +0.09
    542.854  5s25p46p 2[1]1.5           5s25p46s 2[2]2.5           2.195e+04  1.600e+05  E     0.14  +0.01
    576.591  5s25p46p 2[1]1.5           5s25p46s 2[2]2.5           2.437e+05  5.800e+05  D     0.42  +0.00
    608.409  5s25p46p 2[2]2.5           5s25p46s 2[2]1.5           1.266e+06  3.600e+05  D+    3.52  +0.01
    712.400  5s25p46p 2[2]2.5           5s25p47d 2[3]2.5           2.726e+06  4.900e+06  E     0.56  -0.12
    714.400  5s25p46p 2[2]2.5           5s25p47d 2[3]3.5           3.040e+06  5.400e+06  E     0.56  -0.13
    723.379  5s25p45f 2[3]2.5           5s25p45d 2[3]2.5           6.713e+05  3.900e+06  E     0.17  -0.04
    723.874  5s25p45f 2[4]4.5           5s25p45d 2[3]3.5           4.100e+06  7.400e+06  E     0.55  -0.07
    723.982  5s25p45f 2[4]3.5           5s25p45d 2[3]2.5           1.717e+06  4.200e+06  E     0.41  -0.07
    740.408  5s25p46p 2[3]2.5           5s25p47d 2[4]3.5           6.479e+06  7.300e+06  E     0.89  -0.53
    741.561  5s25p45f 2[2]2.5           5s25p45d 2[1]1.5           2.075e+06  3.000e+06  E     0.69  -0.05
    741.850  5s25p45f 2[2]1.5           5s25p45d 2[1]1.5           3.045e+06  6.000e+06  E     0.51  -0.08
    747.104  5s25p46p 2[3]3.5           5s25p47d 2[4]4.5           5.405e+06  7.600e+06  D     0.71  -0.43
    755.626  5s25p46p 2[3]3.5           5s25p47d 2[3]3.5           2.051e+06  2.900e+06  E     0.71  +0.31
    770.230  5s25p46p 2[3]3.5           5s25p45d 2[3]2.5           2.427e+06  3.600e+06  E     0.67  -0.08
    797.167  5s25p46p 2[2]2.5           5s25p48s 2[2]2.5           2.059e+06  2.400e+06  E     0.86  -0.09
    800.580  5s25p46p 2[1]0.5           5s25p46s 2[0]0.5           2.562e+06  4.100e+06  E     0.62  +0.29
    804.591  5s25p46p 2[1]1.5           5s25p46s 2[2]2.5           6.232e+06  6.070e+06  C+    1.03  +0.26
    817.161  5s25p46p 2[3]2.5           5s25p45d 2[1]1.5           2.837e+06  4.500e+06  E     0.63  -0.13
    822.479  5s25p46p 2[1]1.5           5s25p46s 2[0]0.5           3.772e+05  1.370e+06  E     0.28  -0.37
    824.228  5s25p45f 2[5]5.5           5s25p45d 2[4]4.5           7.699e+06  8.700e+06  D+    0.88  -0.30
    826.230  5s25p45f 2[4]4.5           5s25p45d 2[4]4.5           1.179e+06  1.500e+06  E     0.79  -0.27
    839.536  5s25p46p 2[3]2.5           5s25p48s 2[2]1.5           3.536e+06  3.400e+06  E     1.04  -0.38
    839.565  5s25p46p 2[2]1.5           5s25p46s 2[0]0.5           6.019e+06  8.300e+06  C     0.73  +0.12
    848.844  5s25p46p 2[3]3.5           5s25p48s 2[2]2.5           2.113e+06  2.700e+06  E     0.78  -0.24
    863.878  5s25p46p 2[2]2.5           5s25p46s 2[2]1.5           2.175e+06  2.900e+06  E     0.75  +0.13
    866.732  5s25p46p 2[2]2.5           5s25p46s 2[2]2.5           2.364e+07  2.680e+07  D+    0.88  +0.43
    870.317  5s25p46p 2[2]1.5           5s25p46s 2[2]1.5           1.382e+07  2.080e+07  D+    0.66  +0.20
    873.213  5s25p46p 2[2]1.5           5s25p46s 2[2]2.5           4.539e+06  3.900e+06  E     1.16  -0.27
    881.902  5s25p44f 2[2]2.5           5s25p45d 2[3]2.5           2.893e+06  2.100e+06  E     1.38  -0.13
    884.955  5s25p45f 2[5]4.5           5s25p45d 2[4]3.5           9.921e+06  9.400e+06  D+    1.06  -0.70
    885.369  5s25p45f 2[3]2.5           5s25p46s 2[2]1.5           2.700e+06  2.500e+06  E     1.08  +0.30
    885.560  5s25p44f 2[3]2.5           5s25p45d 2[3]3.5           3.626e+05  2.700e+06  E     0.13  -0.16
    885.563  5s25p44f 2[4]3.5           5s25p45d 2[3]3.5           4.453e+06  2.700e+06  E     1.65  +0.19
    885.619  5s25p44f 2[4]4.5           5s25p45d 2[3]3.5           1.435e+07  1.010e+07  D+    1.42  -0.20
    885.987  5s25p44f 2[3]2.5           5s25p45d 2[3]2.5           4.858e+06  7.600e+06  D     0.64  +0.23
    885.990  5s25p44f 2[4]3.5           5s25p45d 2[3]2.5           1.132e+07  7.600e+06  D     1.49  -0.17
    887.655  5s25p45f 2[1]1.5           5s25p45d 2[0]0.5           5.279e+06  3.200e+06  E     1.65  +0.19
    890.089  5s25p46p 2[1]1.5           5s25p46s 2[1]1.5           3.797e+04  1.700e+07  D+    0.00  -0.00
    892.836  5s25p46p 2[2]2.5           5s25p46d 2[3]2.5           3.735e+06  2.600e+06  E     1.44  -0.08
    896.712  5s25p46p 2[1]0.5           5s25p46s 2[2]1.5           1.812e+07  2.170e+07  D     0.83  +0.20
    897.149  5s25p46p 2[2]1.5           5s25p46d 2[1]1.5           6.927e+06  3.400e+06  E     2.04  +0.18
    899.559  5s25p46p 2[2]1.5           5s25p46d 2[3]2.5           3.728e+06  2.700e+06  E     1.38  -0.07
    902.485  5s25p46p 2[1]1.5           5s25p46s 2[0]0.5           2.739e+07  2.210e+07  C+    1.24  +0.66
    906.081  5s25p46p 2[3]3.5           5s25p46s 2[2]2.5           3.512e+07  3.230e+07  B     1.09  +0.85
    908.963  5s25p44f 2[2]1.5           5s25p45d 2[1]1.5           7.616e+06  5.300e+06  E     1.44  -0.26
    909.702  5s25p46p 2[2]2.5           5s25p45d 2[2]2.5           3.003e+05  3.200e+06  E     0.09  -0.05
    910.134  5s25p46p 2[2]1.5           5s25p46s 2[1]1.5           2.492e+07  1.880e+07  C+    1.33  +0.50
    911.639  5s25p46p 2[1]1.5           5s25p46s 2[2]1.5           2.684e+07  2.450e+07  B     1.10  +0.59
    913.057  5s25p44f 2[3]2.5           5s25p45d 2[1]1.5           9.178e+06  6.900e+06  D     1.33  -0.21
    915.942  5s25p46p 2[1]0.5           5s25p46s 2[0]0.5           2.209e+07  5.900e+06  E     3.74  -0.59
    915.950  5s25p46p 2[2]2.5           5s25p45d 2[2]1.5           1.490e+04  3.200e+06  E     0.00  -0.00
    923.027  5s25p46p 2[2]1.5           5s25p45d 2[2]1.5           6.755e+05  6.000e+06  E     0.11  -0.02
    932.450  5s25p46p 2[2]1.5           5s25p46d 2[0]0.5           7.318e+06  7.800e+06  E     0.94  +0.26
    933.758  5s25p46p 2[2]2.5           5s25p46s 2[1]1.5           3.280e+07  2.970e+07  B     1.10  +0.77
    936.776  5s25p48p 2[1]1.5           5s25p46s 2[2]1.5           1.308e+03  2.300e+06  E     0.00  +0.00
    938.235  5s25p46p 2[0]0.5           5s25p46d 2[1]1.5           2.744e+06  7.500e+06  E     0.37  -0.12
    940.132  5s25p48p 2[1]1.5           5s25p46s 2[2]2.5           3.603e+06  6.600e+06  E     0.55  -0.32
    942.930  5s25p46p 2[0]0.5           5s25p46s 2[0]0.5           8.593e+06  2.500e+07  D     0.34  -0.61
    942.965  5s25p46p 2[2]2.5           5s25p46d 2[3]3.5           8.678e+06  1.230e+07  D+    0.71  -0.29
    959.625  5s25p46p 2[1]1.5           5s25p46d 2[2]2.5           1.239e+07  3.400e+06  E     3.64  -0.52
    960.085  5s25p46p 2[3]3.5           5s25p46s 2[2]2.5           2.281e+07  3.110e+07  C+    0.73  +0.65
    965.227  5s25p46p 2[3]2.5           5s25p46d 2[4]3.5           1.033e+07  1.250e+07  D+    0.83  -0.51
    965.573  5s25p46p 2[2]1.5           5s25p46s 2[2]2.5           2.397e+07  2.140e+07  B     1.12  -0.69
    973.441  5s25p46p 2[2]2.5           5s25p46s 2[2]2.5           3.205e+07  2.820e+07  B     1.14  +0.86
    973.620  5s25p46p 2[2]2.5           5s25p45d 2[3]2.5           4.211e+06  5.400e+06  E     0.78  -0.14
    978.989  5s25p46p 2[1]0.5           5s25p46d 2[1]0.5           3.020e+06  8.400e+06  E     0.36  +0.27
    980.352  5s25p46p 2[1]0.5           5s25p46s 2[1]0.5           2.640e+07  2.710e+07  D+    0.97  +0.63
    981.620  5s25p46p 2[2]1.5           5s25p45d 2[3]2.5           1.491e+06  2.700e+06  E     0.55  -0.03
    983.502  5s25p46p 2[1]1.5           5s25p45d 2[3]2.5           1.136e+04  9.800e+06  D+    0.00  -0.00
    984.545  5s25p46p 2[1]1.5           5s25p46s 2[1]1.5           5.098e+06  3.700e+06  E     1.38  -0.17
    989.507  5s25p44f 2[1]0.5           5s25p45d 2[1]0.5           5.816e+06  4.700e+06  E     1.24  -0.40
    994.202  5s25p44f 2[2]1.5           5s25p45d 2[1]0.5           7.442e+06  5.500e+06  E     1.35  +0.26
    995.735  5s25p46p 2[3]2.5           5s25p46s 2[2]1.5           1.483e+07  1.780e+07  D+    0.83  +0.46
    996.600  5s25p46p 2[3]3.5           5s25p46d 2[4]4.5           1.208e+07  1.670e+07  C     0.72  -0.77
    999.528  5s25p46p 2[3]2.5           5s25p46s 2[2]2.5           3.392e+06  3.800e+06  E     0.89  -0.44
   1000.582  5s25p46p 2[1]0.5           5s25p46s 2[1]1.5           7.222e+06  2.360e+07  D+    0.31  +0.70
   1013.393  5s25p46p 2[1]1.5           5s25p46s 2[1]0.5           2.705e+07  1.230e+07  D+    2.20  +0.85
   1014.459  5s25p46p 2[1]0.5           5s25p46d 2[0]0.5           3.876e+06  6.900e+06  E     0.56  -0.20
   1016.141  5s25p46p 2[3]3.5           5s25p46d 2[3]3.5           4.808e+06  6.200e+06  D+    0.78  +0.56
   1017.563  5s25p46p 2[1]1.5           5s25p46s 2[2]2.5           7.201e+06  1.670e+07  D+    0.43  +0.39
   1023.477  5s25p46p 2[2]2.5           5s25p45d 2[2]1.5           2.031e+06  1.700e+06  E     1.19  +0.21
   1024.162  5s25p46p 2[1]0.5           5s25p46s 2[2]1.5           2.828e+07  2.480e+07  B     1.14  +0.84
   1026.887  5s25p46p 2[1]1.5           5s25p46d 2[2]2.5           5.274e+06  2.100e+06  E     2.51  -0.39
   1031.301  5s25p45f 2[3]3.5           5s25p45d 2[2]2.5           2.505e+06  5.300e+06  D+    0.47  +0.13
   1032.103  5s25p45f 2[2]2.5           5s25p45d 2[2]2.5           8.408e+05  1.800e+06  E     0.47  +0.11
   1032.527  5s25p46p 2[2]1.5           5s25p45d 2[2]1.5           6.977e+06  4.200e+06  E     1.66  +0.19
   1032.871  5s25p45f 2[4]3.5           5s25p45d 2[2]2.5           6.162e+06  2.400e+06  E     2.57  -0.31
   1032.876  5s25p46p 2[0]0.5           5s25p46s 2[1]1.5           1.991e+07  6.200e+06  E     3.21  -0.54
   1037.806  5s25p44f 2[5]5.5           5s25p45d 2[4]4.5           1.695e+07  1.290e+07  C+    1.31  -0.48
   1039.457  5s25p46p 2[2]1.5           5s25p46s 2[1]0.5           4.415e+04  1.500e+07  D+    0.00  +0.01
   1041.947  5s25p46p 2[2]1.5           5s25p45d 2[1]1.5           1.592e+06  1.700e+06  E     0.94  +0.06
   1043.826  5s25p44f 2[4]4.5           5s25p45d 2[4]4.5           2.772e+06  2.100e+06  E     1.32  -0.48
   1044.809  5s25p46p 2[0]0.5           5s25p45d 2[1]1.5           9.245e+04  2.000e+06  E     0.05  -0.01
   1046.945  5s25p46p 2[3]2.5           5s25p46s 2[2]1.5           2.511e+07  2.300e+07  B     1.09  +0.94
   1049.700  5s25p45f 2[1]1.5           5s25p45d 2[2]1.5           1.815e+06  2.000e+06  E     0.91  -0.06
   1053.781  5s25p45f 2[3]2.5           5s25p45d 2[2]1.5           5.545e+06  1.110e+06  E     5.00  -0.28
   1054.260  5s25p45f 2[2]2.5           5s25p45d 2[2]1.5           1.540e+06  2.900e+06  E     0.53  -0.09
   1069.889  5s25p46p 2[1]0.5           5s25p45d 2[2]1.5           3.992e+06  3.600e+06  E     1.11  +0.05
   1089.221  5s25p46p 2[1]1.5           5s25p45d 2[2]1.5           1.141e+05  1.900e+06  E     0.06  -0.01
   1102.363  5s25p46p 2[2]2.5           5s25p45d 2[3]3.5           6.139e+05  1.180e+06  E     0.52  -0.03
   1123.959  5s25p46p 2[2]1.5           5s25p46s 2[2]1.5           4.271e+06  3.800e+06  B     1.12  +0.31
   1124.981  5s25p46p 2[2]2.5           5s25p45d 2[2]2.5           2.684e+06  3.200e+06  E     0.84  -0.12
   1129.045  5s25p44f 2[1]1.5           5s25p46s 2[2]1.5           2.774e+06  1.500e+06  E     1.85  +0.60
   1131.636  5s25p46p 2[1]1.5           5s25p45d 2[2]2.5           2.346e+06  2.100e+06  E     1.12  +0.08
   1135.093  5s25p44f 2[2]2.5           5s25p46s 2[2]1.5           4.549e+06  2.200e+06  E     2.07  +0.51
   1135.943  5s25p44f 2[5]4.5           5s25p45d 2[4]3.5           1.760e+07  1.380e+07  C+    1.28  -0.84
   1137.520  5s25p44f 2[1]1.5           5s25p45d 2[0]0.5           1.163e+07  5.300e+06  D     2.19  +0.74
   1137.833  5s25p44f 2[1]0.5           5s25p45d 2[0]0.5           1.093e+07  3.900e+06  E     2.80  +0.67
   1141.320  5s25p46p 2[1]1.5           5s25p45d 2[2]1.5           1.042e+06  2.700e+06  E     0.39  -0.03
   1142.345  5s25p44f 2[3]3.5           5s25p45d 2[4]3.5           1.617e+06  9.500e+05  E     1.70  -0.49
   1143.148  5s25p44f 2[3]2.5           5s25p45d 2[4]3.5           2.844e+05  1.270e+06  E     0.22  +0.42
   1143.152  5s25p44f 2[4]3.5           5s25p45d 2[4]3.5           1.195e+06  1.270e+06  E     0.94  -0.38
   1156.162  5s25p46p 2[2]1.5           5s25p45d 2[2]1.5           1.862e+06  3.000e+06  E     0.62  -0.09
   1178.156  5s25p46p 2[2]1.5           5s25p45d 2[0]0.5           1.252e+04  2.700e+06  E     0.00  -0.00
   1200.014  5s25p46p 2[3]2.5           5s25p45d 2[3]3.5           1.057e+06  1.680e+06  E     0.63  -0.05
   1203.699  5s25p46p 2[3]3.5           5s25p45d 2[3]3.5           5.376e+05  8.700e+05  E     0.62  +0.08
   1213.925  5s25p46p 2[3]2.5           5s25p45d 2[2]1.5           3.204e+06  2.300e+06  E     1.39  +0.24
   1301.163  5s25p46p 2[1]0.5           5s25p45d 2[1]1.5           2.948e+04  2.800e+06  E     0.01  +0.00
   1312.186  5s25p46p 2[1]0.5           5s25p45d 2[0]0.5           4.562e+03  2.800e+06  E     0.00  -0.00
   1318.922  5s25p46p 2[1]0.5           5s25p47d 2[2]1.5           1.606e+05  1.160e+06  E     0.14  -0.07
   1368.946  5s25p46p 2[2]1.5           5s25p47s 2[2]1.5           1.345e+06  1.360e+06  E     0.99  -0.19
   1387.272  5s25p44f 2[2]2.5           5s25p45d 2[2]2.5           2.948e+06  2.970e+06  D+    0.99  +0.53
   1396.208  5s25p44f 2[3]3.5           5s25p45d 2[2]2.5           1.515e+07  1.380e+07  C+    1.10  -0.69
   1397.408  5s25p44f 2[3]2.5           5s25p45d 2[2]2.5           1.598e+06  1.570e+06  E     1.02  +0.30
   1397.414  5s25p44f 2[4]3.5           5s25p45d 2[2]2.5           7.061e+05  1.570e+06  E     0.45  -0.09
   1412.982  5s25p46p 2[1]0.5           5s25p47s 2[1]1.5           8.438e+05  1.850e+06  E     0.46  -0.41
   1418.047  5s25p44f 2[1]1.5           5s25p45d 2[2]1.5           4.429e+06  4.500e+06  D+    0.98  -0.58
   1427.600  5s25p44f 2[2]2.5           5s25p45d 2[2]1.5           7.551e+06  7.500e+06  C     1.01  -0.52
   1429.092  5s25p46p 2[2]2.5           5s25p47s 2[2]2.5           6.013e+06  5.800e+06  D+    1.04  -0.46
   1438.337  5s25p44f 2[3]2.5           5s25p45d 2[2]1.5           1.832e+06  1.930e+06  D     0.95  -0.16
   1440.803  5s25p48p 2[3]3.5           5s25p47s 2[2]2.5           6.053e+05  3.200e+05  E     1.89  +0.50
   1443.048  5s25p48p 2[1]1.5           5s25p47s 2[2]1.5           1.291e+03  6.200e+05  E     0.00  +0.00
   1446.301  5s25p46p 2[0]0.5           5s25p47s 2[0]0.5           1.387e+06  4.000e+06  E     0.35  +0.24
   1446.394  5s25p46p 2[2]1.5           5s25p47s 2[2]2.5           3.972e+06  3.640e+06  D+    1.09  +0.44
   1456.298  5s25p46p 2[2]2.5           5s25p47d 2[2]1.5           9.039e+05  2.140e+06  E     0.42  -0.14
   1503.667  5s25p46p 2[3]2.5           5s25p47s 2[2]1.5           9.198e+06  8.600e+06  C     1.07  -0.76
   1507.885  5s25p47p 2[3]2.5           5s25p45d 2[4]3.5           8.672e+05  4.700e+05  E     1.85  -0.44
   1512.553  5s25p46p 2[2]1.5           5s25p47d 2[2]2.5           1.291e+05  4.400e+05  E     0.29  -0.02
   1517.739  5s25p46p 2[2]1.5           5s25p47d 2[2]1.5           6.364e+05  7.400e+05  E     0.86  -0.06
   1518.365  5s25p46p 2[2]1.5           5s25p47d 2[0]0.5           2.646e+05  4.100e+06  E     0.06  -0.02
   1553.056  5s25p46p 2[1]1.5           5s25p47s 2[0]0.5           6.595e+06  7.200e+06  D+    0.92  -0.39
   1553.295  5s25p46p 2[1]0.5           5s25p47s 2[2]1.5           3.686e+06  3.400e+06  D+    1.08  -0.60
   1558.675  5s25p46p 2[1]1.5           5s25p45d 2[0]0.5           7.539e+04  2.200e+06  E     0.03  -0.02
   1571.831  5s25p46p 2[2]2.5           5s25p47s 2[1]1.5           5.999e+06  5.200e+06  D+    1.15  -0.49
   1577.636  5s25p46p 2[1]1.5           5s25p47d 2[0]0.5           2.772e+06  3.100e+06  E     0.89  +0.26
   1604.170  5s25p46p 2[3]3.5           5s25p47s 2[2]2.5           6.405e+06  6.010e+06  C     1.07  -0.73
   1643.648  5s25p46p 2[2]1.5           5s25p47s 2[1]1.5           2.864e+06  1.330e+06  E     2.15  -0.23
   1664.996  5s25p46p 2[1]0.5           5s25p47d 2[0]0.5           1.497e+06  3.200e+06  E     0.47  +0.23
   1703.949  5s25p47p 2[1]0.5           5s25p46d 2[2]1.5           7.003e+05  7.600e+05  E     0.92  +0.01
   1713.329  5s25p46p 2[1]1.5           5s25p47s 2[1]1.5           2.031e+04  1.230e+06  E     0.02  +0.01
   1713.821  5s25p46p 2[1]1.5           5s25p47d 2[1]0.5           3.000e+06  9.700e+05  E     3.09  +0.40
   1783.006  5s25p46p 2[2]1.5           5s25p47s 2[0]0.5           9.225e+05  9.600e+05  E     0.96  -0.06
   1817.409  5s25p46p 2[1]0.5           5s25p47d 2[1]0.5           1.113e+06  7.100e+05  E     1.57  +0.19
   1828.078  5s25p47p 2[1]1.5           5s25p45d 2[2]2.5           2.480e+06  1.960e+06  D+    1.27  -0.24
   1848.524  5s25p44f 2[3]3.5           5s25p47s 2[2]2.5           3.956e+05  2.700e+05  E     1.47  -0.40
   1898.760  5s25p47p 2[1]1.5           5s25p45d 2[2]1.5           1.401e+06  1.190e+06  D     1.18  -0.24
   1907.540  5s25p46p 2[1]1.5           5s25p46s 2[1]1.5           2.298e+05  1.610e+05  D+    1.43  -0.05
   1911.038  5s25p46p 2[1]1.5           5s25p47s 2[2]1.5           2.107e+06  1.920e+06  D+    1.10  -0.31
   1937.529  5s25p46p 2[2]1.5           5s25p45d 2[2]2.5           1.629e+05  2.800e+05  E     0.58  +0.04
   1974.446  5s25p44f 2[2]2.5           5s25p47s 2[2]1.5           2.468e+05  1.800e+05  E     1.37  -0.41
   1983.004  5s25p47p 2[3]3.5           5s25p45d 2[2]2.5           3.905e+05  2.600e+05  E     1.50  -0.46
   1984.074  5s25p47p 2[3]2.5           5s25p45d 2[2]2.5           5.412e+05  4.700e+05  E     1.15  +0.28
   2020.923  5s25p47p 2[1]0.5           5s25p45d 2[2]1.5           6.181e+05  4.500e+05  E     1.37  +0.08
   2025.348  5s25p46p 2[1]1.5           5s25p45d 2[0]0.5           4.129e+05  3.500e+05  E     1.18  +0.14
   2077.088  5s25p47p 2[2]2.5           5s25p45d 2[2]2.5           2.455e+05  1.400e+05  E     1.75  -0.15
   2218.903  5s25p46p 2[3]2.5           5s25p45d 2[2]2.5           1.216e+06  1.340e+06  D+    0.91  -0.69
   2223.271  5s25p46p 2[1]0.5           5s25p45d 2[2]1.5           7.503e+05  9.200e+05  D     0.82  -0.21
   2231.535  5s25p46p 2[3]3.5           5s25p45d 2[2]2.5           1.740e+05  1.310e+05  E     1.33  +0.34
   2274.738  5s25p46p 2[1]1.5           5s25p48s 2[2]2.5           1.245e+05  1.120e+05  E     1.11  -0.12
   2299.689  5s25p45f 2[5]4.5           5s25p46d 2[3]3.5           3.357e+04  7.600e+04  E     0.44  +0.06
   2313.840  5s25p45f 2[4]3.5           5s25p46d 2[3]3.5           4.819e+04  8.600e+04  E     0.56  +0.09
   2315.650  5s25p45f 2[4]4.5           5s25p46d 2[3]3.5           3.323e+05  2.300e+05  E     1.44  -0.08
   2329.931  5s25p44f 2[1]1.5           5s25p45d 2[1]0.5           4.061e+05  2.000e+05  E     2.03  -0.16
   2331.245  5s25p44f 2[1]0.5           5s25p45d 2[1]0.5           2.675e+05  4.900e+05  E     0.55  +0.19
   2357.475  5s25p44f 2[2]1.5           5s25p45d 2[1]0.5           7.114e+05  7.200e+05  D     0.99  -0.17
   2360.855  5s25p47p 2[2]1.5           5s25p47s 2[1]0.5           5.478e+05  8.100e+05  E     0.68  +0.04
   2406.811  5s25p45f 2[5]5.5           5s25p46d 2[4]4.5           7.185e+05  5.200e+05  D+    1.38  -0.24
   2423.961  5s25p45f 2[4]4.5           5s25p46d 2[4]4.5           1.330e+05  9.100e+04  E     1.46  -0.27
   2426.907  5s25p45f 2[2]1.5           5s25p46d 2[0]0.5           4.186e+05  3.300e+05  E     1.27  -0.17
   2441.351  5s25p46p 2[2]1.5           5s25p46d 2[2]2.5           2.431e+04  6.900e+05  D+    0.04  -0.01
   2442.745  5s25p46p 2[2]1.5           5s25p46s 2[0]0.5           1.307e+05  1.180e+05  C+    1.11  +0.07
   2443.291  5s25p47p 2[1]0.5           5s25p47d 2[2]1.5           1.614e+05  1.330e+05  E     1.21  +0.04
   2459.809  5s25p47p 2[2]2.5           5s25p47d 2[1]1.5           2.940e+05  4.700e+05  E     0.63  -0.10
   2464.595  5s25p45f 2[1]1.5           5s25p45d 2[2]1.5           6.594e+04  2.000e+05  E     0.33  -0.02
   2487.212  5s25p45f 2[3]2.5           5s25p45d 2[2]1.5           4.852e+05  3.100e+05  E     1.57  -0.22
   2493.148  5s25p45f 2[2]1.5           5s25p45d 2[2]1.5           2.592e+05  1.400e+05  E     1.85  -0.12
   2511.629  5s25p47p 2[2]1.5           5s25p47d 2[1]1.5           1.002e+06  1.440e+06  D+    0.70  -0.21
   2514.008  5s25p47p 2[2]2.5           5s25p47d 2[3]2.5           8.602e+05  1.510e+06  C     0.57  -0.31
   2525.765  5s25p47p 2[3]2.5           5s25p47d 2[4]3.5           1.447e+06  1.980e+06  C+    0.73  -0.75
   2532.416  5s25p45f 2[3]3.5           5s25p45d 2[2]2.5           1.616e+05  3.000e+05  D     0.54  -0.14
   2534.480  5s25p45f 2[3]2.5           5s25p45d 2[2]2.5           9.341e+04  1.230e+05  E     0.76  -0.16
   2539.098  5s25p47p 2[2]2.5           5s25p47d 2[3]3.5           9.776e+05  1.670e+06  C+    0.59  -0.31
   2545.203  5s25p44f 2[1]1.5           5s25p45d 2[0]0.5           1.692e+02  1.740e+06  C     0.00  +0.00
   2561.868  5s25p46p 2[2]1.5           5s25p46d 2[1]1.5           5.503e+03  2.300e+05  E     0.02  +0.00
   2568.162  5s25p47p 2[2]1.5           5s25p47d 2[3]2.5           5.245e+05  6.800e+05  D+    0.77  -0.19
   2590.046  5s25p47p 2[3]3.5           5s25p47d 2[4]4.5           1.574e+06  2.350e+06  C+    0.67  -0.73
   2594.154  5s25p45f 2[5]4.5           5s25p46d 2[4]3.5           1.429e+06  7.800e+05  C     1.83  -0.83
   2599.324  5s25p46p 2[1]1.5           5s25p45d 2[2]1.5           4.259e+02  1.340e+05  E     0.00  -0.00
   2602.160  5s25p45f 2[3]3.5           5s25p46d 2[4]3.5           4.431e+04  7.900e+04  E     0.56  +0.13
   2633.609  5s25p47p 2[1]1.5           5s25p47d 2[2]2.5           2.944e+05  2.400e+05  E     1.23  -0.05
   2649.373  5s25p47p 2[1]1.5           5s25p47d 2[2]1.5           4.975e+05  4.400e+05  D     1.13  -0.08
   2655.992  5s25p44f 2[1]0.5           5s25p45d 2[2]1.5           2.029e+05  2.000e+05  E     1.01  -0.31
   2675.284  5s25p45f 2[3]2.5           5s25p46d 2[3]2.5           7.322e+04  9.800e+04  E     0.75  -0.13
   2682.457  5s25p47p 2[1]0.5           5s25p47d 2[1]1.5           1.778e+05  3.300e+05  E     0.54  +0.09
   2689.840  5s25p47p 2[1]1.5           5s25p47s 2[2]2.5           6.131e+05  9.400e+05  D+    0.65  +0.14
   2690.092  5s25p44f 2[2]1.5           5s25p45d 2[2]1.5           5.284e+05  7.000e+05  D+    0.75  +0.29
   2693.454  5s25p47p 2[3]2.5           5s25p47d 2[3]3.5           4.542e+04  5.100e+04  E     0.89  -0.06
   2695.428  5s25p47p 2[3]3.5           5s25p47d 2[3]3.5           6.338e+05  9.500e+05  C     0.67  +0.74
   2699.967  5s25p45f 2[2]2.5           5s25p46d 2[1]1.5           2.017e+05  5.800e+05  D+    0.35  +0.18
   2726.274  5s25p44f 2[3]2.5           5s25p45d 2[2]1.5           7.283e+05  9.500e+05  C     0.77  +0.24
   2729.379  5s25p47p 2[1]1.5           5s25p47s 2[1]0.5           2.839e+05  4.700e+05  E     0.60  -0.04
   2737.288  5s25p46p 2[2]2.5           5s25p45d 2[4]3.5           6.829e+04  8.500e+04  E     0.80  -0.25
   2744.645  5s25p46p 2[2]2.5           5s25p46s 2[2]1.5           1.017e+05  9.800e+04  E     1.04  +0.16
   2758.053  5s25p46p 2[2]1.5           5s25p45d 2[0]0.5           5.775e+05  2.800e+05  E     2.06  -0.24
   2795.349  5s25p46p 2[2]2.5           5s25p46d 2[3]2.5           1.711e+05  1.600e+05  E     1.07  +0.12
   2805.624  5s25p44f 2[2]2.5           5s25p45d 2[2]2.5           3.114e+05  3.500e+05  D+    0.89  +0.30
   2824.874  5s25p47p 2[2]1.5           5s25p47s 2[1]1.5           1.825e+06  8.300e+05  D+    2.20  -0.24
   2847.395  5s25p44f 2[3]2.5           5s25p45d 2[2]2.5           9.216e+04  3.610e+05  D+    0.26  -0.11
   2847.417  5s25p44f 2[4]3.5           5s25p45d 2[2]2.5           3.351e+05  3.610e+05  D+    0.93  +0.13
   2886.865  5s25p45f 2[1]0.5           5s25p46d 2[1]0.5           4.804e+05  6.300e+05  D     0.76  +0.56
   2887.182  5s25p45f 2[1]1.5           5s25p46d 2[1]0.5           4.910e+05  5.600e+05  D+    0.88  +0.27
   2954.134  5s25p44f 2[5]4.5           5s25p45d 2[3]3.5           1.640e+05  2.010e+05  D+    0.82  +0.12
   2959.892  5s25p46p 2[2]2.5           5s25p46d 2[2]1.5           6.406e+04  9.000e+04  E     0.71  +0.17
   2975.291  5s25p46p 2[1]1.5           5s25p45d 2[0]0.5           6.020e+04  7.100e+04  E     0.85  +0.11
   2976.394  5s25p46p 2[1]0.5           5s25p46d 2[2]1.5           3.397e+05  4.900e+05  D+    0.69  -0.19
   2997.827  5s25p44f 2[3]3.5           5s25p45d 2[3]3.5           1.089e+05  1.860e+05  D     0.59  +0.23
   3000.143  5s25p48p 2[3]3.5           5s25p46d 2[3]3.5           6.131e+04  6.000e+04  E     1.02  +0.10
   3003.366  5s25p44f 2[3]2.5           5s25p45d 2[3]3.5           3.360e+03  7.000e+04  E     0.05  +0.04
   3003.390  5s25p44f 2[4]3.5           5s25p45d 2[3]3.5           6.822e+04  7.000e+04  E     0.97  -0.09
   3004.044  5s25p44f 2[4]4.5           5s25p45d 2[3]3.5           5.094e+05  7.270e+05  C+    0.70  +0.21
   3006.119  5s25p47p 2[1]1.5           5s25p47s 2[2]1.5           2.600e+06  2.790e+06  C+    0.93  +0.45
   3009.544  5s25p47p 2[2]2.5           5s25p47s 2[1]1.5           3.393e+06  2.930e+06  C+    1.16  +0.66
   3010.308  5s25p47p 2[1]1.5           5s25p47d 2[3]2.5           9.877e+04  1.290e+05  E     0.77  +0.11
   3023.667  5s25p47p 2[1]1.5           5s25p47s 2[0]0.5           3.163e+06  2.970e+06  C+    1.06  +0.59
   3030.863  5s25p46p 2[2]1.5           5s25p46d 2[3]2.5           7.281e+04  8.700e+04  E     0.84  -0.03
   3037.013  5s25p46p 2[1]1.5           5s25p45d 2[2]1.5           9.519e+05  1.090e+06  C     0.87  +0.50
   3039.217  5s25p47p 2[3]3.5           5s25p47s 2[2]2.5           3.985e+06  4.350e+06  C+    0.92  +0.87
   3041.731  5s25p47p 2[3]2.5           5s25p47s 2[2]2.5           6.353e+04  8.200e+04  E     0.77  +0.05
   3058.329  5s25p47p 2[1]1.5           5s25p47s 2[1]1.5           4.096e+05  4.300e+05  D+    0.95  +0.08
   3103.209  5s25p47p 2[1]0.5           5s25p47d 2[0]0.5           8.855e+05  2.970e+06  C+    0.30  -0.17
   3104.530  5s25p48p 2[2]2.5           5s25p46d 2[3]3.5           1.793e+05  1.550e+05  E     1.16  -0.09
   3178.866  5s25p47p 2[2]1.5           5s25p47s 2[2]2.5           2.850e+06  2.970e+06  C+    0.96  -0.60
   3184.499  5s25p48p 2[3]3.5           5s25p46d 2[4]4.5           3.675e+05  2.640e+05  D+    1.39  -0.27
   3190.379  5s25p45f 2[1]1.5           5s25p46d 2[2]1.5           2.298e+05  4.500e+05  D+    0.51  -0.06
   3228.380  5s25p45f 2[3]2.5           5s25p46d 2[2]1.5           1.790e+06  3.260e+05  D+    5.49  -0.63
   3232.884  5s25p45f 2[2]2.5           5s25p46d 2[2]1.5           2.876e+05  6.100e+05  C     0.47  -0.16
   3234.435  5s25p46p 2[2]1.5           5s25p45d 2[2]2.5           1.252e+04  4.500e+05  D+    0.03  -0.01
   3235.025  5s25p47p 2[0]0.5           5s25p47s 2[0]0.5           2.264e+06  3.040e+06  C+    0.74  -0.59
   3237.211  5s25p46p 2[1]1.5           5s25p45d 2[2]2.5           9.946e+05  1.060e+06  C+    0.94  +0.65
   3244.845  5s25p46p 2[1]1.5           5s25p46d 2[1]1.5           3.811e+04  6.400e+04  E     0.60  -0.18
   3265.946  5s25p47p 2[2]2.5           5s25p47s 2[2]2.5           3.337e+06  3.590e+06  C+    0.93  +0.77
   3276.590  5s25p46p 2[1]1.5           5s25p46d 2[3]2.5           7.728e+04  3.730e+05  D+    0.21  -0.32
   3299.370  5s25p47p 2[1]1.5           5s25p47d 2[0]0.5           2.974e+05  1.770e+06  C+    0.17  -0.13
   3314.831  5s25p46p 2[2]1.5           5s25p45d 2[2]1.5           9.825e+03  7.100e+04  E     0.14  -0.01
   3324.264  5s25p47p 2[1]0.5           5s25p47s 2[2]1.5           3.838e+06  3.970e+06  C+    0.97  +0.76
   3342.786  5s25p48p 2[2]1.5           5s25p45d 2[2]1.5           4.665e+05  8.100e+04  E     5.76  -0.43
   3395.104  5s25p48p 2[3]3.5           5s25p45d 2[2]2.5           2.554e+04  3.600e+04  E     0.71  +0.55
   3396.236  5s25p45f 2[3]3.5           5s25p46d 2[2]2.5           1.718e+06  1.530e+06  C+    1.12  +0.56
   3404.945  5s25p45f 2[2]2.5           5s25p46d 2[2]2.5           3.052e+05  6.010e+05  C     0.51  +0.23
   3413.318  5s25p45f 2[4]3.5           5s25p46d 2[2]2.5           2.696e+06  8.500e+05  C+    3.17  -0.65
   3428.730  5s25p48p 2[2]1.5           5s25p45d 2[2]2.5           1.779e+04  5.500e+04  E     0.32  +0.02
   3430.457  5s25p46p 2[3]2.5           5s25p45d 2[4]3.5           9.885e+05  8.900e+05  C+    1.11  +0.96
   3438.402  5s25p48p 2[2]2.5           5s25p45d 2[2]1.5           2.685e+03  5.100e+04  E     0.05  -0.03
   3452.495  5s25p47p 2[3]2.5           5s25p47s 2[2]1.5           3.117e+06  3.270e+06  C+    0.95  +0.93
   3460.743  5s25p46p 2[3]3.5           5s25p45d 2[4]3.5           2.489e+04  2.300e+04  E     1.08  +0.33
   3508.738  5s25p48p 2[3]2.5           5s25p46d 2[4]3.5           6.263e+05  4.190e+05  C     1.49  -0.74
   3515.812  5s25p46p 2[1]1.5           5s25p45d 2[2]2.5           8.677e+05  1.940e+05  D+    4.47  +0.66
   3548.561  5s25p47p 2[2]2.5           5s25p47d 2[2]1.5           4.203e+05  9.300e+05  C+    0.45  +0.41
   3578.792  5s25p47p 2[1]1.5           5s25p47s 2[0]0.5           1.520e+05  1.520e+05  E     1.00  +0.05
   3605.613  5s25p46p 2[1]0.5           5s25p45d 2[1]1.5           2.433e+05  2.890e+05  D+    0.84  +0.32
   3611.111  5s25p44f 2[2]1.5           5s25p45d 2[1]1.5           2.527e+05  1.940e+05  D     1.30  -0.29
   3624.791  5s25p46p 2[1]0.5           5s25p45d 2[0]0.5           3.176e+05  2.400e+05  E     1.32  -0.60
   3630.251  5s25p47p 2[2]1.5           5s25p47s 2[2]1.5           5.942e+05  6.800e+05  C     0.87  +0.30
   3637.375  5s25p46p 2[1]0.5           5s25p46d 2[1]1.5           2.854e+04  2.930e+05  D+    0.10  +0.11
   3652.624  5s25p48p 2[3]3.5           5s25p46d 2[3]2.5           1.739e+05  1.200e+05  D+    1.45  +0.70
   3676.611  5s25p44f 2[3]2.5           5s25p45d 2[1]1.5           4.108e+05  2.990e+05  D+    1.37  -0.24
   3691.574  5s25p48p 2[2]1.5           5s25p46d 2[3]2.5           1.759e+05  1.770e+05  D     0.99  -0.19
   3776.358  5s25p46p 2[2]2.5           5s25p45d 2[3]2.5           9.278e+04  7.700e+04  E     1.20  -0.16
   3782.625  5s25p48p 2[1]0.5           5s25p46d 2[1]1.5           4.863e+04  2.300e+05  E     0.21  -0.08
   3830.450  5s25p46p 2[1]1.5           5s25p45d 2[1]1.5           9.596e+04  7.300e+04  E     1.31  +0.17
   3989.942  5s25p47p 2[2]1.5           5s25p48s 2[2]1.5           4.055e+05  4.360e+05  C     0.93  -0.30
   4024.026  5s25p47p 2[2]2.5           5s25p48s 2[2]2.5           1.250e+06  1.470e+06  C+    0.85  -0.54
   4035.979  5s25p48p 2[1]1.5           5s25p46d 2[2]1.5           1.627e+05  7.500e+04  E     2.17  -0.15
   4103.856  5s25p46p 2[1]0.5           5s25p45d 2[2]1.5           3.355e+05  7.500e+04  E     4.47  +0.45
   4164.590  5s25p47p 2[2]1.5           5s25p48s 2[2]2.5           1.900e+05  5.920e+05  C+    0.32  +0.10
   4170.768  5s25p48p 2[2]1.5           5s25p46d 2[1]0.5           5.040e+03  7.400e+04  E     0.07  +0.02
   4229.266  5s25p47p 2[3]2.5           5s25p48s 2[2]1.5           1.799e+06  1.630e+06  C+    1.10  -0.78
   4332.128  5s25p46p 2[2]1.5           5s25p45d 2[1]0.5           2.140e+05  1.940e+05  D     1.10  +0.47
   4388.193  5s25p46p 2[1]1.5           5s25p46d 2[1]1.5           5.644e+04  9.000e+04  D     0.63  -0.07
   4426.010  5s25p47p 2[3]2.5           5s25p48s 2[2]2.5           6.775e+04  4.800e+04  E     1.41  +0.10
   4431.344  5s25p47p 2[3]3.5           5s25p48s 2[2]2.5           1.117e+06  1.170e+06  C+    0.95  -0.73
   4439.023  5s25p47p 2[1]0.5           5s25p48s 2[2]1.5           4.842e+05  4.010e+05  C     1.21  -0.54
   4501.325  5s25p47p 2[0]0.5           5s25p47s 2[1]0.5           7.765e+04  1.810e+05  D     0.43  -0.08
   4569.860  5s25p47p 2[1]0.5           5s25p45d 2[1]0.5           6.672e+04  4.600e+04  E     1.45  -0.17
   4582.196  5s25p44f 2[2]2.5           5s25p45d 2[3]2.5           4.501e+04  2.500e+04  E     1.80  +0.08
   4588.404  5s25p44f 2[2]1.5           5s25p45d 2[3]2.5           6.232e+04  6.600e+04  E     0.94  -0.44
   4660.308  5s25p46p 2[1]0.5           5s25p48s 2[2]1.5           6.764e+04  2.540e+05  D+    0.27  -0.06
   4677.661  5s25p46p 2[0]0.5           5s25p45d 2[2]1.5           1.080e+05  1.880e+05  D+    0.57  +0.36
   4681.156  5s25p44f 2[3]3.5           5s25p45d 2[3]2.5           5.637e+04  7.600e+04  D+    0.74  +0.05
   4694.675  5s25p44f 2[3]2.5           5s25p45d 2[3]2.5           2.626e+05  6.060e+05  C+    0.43  -0.50
   4694.735  5s25p44f 2[4]3.5           5s25p45d 2[3]2.5           4.787e+05  6.060e+05  C+    0.79  +0.37
   4711.122  5s25p46p 2[1]1.5           5s25p45d 2[3]2.5           6.217e+03  8.600e+04  D+    0.07  +0.03
   4750.500  5s25p44f 2[3]3.5           5s25p47d 2[2]2.5           5.269e+04  1.130e+05  D+    0.47  -0.05
   4761.125  5s25p46p 2[3]3.5           5s25p46d 2[2]2.5           1.121e+05  2.600e+04  E     4.31  +0.35
   4862.791  5s25p46p 2[3]3.5           5s25p45d 2[4]4.5           3.385e+05  2.940e+05  C+    1.15  +0.84
   4918.522  5s25p48p 2[1]0.5           5s25p46d 2[2]1.5           6.787e+05  4.070e+05  D+    1.67  +0.41
   5045.071  5s25p47p 2[1]1.5           5s25p45d 2[2]1.5           2.878e+04  4.000e+04  E     0.72  +0.11
   5160.978  5s25p47p 2[2]2.5           5s25p46d 2[2]2.5           1.577e+05  2.200e+04  E     7.17  -0.23
   5168.767  5s25p47p 2[2]1.5           5s25p45d 2[1]0.5           9.929e+03  1.500e+04  E     0.66  +0.13
   5169.602  5s25p47p 2[1]1.5           5s25p48s 2[2]1.5           6.406e+05  6.060e+05  C+    1.06  -0.56
   5316.612  5s25p44f 2[1]0.5           5s25p47s 2[1]0.5           6.942e+04  1.160e+05  D     0.60  +0.43
   5323.458  5s25p44f 2[1]1.5           5s25p47s 2[1]0.5           8.278e+03  1.080e+05  D     0.08  +0.05
   5394.497  5s25p47p 2[2]1.5           5s25p46d 2[2]2.5           2.849e+05  9.000e+04  D+    3.17  +0.30
   5400.554  5s25p44f 2[5]4.5           5s25p46d 2[3]3.5           1.051e+05  2.420e+05  C+    0.43  -0.54
   5498.816  5s25p46p 2[1]1.5           5s25p45d 2[2]2.5           1.880e+05  1.620e+05  C     1.16  +0.56
   6722.153  5s25p46p 2[1]1.5           5s25p46s 2[2]1.5           4.221e+04  2.300e+04  E     1.84  -0.33
   6903.554  5s25p46p 2[2]2.5           5s25p45d 2[3]3.5           1.139e+05  9.500e+04  C+    1.20  +0.71
   9019.250  5s25p46p 2[2]2.5           5s25p45d 2[3]3.5           2.929e+04  2.360e+04  C     1.24  +0.47
