I I       5s25p5    5s25p46p  5s25p47p  5s25p44f  5s25p48p  5s25p45f
 PARAMETER VALUES,  CYCLE NUMBER  0,  AVDEV=   0.572
    2.8995    4.8991   74.1715   38.9157    5.5534    0.2453    4.2351
    0.7446    0.9146   83.4530   38.9736    5.5659    0.0785    1.1988
    0.2217    0.2790   85.8049   39.0014    5.5717    0.0001    0.4917
    0.0206    0.0132   86.7231   38.9899    5.5692    0.0366    0.5248
    0.1006    0.1276   88.2710   39.0022    5.5718    0.0000    0.2601
    0.0170    0.0109    0.7006    3.3165    0.3724    1.7401   -0.7289
    0.2486    1.1558   -0.6682    0.0000    1.8232    0.4060    0.5042
    0.8966   -0.0028    0.0000    1.1525    0.2734    0.3405    0.7189
   -0.0040    0.0587    0.0008    0.0000    0.7282    0.1494    0.1887
    0.1712    0.0000    0.0655    0.0011    0.0000    0.2957    0.0187
    0.0120    0.0500    0.0005
 PARAMETER VALUES,  CYCLE NUMBER  1,  AVDEV=   0.570
    2.8995    4.8991   74.1704   38.8972    5.5539    0.2453    4.2335
    0.7445    0.9151   83.4454   38.9019    5.5641    0.0779    1.1833
    0.2222    0.2739   85.9295   40.1324    5.5838    0.0001    0.4870
    0.0200    0.0138   86.6520   37.8259    5.6221    0.0391    0.5279
    0.0982    0.1301   90.6374   49.0022    7.1814    0.0005    0.2658
    0.0176    0.0208    0.7006    3.3165    0.3724    1.7401   -0.7289
    0.2486    1.1558   -0.6682    0.0000    1.8232    0.4060    0.5042
    0.8966   -0.0028    0.0000    1.1525    0.2734    0.3405    0.7189
   -0.0040    0.0587    0.0008    0.0000    0.7282    0.1494    0.1887
    0.1712    0.0000    0.0655    0.0011    0.0000    0.2957    0.0187
    0.0120    0.0500    0.0005
 PARAMETER VALUES,  CYCLE NUMBER  2,  AVDEV=   0.569
    2.8994    4.8991   74.1697   38.8861    5.5542    0.2453    4.2327
    0.7444    0.9153   83.4410   38.8602    5.5631    0.0776    1.1742
    0.2225    0.2708   86.0000   40.7718    5.5904    0.0001    0.4845
    0.0196    0.0141   86.6225   37.2232    5.6570    0.0407    0.5289
    0.0969    0.1315   92.9867   59.0022    8.7700    0.0008    0.2700
    0.0187    0.0270    0.7006    3.3165    0.3724    1.7401   -0.7289
    0.2486    1.1558   -0.6682    0.0000    1.8232    0.4060    0.5042
    0.8966   -0.0028    0.0000    1.1525    0.2734    0.3405    0.7189
   -0.0040    0.0587    0.0008    0.0000    0.7282    0.1494    0.1887
    0.1712    0.0000    0.0655    0.0011    0.0000    0.2957    0.0187
    0.0120    0.0500    0.0005
 PARAMETER VALUES,  CYCLE NUMBER  3,  AVDEV=   0.568
    2.8994    4.8991   74.1692   38.8785    5.5544    0.2453    4.2323
    0.7443    0.9155   83.4380   38.8319    5.5623    0.0774    1.1680
    0.2227    0.2687   86.0444   41.1750    5.5943    0.0002    0.4830
    0.0194    0.0144   86.6055   36.8293    5.6822    0.0417    0.5294
    0.0960    0.1325   95.3266   69.0022   10.3475    0.0010    0.2734
    0.0197    0.0312    0.7006    3.3165    0.3724    1.7401   -0.7289
    0.2486    1.1558   -0.6682    0.0000    1.8232    0.4060    0.5042
    0.8966   -0.0028    0.0000    1.1525    0.2734    0.3405    0.7189
   -0.0040    0.0587    0.0008    0.0000    0.7282    0.1494    0.1887
    0.1712    0.0000    0.0655    0.0011    0.0000    0.2957    0.0187
    0.0120    0.0500    0.0005
 PARAMETER VALUES,  CYCLE NUMBER  4,  AVDEV=   0.568
    2.8994    4.8991   74.1688   38.8728    5.5546    0.2453    4.2319
    0.7443    0.9156   83.4358   38.8106    5.5618    0.0772    1.1634
    0.2229    0.2671   86.0798   41.4954    5.5975    0.0002    0.4818
    0.0192    0.0145   86.5944   36.5429    5.7018    0.0425    0.5296
    0.0953    0.1332   97.6669   79.0022   11.9253    0.0012    0.2758
    0.0202    0.0342    0.7006    3.3165    0.3724    1.7401   -0.7289
    0.2486    1.1558   -0.6682    0.0000    1.8232    0.4060    0.5042
    0.8966   -0.0028    0.0000    1.1525    0.2734    0.3405    0.7189
   -0.0040    0.0587    0.0008    0.0000    0.7282    0.1494    0.1887
    0.1712    0.0000    0.0655    0.0011    0.0000    0.2957    0.0187
    0.0120    0.0500    0.0005
 PARAMETER VALUES,  CYCLE NUMBER  5,  AVDEV=   0.568
    2.8993    4.8991   74.1685   38.8684    5.5547    0.2453    4.2316
    0.7443    0.9157   83.4340   38.7939    5.5614    0.0771    1.1597
    0.2230    0.2659   86.1127   41.7915    5.6005    0.0002    0.4807
    0.0190    0.0147   86.5864   36.3217    5.7175    0.0432    0.5297
    0.0948    0.1338  100.0117   89.0022   13.5084    0.0014    0.2774
    0.0204    0.0364    0.7006    3.3165    0.3724    1.7401   -0.7289
    0.2486    1.1558   -0.6682    0.0000    1.8232    0.4060    0.5042
    0.8966   -0.0028    0.0000    1.1525    0.2734    0.3405    0.7189
   -0.0040    0.0587    0.0008    0.0000    0.7282    0.1494    0.1887
    0.1712    0.0000    0.0655    0.0011    0.0000    0.2957    0.0187
    0.0120    0.0500    0.0005
 PARAMETER VALUES,  CYCLE NUMBER  6,  AVDEV=   0.567
    2.8993    4.8991   74.1683   38.8648    5.5548    0.2453    4.2314
    0.7442    0.9157   83.4326   38.7801    5.5610    0.0770    1.1567
    0.2231    0.2648   86.1438   42.0714    5.6035    0.0002    0.4797
    0.0189    0.0148   86.5805   36.1436    5.7306    0.0437    0.5297
    0.0944    0.1342  102.3608   99.0022   15.0964    0.0015    0.2786
    0.0205    0.0381    0.7006    3.3165    0.3724    1.7401   -0.7289
    0.2486    1.1558   -0.6682    0.0000    1.8232    0.4060    0.5042
    0.8966   -0.0028    0.0000    1.1525    0.2734    0.3405    0.7189
   -0.0040    0.0587    0.0008    0.0000    0.7282    0.1494    0.1887
    0.1712    0.0000    0.0655    0.0011    0.0000    0.2957    0.0187
    0.0120    0.0500    0.0005
 PARAMETER VALUES,  CYCLE NUMBER  7,  AVDEV=   0.567
    2.8993    4.8991   74.1681   38.8617    5.5549    0.2453    4.2312
    0.7442    0.9158   83.4314   38.7686    5.5607    0.0769    1.1541
    0.2232    0.2640   86.1733   42.3362    5.6063    0.0002    0.4788
    0.0187    0.0149   86.5758   35.9955    5.7417    0.0442    0.5297
    0.0940    0.1346  104.7136  109.0022   16.6888    0.0015    0.2796
    0.0205    0.0396    0.7006    3.3165    0.3724    1.7401   -0.7289
    0.2486    1.1558   -0.6682    0.0000    1.8232    0.4060    0.5042
    0.8966   -0.0028    0.0000    1.1525    0.2734    0.3405    0.7189
   -0.0040    0.0587    0.0008    0.0000    0.7282    0.1494    0.1887
    0.1712    0.0000    0.0655    0.0011    0.0000    0.2957    0.0187
    0.0120    0.0500    0.0005
 PARAMETER VALUES,  CYCLE NUMBER  8,  AVDEV=   0.567
    2.8993    4.8991   74.1679   38.8592    5.5550    0.2453    4.2310
    0.7442    0.9158   83.4303   38.7586    5.5604    0.0768    1.1519
    0.2232    0.2632   86.2013   42.5866    5.6091    0.0002    0.4780
    0.0186    0.0150   86.5720   35.8694    5.7514    0.0446    0.5297
    0.0937    0.1350  107.0698  119.0022   18.2850    0.0016    0.2804
    0.0205    0.0408    0.7006    3.3165    0.3724    1.7401   -0.7289
    0.2486    1.1558   -0.6682    0.0000    1.8232    0.4060    0.5042
    0.8966   -0.0028    0.0000    1.1525    0.2734    0.3405    0.7189
   -0.0040    0.0587    0.0008    0.0000    0.7282    0.1494    0.1887
    0.1712    0.0000    0.0655    0.0011    0.0000    0.2957    0.0187
    0.0120    0.0500    0.0005
 PARAMETER VALUES,  CYCLE NUMBER  9,  AVDEV=   0.567
    2.8993    4.8991   74.1678   38.8569    5.5551    0.2453    4.2308
    0.7442    0.9159   83.4294   38.7499    5.5602    0.0767    1.1500
    0.2233    0.2625   86.2278   42.8237    5.6117    0.0002    0.4772
    0.0185    0.0151   86.5688   35.7601    5.7600    0.0449    0.5296
    0.0934    0.1352  109.4288  129.0022   19.8846    0.0017    0.2810
    0.0204    0.0418    0.7006    3.3165    0.3724    1.7401   -0.7289
    0.2486    1.1558   -0.6682    0.0000    1.8232    0.4060    0.5042
    0.8966   -0.0028    0.0000    1.1525    0.2734    0.3405    0.7189
   -0.0040    0.0587    0.0008    0.0000    0.7282    0.1494    0.1887
    0.1712    0.0000    0.0655    0.0011    0.0000    0.2957    0.0187
    0.0120    0.0500    0.0005
 PARAMETER VALUES,  CYCLE NUMBER 10,  AVDEV=   0.566
    2.8992    4.8991   74.1677   38.8550    5.5551    0.2453    4.2307
    0.7441    0.9159   83.4286   38.7422    5.5600    0.0767    1.1483
    0.2233    0.2620   86.2530   43.0484    5.6142    0.0002    0.4765
    0.0184    0.0151   86.5662   35.6637    5.7677    0.0452    0.5295
    0.0932    0.1355  111.7905  139.0022   21.4872    0.0017    0.2816
    0.0204    0.0428    0.7006    3.3165    0.3724    1.7401   -0.7289
    0.2486    1.1558   -0.6682    0.0000    1.8232    0.4060    0.5042
    0.8966   -0.0028    0.0000    1.1525    0.2734    0.3405    0.7189
   -0.0040    0.0587    0.0008    0.0000    0.7282    0.1494    0.1887
    0.1712    0.0000    0.0655    0.0011    0.0000    0.2957    0.0187
    0.0120    0.0500    0.0005
 PARAMETER VALUES,  CYCLE NUMBER 11,  AVDEV=   0.566
    2.8992    4.8991   74.1676   38.8532    5.5552    0.2453    4.2305
    0.7441    0.9160   83.4278   38.7353    5.5598    0.0766    1.1467
    0.2234    0.2614   86.2768   43.2614    5.6165    0.0002    0.4758
    0.0183    0.0152   86.5639   35.5779    5.7746    0.0455    0.5295
    0.0930    0.1357  114.1546  149.0022   23.0925    0.0018    0.2821
    0.0204    0.0436    0.7006    3.3165    0.3724    1.7401   -0.7289
    0.2486    1.1558   -0.6682    0.0000    1.8232    0.4060    0.5042
    0.8966   -0.0028    0.0000    1.1525    0.2734    0.3405    0.7189
   -0.0040    0.0587    0.0008    0.0000    0.7282    0.1494    0.1887
    0.1712    0.0000    0.0655    0.0011    0.0000    0.2957    0.0187
    0.0120    0.0500    0.0005
 PARAMETER VALUES,  CYCLE NUMBER 12,  AVDEV=   0.566
    2.8992    4.8991   74.1675   38.8516    5.5552    0.2454    4.2304
    0.7441    0.9160   83.4272   38.7291    5.5597    0.0766    1.1453
    0.2234    0.2610   86.2995   43.4637    5.6188    0.0002    0.4752
    0.0183    0.0153   86.5620   35.5007    5.7809    0.0457    0.5294
    0.0928    0.1359  116.5209  159.0022   24.7004    0.0018    0.2825
    0.0203    0.0443    0.7006    3.3165    0.3724    1.7401   -0.7289
    0.2486    1.1558   -0.6682    0.0000    1.8232    0.4060    0.5042
    0.8966   -0.0028    0.0000    1.1525    0.2734    0.3405    0.7189
   -0.0040    0.0587    0.0008    0.0000    0.7282    0.1494    0.1887
    0.1712    0.0000    0.0655    0.0011    0.0000    0.2957    0.0187
    0.0120    0.0500    0.0005
 PARAMETER VALUES,  CYCLE NUMBER 13,  AVDEV=   0.566
    2.8992    4.8991   74.1674   38.8502    5.5553    0.2454    4.2303
    0.7441    0.9161   83.4266   38.7234    5.5595    0.0765    1.1441
    0.2235    0.2605   86.3211   43.6559    5.6209    0.0002    0.4746
    0.0182    0.0153   86.5603   35.4307    5.7867    0.0460    0.5293
    0.0926    0.1361  118.8891  169.0022   26.3106    0.0018    0.2829
    0.0203    0.0450    0.7006    3.3165    0.3724    1.7401   -0.7289
    0.2486    1.1558   -0.6682    0.0000    1.8232    0.4060    0.5042
    0.8966   -0.0028    0.0000    1.1525    0.2734    0.3405    0.7189
   -0.0040    0.0587    0.0008    0.0000    0.7282    0.1494    0.1887
    0.1712    0.0000    0.0655    0.0011    0.0000    0.2957    0.0187
    0.0120    0.0500    0.0005
 PARAMETER VALUES,  CYCLE NUMBER 14,  AVDEV=   0.566
    2.8992    4.8991   74.1673   38.8489    5.5553    0.2454    4.2302
    0.7441    0.9161   83.4260   38.7182    5.5594    0.0765    1.1429
    0.2235    0.2601   86.3416   43.8387    5.6229    0.0002    0.4740
    0.0181    0.0154   86.5588   35.3669    5.7920    0.0462    0.5292
    0.0925    0.1363  121.2592  179.0022   27.9230    0.0019    0.2832
    0.0202    0.0456    0.7006    3.3165    0.3724    1.7401   -0.7289
    0.2486    1.1558   -0.6682    0.0000    1.8232    0.4060    0.5042
    0.8966   -0.0028    0.0000    1.1525    0.2734    0.3405    0.7189
   -0.0040    0.0587    0.0008    0.0000    0.7282    0.1494    0.1887
    0.1712    0.0000    0.0655    0.0011    0.0000    0.2957    0.0187
    0.0120    0.0500    0.0005
 PARAMETER VALUES,  CYCLE NUMBER 15,  AVDEV=   0.566
    2.8992    4.8991   74.1672   38.8477    5.5554    0.2454    4.2300
    0.7441    0.9161   83.4255   38.7134    5.5593    0.0765    1.1418
    0.2235    0.2598   86.3612   44.0127    5.6249    0.0002    0.4735
    0.0181    0.0154   86.5574   35.3083    5.7969    0.0464    0.5292
    0.0923    0.1364  123.6310  189.0022   29.5372    0.0019    0.2835
    0.0202    0.0462    0.7006    3.3165    0.3724    1.7401   -0.7289
    0.2486    1.1558   -0.6682    0.0000    1.8232    0.4060    0.5042
    0.8966   -0.0028    0.0000    1.1525    0.2734    0.3405    0.7189
   -0.0040    0.0587    0.0008    0.0000    0.7282    0.1494    0.1887
    0.1712    0.0000    0.0655    0.0011    0.0000    0.2957    0.0187
    0.0120    0.0500    0.0005
 PARAMETER VALUES,  CYCLE NUMBER 16,  AVDEV=   0.566
    2.8992    4.8991   74.1672   38.8466    5.5554    0.2454    4.2299
    0.7441    0.9162   83.4250   38.7089    5.5591    0.0764    1.1408
    0.2236    0.2594   86.3799   44.1785    5.6267    0.0002    0.4730
    0.0180    0.0155   86.5562   35.2543    5.8015    0.0466    0.5291
    0.0922    0.1366  126.0043  199.0022   31.1532    0.0019    0.2838
    0.0201    0.0467    0.7006    3.3165    0.3724    1.7401   -0.7289
    0.2486    1.1558   -0.6682    0.0000    1.8232    0.4060    0.5042
    0.8966   -0.0028    0.0000    1.1525    0.2734    0.3405    0.7189
   -0.0040    0.0587    0.0008    0.0000    0.7282    0.1494    0.1887
    0.1712    0.0000    0.0655    0.0011    0.0000    0.2957    0.0187
    0.0120    0.0500    0.0005
 PARAMETER VALUES,  CYCLE NUMBER 17,  AVDEV=   0.566
    2.8991    4.8991   74.1671   38.8456    5.5554    0.2454    4.2299
    0.7440    0.9162   83.4246   38.7048    5.5590    0.0764    1.1399
    0.2236    0.2591   86.3976   44.3366    5.6285    0.0002    0.4725
    0.0179    0.0155   86.5552   35.2043    5.8058    0.0467    0.5290
    0.0921    0.1367  128.3790  209.0022   32.7709    0.0019    0.2840
    0.0201    0.0472    0.7006    3.3165    0.3724    1.7401   -0.7289
    0.2486    1.1558   -0.6682    0.0000    1.8232    0.4060    0.5042
    0.8966   -0.0028    0.0000    1.1525    0.2734    0.3405    0.7189
   -0.0040    0.0587    0.0008    0.0000    0.7282    0.1494    0.1887
    0.1712    0.0000    0.0655    0.0011    0.0000    0.2957    0.0187
    0.0120    0.0500    0.0005
 PARAMETER VALUES,  CYCLE NUMBER 18,  AVDEV=   0.566
    2.8991    4.8991   74.1670   38.8446    5.5555    0.2454    4.2298
    0.7440    0.9162   83.4242   38.7010    5.5589    0.0764    1.1391
    0.2236    0.2588   86.4146   44.4875    5.6301    0.0002    0.4720
    0.0179    0.0155   86.5542   35.1578    5.8098    0.0469    0.5289
    0.0919    0.1368  130.7550  219.0022   34.3900    0.0020    0.2843
    0.0200    0.0476    0.7006    3.3165    0.3724    1.7401   -0.7289
    0.2486    1.1558   -0.6682    0.0000    1.8232    0.4060    0.5042
    0.8966   -0.0028    0.0000    1.1525    0.2734    0.3405    0.7189
   -0.0040    0.0587    0.0008    0.0000    0.7282    0.1494    0.1887
    0.1712    0.0000    0.0655    0.0011    0.0000    0.2957    0.0187
    0.0120    0.0500    0.0005
 PARAMETER VALUES,  CYCLE NUMBER 19,  AVDEV=   0.566
    2.8991    4.8991   74.1670   38.8438    5.5555    0.2454    4.2297
    0.7440    0.9162   83.4238   38.6974    5.5588    0.0763    1.1382
    0.2236    0.2585   86.4309   44.6316    5.6317    0.0002    0.4716
    0.0178    0.0156   86.5533   35.1145    5.8136    0.0470    0.5289
    0.0918    0.1369  133.1323  229.0022   36.0106    0.0020    0.2845
    0.0200    0.0480    0.7006    3.3165    0.3724    1.7401   -0.7289
    0.2486    1.1558   -0.6682    0.0000    1.8232    0.4060    0.5042
    0.8966   -0.0028    0.0000    1.1525    0.2734    0.3405    0.7189
   -0.0040    0.0587    0.0008    0.0000    0.7282    0.1494    0.1887
    0.1712    0.0000    0.0655    0.0011    0.0000    0.2957    0.0187
    0.0120    0.0500    0.0005
 PARAMETER VALUES,  CYCLE NUMBER 20,  AVDEV=   0.565
    2.8991    4.8991   74.1669   38.8429    5.5555    0.2454    4.2296
    0.7440    0.9163   83.4235   38.6940    5.5587    0.0763    1.1375
    0.2237    0.2583   86.4464   44.7694    5.6332    0.0002    0.4712
    0.0178    0.0156   86.5525   35.0740    5.8171    0.0472    0.5288
    0.0917    0.1370  135.5106  239.0022   37.6324    0.0020    0.2847
    0.0199    0.0484    0.7006    3.3165    0.3724    1.7401   -0.7289
    0.2486    1.1558   -0.6682    0.0000    1.8232    0.4060    0.5042
    0.8966   -0.0028    0.0000    1.1525    0.2734    0.3405    0.7189
   -0.0040    0.0587    0.0008    0.0000    0.7282    0.1494    0.1887
    0.1712    0.0000    0.0655    0.0011    0.0000    0.2957    0.0187
    0.0120    0.0500    0.0005
 PARAMETER VALUES,  CYCLE NUMBER 21,  AVDEV=   0.565
    2.8991    4.8991   74.1669   38.8422    5.5555    0.2454    4.2295
    0.7440    0.9163   83.4231   38.6909    5.5587    0.0763    1.1368
    0.2237    0.2580   86.4612   44.9012    5.6347    0.0002    0.4708
    0.0177    0.0156   86.5518   35.0360    5.8204    0.0473    0.5287
    0.0916    0.1371  137.8899  249.0022   39.2554    0.0020    0.2849
    0.0199    0.0488    0.7006    3.3165    0.3724    1.7401   -0.7289
    0.2486    1.1558   -0.6682    0.0000    1.8232    0.4060    0.5042
    0.8966   -0.0028    0.0000    1.1525    0.2734    0.3405    0.7189
   -0.0040    0.0587    0.0008    0.0000    0.7282    0.1494    0.1887
    0.1712    0.0000    0.0655    0.0011    0.0000    0.2957    0.0187
    0.0120    0.0500    0.0005
 PARAMETER VALUES,  CYCLE NUMBER 22,  AVDEV=   0.565
    2.8991    4.8991   74.1668   38.8414    5.5556    0.2454    4.2295
    0.7440    0.9163   83.4228   38.6879    5.5586    0.0763    1.1361
    0.2237    0.2578   86.4755   45.0274    5.6361    0.0002    0.4705
    0.0177    0.0157   86.5511   35.0003    5.8236    0.0474    0.5287
    0.0915    0.1372  140.2702  259.0022   40.8795    0.0020    0.2850
    0.0199    0.0491    0.7006    3.3165    0.3724    1.7401   -0.7289
    0.2486    1.1558   -0.6682    0.0000    1.8232    0.4060    0.5042
    0.8966   -0.0028    0.0000    1.1525    0.2734    0.3405    0.7189
   -0.0040    0.0587    0.0008    0.0000    0.7282    0.1494    0.1887
    0.1712    0.0000    0.0655    0.0011    0.0000    0.2957    0.0187
    0.0120    0.0500    0.0005
 PARAMETER VALUES,  CYCLE NUMBER 23,  AVDEV=   0.565
    2.8991    4.8991   74.1668   38.8407    5.5556    0.2454    4.2294
    0.7440    0.9164   83.4225   38.6851    5.5585    0.0763    1.1355
    0.2237    0.2576   86.4891   45.1483    5.6374    0.0002    0.4701
    0.0177    0.0157   86.5505   34.9667    5.8266    0.0475    0.5286
    0.0915    0.1373  142.6514  269.0022   42.5046    0.0021    0.2852
    0.0198    0.0494    0.7006    3.3165    0.3724    1.7401   -0.7289
    0.2486    1.1558   -0.6682    0.0000    1.8232    0.4060    0.5042
    0.8966   -0.0028    0.0000    1.1525    0.2734    0.3405    0.7189
   -0.0040    0.0587    0.0008    0.0000    0.7282    0.1494    0.1887
    0.1712    0.0000    0.0655    0.0011    0.0000    0.2957    0.0187
    0.0120    0.0500    0.0005
 PARAMETER VALUES,  CYCLE NUMBER 24,  AVDEV=   0.565
    2.8991    4.8991   74.1668   38.8401    5.5556    0.2454    4.2293
    0.7440    0.9164   83.4222   38.6824    5.5584    0.0762    1.1349
    0.2237    0.2574   86.5022   45.2643    5.6387    0.0002    0.4698
    0.0176    0.0157   86.5500   34.9350    5.8294    0.0476    0.5286
    0.0914    0.1374  145.0334  279.0022   44.1307    0.0021    0.2854
    0.0198    0.0497    0.7006    3.3165    0.3724    1.7401   -0.7289
    0.2486    1.1558   -0.6682    0.0000    1.8232    0.4060    0.5042
    0.8966   -0.0028    0.0000    1.1525    0.2734    0.3405    0.7189
   -0.0040    0.0587    0.0008    0.0000    0.7282    0.1494    0.1887
    0.1712    0.0000    0.0655    0.0011    0.0000    0.2957    0.0187
    0.0120    0.0500    0.0005
 PARAMETER VALUES,  CYCLE NUMBER 25,  AVDEV=   0.565
    2.8991    4.8991   74.1667   38.8395    5.5556    0.2454    4.2293
    0.7440    0.9164   83.4220   38.6799    5.5584    0.0762    1.1343
    0.2237    0.2572   86.5147   45.3755    5.6399    0.0002    0.4695
    0.0176    0.0157   86.5494   34.9050    5.8321    0.0477    0.5285
    0.0913    0.1375  147.4162  289.0022   45.7576    0.0021    0.2855
    0.0198    0.0500    0.7006    3.3165    0.3724    1.7401   -0.7289
    0.2486    1.1558   -0.6682    0.0000    1.8232    0.4060    0.5042
    0.8966   -0.0028    0.0000    1.1525    0.2734    0.3405    0.7189
   -0.0040    0.0587    0.0008    0.0000    0.7282    0.1494    0.1887
    0.1712    0.0000    0.0655    0.0011    0.0000    0.2957    0.0187
    0.0120    0.0500    0.0005
 PARAMETER VALUES,  CYCLE NUMBER 26,  AVDEV=   0.565
    2.8991    4.8991   74.1667   38.8389    5.5557    0.2454    4.2292
    0.7440    0.9164   83.4217   38.6775    5.5583    0.0762    1.1338
    0.2238    0.2570   86.5268   45.4824    5.6411    0.0002    0.4692
    0.0175    0.0158   86.5490   34.8766    5.8346    0.0478    0.5285
    0.0912    0.1375  149.7997  299.0022   47.3853    0.0021    0.2856
    0.0197    0.0503    0.7006    3.3165    0.3724    1.7401   -0.7289
    0.2486    1.1558   -0.6682    0.0000    1.8232    0.4060    0.5042
    0.8966   -0.0028    0.0000    1.1525    0.2734    0.3405    0.7189
   -0.0040    0.0587    0.0008    0.0000    0.7282    0.1494    0.1887
    0.1712    0.0000    0.0655    0.0011    0.0000    0.2957    0.0187
    0.0120    0.0500    0.0005
 PARAMETER VALUES,  CYCLE NUMBER 27,  AVDEV=   0.565
    2.8991    4.8991   74.1666   38.8384    5.5557    0.2454    4.2291
    0.7439    0.9164   83.4215   38.6753    5.5583    0.0762    1.1333
    0.2238    0.2568   86.5384   45.5851    5.6422    0.0002    0.4689
    0.0175    0.0158   86.5485   34.8497    5.8371    0.0479    0.5284
    0.0912    0.1376  152.1838  309.0022   49.0139    0.0021    0.2858
    0.0197    0.0505    0.7006    3.3165    0.3724    1.7401   -0.7289
    0.2486    1.1558   -0.6682    0.0000    1.8232    0.4060    0.5042
    0.8966   -0.0028    0.0000    1.1525    0.2734    0.3405    0.7189
   -0.0040    0.0587    0.0008    0.0000    0.7282    0.1494    0.1887
    0.1712    0.0000    0.0655    0.0011    0.0000    0.2957    0.0187
    0.0120    0.0500    0.0005
 PARAMETER VALUES,  CYCLE NUMBER 28,  AVDEV=   0.565
    2.8990    4.8991   74.1666   38.8378    5.5557    0.2454    4.2291
    0.7439    0.9165   83.4212   38.6731    5.5582    0.0762    1.1328
    0.2238    0.2567   86.5495   45.6838    5.6433    0.0002    0.4686
    0.0175    0.0158   86.5481   34.8241    5.8394    0.0480    0.5284
    0.0911    0.1377  154.5686  319.0022   50.6431    0.0021    0.2859
    0.0197    0.0508    0.7006    3.3165    0.3724    1.7401   -0.7289
    0.2486    1.1558   -0.6682    0.0000    1.8232    0.4060    0.5042
    0.8966   -0.0028    0.0000    1.1525    0.2734    0.3405    0.7189
   -0.0040    0.0587    0.0008    0.0000    0.7282    0.1494    0.1887
    0.1712    0.0000    0.0655    0.0011    0.0000    0.2957    0.0187
    0.0120    0.0500    0.0005
 PARAMETER VALUES,  CYCLE NUMBER 29,  AVDEV=   0.565
    2.8990    4.8991   74.1666   38.8373    5.5557    0.2454    4.2290
    0.7439    0.9165   83.4210   38.6711    5.5581    0.0762    1.1324
    0.2238    0.2565   86.5603   45.7788    5.6443    0.0002    0.4683
    0.0175    0.0158   86.5477   34.7998    5.8416    0.0481    0.5283
    0.0910    0.1377  156.9540  329.0022   52.2730    0.0021    0.2860
    0.0196    0.0510    0.7006    3.3165    0.3724    1.7401   -0.7289
    0.2486    1.1558   -0.6682    0.0000    1.8232    0.4060    0.5042
    0.8966   -0.0028    0.0000    1.1525    0.2734    0.3405    0.7189
   -0.0040    0.0587    0.0008    0.0000    0.7282    0.1494    0.1887
    0.1712    0.0000    0.0655    0.0011    0.0000    0.2957    0.0187
    0.0120    0.0500    0.0005
 PARAMETER VALUES,  CYCLE NUMBER 30,  AVDEV=   0.565
    2.8990    4.8991   74.1666   38.8369    5.5557    0.2454    4.2290
    0.7439    0.9165   83.4208   38.6691    5.5581    0.0761    1.1319
    0.2238    0.2564   86.5706   45.8703    5.6453    0.0003    0.4681
    0.0174    0.0158   86.5473   34.7766    5.8437    0.0482    0.5283
    0.0910    0.1378  159.3399  339.0022   53.9036    0.0022    0.2861
    0.0196    0.0512    0.7006    3.3165    0.3724    1.7401   -0.7289
    0.2486    1.1558   -0.6682    0.0000    1.8232    0.4060    0.5042
    0.8966   -0.0028    0.0000    1.1525    0.2734    0.3405    0.7189
   -0.0040    0.0587    0.0008    0.0000    0.7282    0.1494    0.1887
    0.1712    0.0000    0.0655    0.0011    0.0000    0.2957    0.0187
    0.0120    0.0500    0.0005
 PARAMETER VALUES,  CYCLE NUMBER 31,  AVDEV=   0.565
    2.8990    4.8991   74.1665   38.8364    5.5558    0.2454    4.2290
    0.7439    0.9165   83.4206   38.6673    5.5580    0.0761    1.1315
    0.2238    0.2562   86.5806   45.9585    5.6463    0.0003    0.4678
    0.0174    0.0159   86.5470   34.7545    5.8458    0.0483    0.5282
    0.0909    0.1378  161.7263  349.0022   55.5347    0.0022    0.2862
    0.0196    0.0515    0.7006    3.3165    0.3724    1.7401   -0.7289
    0.2486    1.1558   -0.6682    0.0000    1.8232    0.4060    0.5042
    0.8966   -0.0028    0.0000    1.1525    0.2734    0.3405    0.7189
   -0.0040    0.0587    0.0008    0.0000    0.7282    0.1494    0.1887
    0.1712    0.0000    0.0655    0.0011    0.0000    0.2957    0.0187
    0.0120    0.0500    0.0005
 PARAMETER VALUES,  CYCLE NUMBER 32,  AVDEV=   0.565
    2.8990    4.8991   74.1665   38.8360    5.5558    0.2454    4.2289
    0.7439    0.9165   83.4204   38.6655    5.5580    0.0761    1.1311
    0.2238    0.2561   86.5902   46.0435    5.6472    0.0003    0.4676
    0.0174    0.0159   86.5467   34.7333    5.8477    0.0483    0.5282
    0.0909    0.1379  164.1132  359.0022   57.1664    0.0022    0.2863
    0.0196    0.0517    0.7006    3.3165    0.3724    1.7401   -0.7289
    0.2486    1.1558   -0.6682    0.0000    1.8232    0.4060    0.5042
    0.8966   -0.0028    0.0000    1.1525    0.2734    0.3405    0.7189
   -0.0040    0.0587    0.0008    0.0000    0.7282    0.1494    0.1887
    0.1712    0.0000    0.0655    0.0011    0.0000    0.2957    0.0187
    0.0120    0.0500    0.0005
 PARAMETER VALUES,  CYCLE NUMBER 33,  AVDEV=   0.565
    2.8990    4.8991   74.1665   38.8356    5.5558    0.2454    4.2289
    0.7439    0.9165   83.4203   38.6638    5.5580    0.0761    1.1307
    0.2238    0.2560   86.5994   46.1255    5.6481    0.0003    0.4674
    0.0173    0.0159   86.5464   34.7132    5.8496    0.0484    0.5281
    0.0908    0.1379  166.5005  369.0022   58.7986    0.0022    0.2864
    0.0195    0.0519    0.7006    3.3165    0.3724    1.7401   -0.7289
    0.2486    1.1558   -0.6682    0.0000    1.8232    0.4060    0.5042
    0.8966   -0.0028    0.0000    1.1525    0.2734    0.3405    0.7189
   -0.0040    0.0587    0.0008    0.0000    0.7282    0.1494    0.1887
    0.1712    0.0000    0.0655    0.0011    0.0000    0.2957    0.0187
    0.0120    0.0500    0.0005
 PARAMETER VALUES,  CYCLE NUMBER 34,  AVDEV=   0.565
    2.8990    4.8991   74.1665   38.8352    5.5558    0.2454    4.2288
    0.7439    0.9166   83.4201   38.6621    5.5579    0.0761    1.1303
    0.2239    0.2558   86.6084   46.2046    5.6489    0.0003    0.4672
    0.0173    0.0159   86.5461   34.6938    5.8514    0.0485    0.5281
    0.0908    0.1380  168.8883  379.0022   60.4313    0.0022    0.2865
    0.0195    0.0520    0.7006    3.3165    0.3724    1.7401   -0.7289
    0.2486    1.1558   -0.6682    0.0000    1.8232    0.4060    0.5042
    0.8966   -0.0028    0.0000    1.1525    0.2734    0.3405    0.7189
   -0.0040    0.0587    0.0008    0.0000    0.7282    0.1494    0.1887
    0.1712    0.0000    0.0655    0.0011    0.0000    0.2957    0.0187
    0.0120    0.0500    0.0005
 PARAMETER VALUES,  CYCLE NUMBER 35,  AVDEV=   0.565
    2.8990    4.8991   74.1664   38.8348    5.5558    0.2454    4.2288
    0.7439    0.9166   83.4199   38.6606    5.5579    0.0761    1.1300
    0.2239    0.2557   86.6170   46.2811    5.6498    0.0003    0.4670
    0.0173    0.0159   86.5459   34.6753    5.8531    0.0485    0.5281
    0.0907    0.1380  171.2764  389.0022   62.0644    0.0022    0.2865
    0.0195    0.0522    0.7006    3.3165    0.3724    1.7401   -0.7289
    0.2486    1.1558   -0.6682    0.0000    1.8232    0.4060    0.5042
    0.8966   -0.0028    0.0000    1.1525    0.2734    0.3405    0.7189
   -0.0040    0.0587    0.0008    0.0000    0.7282    0.1494    0.1887
    0.1712    0.0000    0.0655    0.0011    0.0000    0.2957    0.0187
    0.0120    0.0500    0.0005
 PARAMETER VALUES,  CYCLE NUMBER 36,  AVDEV=   0.565
    2.8990    4.8991   74.1664   38.8344    5.5558    0.2454    4.2287
    0.7439    0.9166   83.4198   38.6591    5.5578    0.0761    1.1297
    0.2239    0.2556   86.6254   46.3549    5.6506    0.0003    0.4668
    0.0173    0.0159   86.5456   34.6576    5.8547    0.0486    0.5280
    0.0907    0.1381  173.6650  399.0022   63.6980    0.0022    0.2866
    0.0195    0.0524    0.7006    3.3165    0.3724    1.7401   -0.7289
    0.2486    1.1558   -0.6682    0.0000    1.8232    0.4060    0.5042
    0.8966   -0.0028    0.0000    1.1525    0.2734    0.3405    0.7189
   -0.0040    0.0587    0.0008    0.0000    0.7282    0.1494    0.1887
    0.1712    0.0000    0.0655    0.0011    0.0000    0.2957    0.0187
    0.0120    0.0500    0.0005
 PARAMETER VALUES,  CYCLE NUMBER 37,  AVDEV=   0.565
    2.8990    4.8991   74.1664   38.8341    5.5558    0.2454    4.2287
    0.7439    0.9166   83.4196   38.6576    5.5578    0.0761    1.1293
    0.2239    0.2555   86.6334   46.4263    5.6513    0.0003    0.4666
    0.0172    0.0159   86.5454   34.6406    5.8563    0.0487    0.5280
    0.0906    0.1381  176.0539  409.0022   65.3320    0.0022    0.2867
    0.0194    0.0525    0.7006    3.3165    0.3724    1.7401   -0.7289
    0.2486    1.1558   -0.6682    0.0000    1.8232    0.4060    0.5042
    0.8966   -0.0028    0.0000    1.1525    0.2734    0.3405    0.7189
   -0.0040    0.0587    0.0008    0.0000    0.7282    0.1494    0.1887
    0.1712    0.0000    0.0655    0.0011    0.0000    0.2957    0.0187
    0.0120    0.0500    0.0005
 PARAMETER VALUES,  CYCLE NUMBER 38,  AVDEV=   0.565
    2.8990    4.8991   74.1664   38.8337    5.5558    0.2454    4.2287
    0.7439    0.9166   83.4195   38.6563    5.5578    0.0760    1.1290
    0.2239    0.2554   86.6412   46.4954    5.6521    0.0003    0.4664
    0.0172    0.0160   86.5452   34.6242    5.8578    0.0487    0.5280
    0.0906    0.1382  178.4432  419.0022   66.9664    0.0022    0.2868
    0.0194    0.0527    0.7006    3.3165    0.3724    1.7401   -0.7289
    0.2486    1.1558   -0.6682    0.0000    1.8232    0.4060    0.5042
    0.8966   -0.0028    0.0000    1.1525    0.2734    0.3405    0.7189
   -0.0040    0.0587    0.0008    0.0000    0.7282    0.1494    0.1887
    0.1712    0.0000    0.0655    0.0011    0.0000    0.2957    0.0187
    0.0120    0.0500    0.0005
 PARAMETER VALUES,  CYCLE NUMBER 39,  AVDEV=   0.565
    2.8990    4.8991   74.1664   38.8334    5.5559    0.2454    4.2286
    0.7439    0.9166   83.4193   38.6549    5.5577    0.0760    1.1287
    0.2239    0.2553   86.6488   46.5623    5.6528    0.0003    0.4662
    0.0172    0.0160   86.5450   34.6085    5.8593    0.0488    0.5279
    0.0905    0.1382  180.8327  429.0022   68.6012    0.0022    0.2868
    0.0194    0.0529    0.7006    3.3165    0.3724    1.7401   -0.7289
    0.2486    1.1558   -0.6682    0.0000    1.8232    0.4060    0.5042
    0.8966   -0.0028    0.0000    1.1525    0.2734    0.3405    0.7189
   -0.0040    0.0587    0.0008    0.0000    0.7282    0.1494    0.1887
    0.1712    0.0000    0.0655    0.0011    0.0000    0.2957    0.0187
    0.0120    0.0500    0.0005
 PARAMETER VALUES,  CYCLE NUMBER 40,  AVDEV=   0.565
    2.8990    4.8991   74.1663   38.8331    5.5559    0.2454    4.2286
    0.7439    0.9166   83.4192   38.6536    5.5577    0.0760    1.1284
    0.2239    0.2552   86.6561   46.6270    5.6535    0.0003    0.4660
    0.0172    0.0160   86.5448   34.5934    5.8607    0.0488    0.5279
    0.0905    0.1382  183.2226  439.0022   70.2363    0.0022    0.2869
    0.0194    0.0530    0.7006    3.3165    0.3724    1.7401   -0.7289
    0.2486    1.1558   -0.6682    0.0000    1.8232    0.4060    0.5042
    0.8966   -0.0028    0.0000    1.1525    0.2734    0.3405    0.7189
   -0.0040    0.0587    0.0008    0.0000    0.7282    0.1494    0.1887
    0.1712    0.0000    0.0655    0.0011    0.0000    0.2957    0.0187
    0.0120    0.0500    0.0005
 PARAMETER VALUES FOR RCG INPUT
I I   5s25p5            2.8990   4.8991
I I   5s25p46p         74.1663  38.8331    5.5559    0.2454    4.2286 LS99999999
   0.7439    0.9166
I I   5s25p47p         83.4192  38.6536    5.5577    0.0760    1.1284 LS99999999
   0.2239    0.2552
I I   5s25p44f         86.6561  46.6270    5.6535    0.0003    0.4660 LS99999999
   0.0172    0.0160
I I   5s25p48p         86.5448  34.5934    5.8607    0.0488    0.5279 LS99999999
   0.0905    0.1382
I I   5s25p45f        183.2226 439.0022   70.2363    0.0022    0.2869 LS99999999
   0.0194    0.0530
5s25p5  -5s25p46p      0.7006    3.3165
5s25p5  -5s25p47p      0.3724    1.7401
5s25p5  -5s25p44f     -0.7289
5s25p5  -5s25p48p      0.2486    1.1558
5s25p5  -5s25p45f     -0.6682
5s25p46p-5s25p47p      0.0000    1.8232    0.4060    0.5042
5s25p46p-5s25p44f      0.8966   -0.0028
5s25p46p-5s25p48p      0.0000    1.1525    0.2734    0.3405
5s25p46p-5s25p45f      0.7189   -0.0040
5s25p47p-5s25p44f      0.0587    0.0008
5s25p47p-5s25p48p      0.0000    0.7282    0.1494    0.1887
5s25p47p-5s25p45f      0.1712    0.0000
5s25p44f-5s25p48p      0.0655    0.0011
5s25p44f-5s25p45f      0.0000    0.2957    0.0187    0.0120
5s25p48p-5s25p45f      0.0500    0.0005

I I       5s25p46s  5s25p45d  5s25p47s  5s25p46d  5s25p48s  5s25p47d
 PARAMETER VALUES,  CYCLE NUMBER  0,  AVDEV=   0.823
   63.8214   38.5475    5.4877    2.2102   76.7258   38.5728    5.4838
    0.0383    9.0296    7.2162    4.3194   80.6094   38.9111    5.5533
    0.4646   83.7213   38.8834    5.5456    0.0128    2.4953    2.1472
    1.3061   84.9320   38.9683    5.5646    0.1858   86.4163   38.9512
    5.5601    0.0061    1.1091    0.9829    0.6011   -6.2320   -1.8519
    0.0000    0.9991   -2.5933   -0.8976    0.0000    0.6277   -1.5653
   -0.5808   -2.0369   -0.8618    0.0000    4.2021    3.9227    2.3682
   -1.2258   -0.5473    0.0000    2.7014    2.6476    1.6029   -1.4457
   -0.4304    0.0000    0.2936   -0.9186   -0.2810   -0.7559   -0.2752
    0.0000    1.5931    1.4523    0.8858   -0.5816   -0.1801
 PARAMETER VALUES,  CYCLE NUMBER  1,  AVDEV=   0.584
   63.7017   35.6151    5.5796    2.1162   76.5607   36.6831    5.6070
    0.0173    8.6538    6.1391    3.6758   79.7261   28.9117    5.6177
    0.1975   83.0121   31.6365    4.9406    0.2731    0.5379    4.4544
    3.1594   84.6809   38.9683    5.5646    0.1858   85.2729   32.6995
    4.4584    0.2096    0.0000    0.0000    2.9277   -6.2320   -1.8519
    0.0000    0.9991   -2.5933   -0.8976    0.0000    0.6277   -1.5653
   -0.5808   -2.0369   -0.8618    0.0000    4.2021    3.9227    2.3682
   -1.2258   -0.5473    0.0000    2.7014    2.6476    1.6029   -1.4457
   -0.4304    0.0000    0.2936   -0.9186   -0.2810   -0.7559   -0.2752
    0.0000    1.5931    1.4523    0.8858   -0.5816   -0.1801
 PARAMETER VALUES,  CYCLE NUMBER  2,  AVDEV=   0.476
   63.5475   32.5652    5.6318    2.0129   76.6643   33.8590    5.9515
    0.0321    8.3192    6.2459    4.5200   78.7545   19.9438    5.4014
    0.1494   83.2089   36.1711    4.6724    0.4525    0.0000    2.3090
    5.0905   84.6051   38.9683    5.5646    0.1858   84.0531   22.7004
    3.7958    0.3125    1.9475    0.0000    3.9739   -6.2320   -1.8519
    0.0000    0.9991   -2.5933   -0.8976    0.0000    0.6277   -1.5653
   -0.5808   -2.0369   -0.8618    0.0000    4.2021    3.9227    2.3682
   -1.2258   -0.5473    0.0000    2.7014    2.6476    1.6029   -1.4457
   -0.4304    0.0000    0.2936   -0.9186   -0.2810   -0.7559   -0.2752
    0.0000    1.5931    1.4523    0.8858   -0.5816   -0.1801
 PARAMETER VALUES,  CYCLE NUMBER  3,  AVDEV=   0.451
   63.5429   32.4307    5.6317    1.9971   76.6238   33.9047    5.9095
    0.0085    8.0531    6.1316    4.5943   78.6879   19.1579    5.3866
    0.1163   84.2531   46.1708    4.5584    0.5368    0.0000    2.7613
    4.1034   84.5755   38.9683    5.5646    0.1858   83.9185   21.2953
    3.7269    0.2695    2.5424    0.0000    3.9847   -6.2320   -1.8519
    0.0000    0.9991   -2.5933   -0.8976    0.0000    0.6277   -1.5653
   -0.5808   -2.0369   -0.8618    0.0000    4.2021    3.9227    2.3682
   -1.2258   -0.5473    0.0000    2.7014    2.6476    1.6029   -1.4457
   -0.4304    0.0000    0.2936   -0.9186   -0.2810   -0.7559   -0.2752
    0.0000    1.5931    1.4523    0.8858   -0.5816   -0.1801
 PARAMETER VALUES,  CYCLE NUMBER  4,  AVDEV=   0.435
   63.5244   32.1247    5.6296    1.9817   76.6243   33.6154    5.9270
    0.0018    7.8769    6.2590    4.6362   78.6460   18.6802    5.3777
    0.0865   85.3486   56.1705    4.5893    0.5937    0.0000    2.4178
    3.2905   84.5672   38.9683    5.5646    0.1858   83.8967   21.1404
    3.6712    0.2432    2.7055    0.0000    3.8147   -6.2320   -1.8519
    0.0000    0.9991   -2.5933   -0.8976    0.0000    0.6277   -1.5653
   -0.5808   -2.0369   -0.8618    0.0000    4.2021    3.9227    2.3682
   -1.2258   -0.5473    0.0000    2.7014    2.6476    1.6029   -1.4457
   -0.4304    0.0000    0.2936   -0.9186   -0.2810   -0.7559   -0.2752
    0.0000    1.5931    1.4523    0.8858   -0.5816   -0.1801
 PARAMETER VALUES,  CYCLE NUMBER  5,  AVDEV=   0.423
   63.5101   31.8686    5.6276    1.9688   76.6019   33.2528    5.9272
    0.0048    7.7119    6.2579    4.7865   78.5737   17.9504    5.3466
    0.0593   86.5314   66.1702    4.6765    0.6249    0.0000    2.1623
    2.7960   84.5863   38.9683    5.5646    0.1858   83.9306   21.6411
    3.6196    0.2250    2.8789    0.0000    3.5140   -6.2320   -1.8519
    0.0000    0.9991   -2.5933   -0.8976    0.0000    0.6277   -1.5653
   -0.5808   -2.0369   -0.8618    0.0000    4.2021    3.9227    2.3682
   -1.2258   -0.5473    0.0000    2.7014    2.6476    1.6029   -1.4457
   -0.4304    0.0000    0.2936   -0.9186   -0.2810   -0.7559   -0.2752
    0.0000    1.5931    1.4523    0.8858   -0.5816   -0.1801
 PARAMETER VALUES,  CYCLE NUMBER  6,  AVDEV=   0.414
   63.4992   31.6805    5.6263    1.9596   76.5669   32.7009    5.9343
    0.0072    7.3866    6.2657    4.9131   78.5894   17.9282    5.3684
    0.0487   87.7392   76.1699    4.7799    0.6437    0.0000    1.8877
    3.1333   84.6153   38.9683    5.5646    0.1858   83.5974   18.9976
    3.5071    0.2063    3.1212    0.0000    3.3828   -6.2320   -1.8519
    0.0000    0.9991   -2.5933   -0.8976    0.0000    0.6277   -1.5653
   -0.5808   -2.0369   -0.8618    0.0000    4.2021    3.9227    2.3682
   -1.2258   -0.5473    0.0000    2.7014    2.6476    1.6029   -1.4457
   -0.4304    0.0000    0.2936   -0.9186   -0.2810   -0.7559   -0.2752
    0.0000    1.5931    1.4523    0.8858   -0.5816   -0.1801
 PARAMETER VALUES,  CYCLE NUMBER  7,  AVDEV=   0.427
   63.4987   31.6716    5.6257    1.9588   76.5771   32.7263    5.9389
    0.0002    7.3680    6.2823    4.9278   78.6001   17.9518    5.3795
    0.0352   88.8999   85.9347    4.8339    0.6563    0.0000    1.7984
    3.3743   84.6056   38.9683    5.5646    0.1858   82.6505    8.9977
    3.4657    0.1619    4.0628    0.0000    3.4351   -6.2320   -1.8519
    0.0000    0.9991   -2.5933   -0.8976    0.0000    0.6277   -1.5653
   -0.5808   -2.0369   -0.8618    0.0000    4.2021    3.9227    2.3682
   -1.2258   -0.5473    0.0000    2.7014    2.6476    1.6029   -1.4457
   -0.4304    0.0000    0.2936   -0.9186   -0.2810   -0.7559   -0.2752
    0.0000    1.5931    1.4523    0.8858   -0.5816   -0.1801
 PARAMETER VALUES,  CYCLE NUMBER  8,  AVDEV=   0.403
   63.5094   31.8259    5.6270    1.9599   76.5396   32.4947    5.9191
    0.0000    7.0643    6.1891    4.9864   78.5240   17.2031    5.3469
    0.0582   90.0849   95.9342    4.8209    0.6394    0.2911    1.8578
    4.4993   84.5966   38.9683    5.5646    0.1858   83.0286   10.5903
    3.6280    0.1081    5.8725    0.0000    2.4264   -6.2320   -1.8519
    0.0000    0.9991   -2.5933   -0.8976    0.0000    0.6277   -1.5653
   -0.5808   -2.0369   -0.8618    0.0000    4.2021    3.9227    2.3682
   -1.2258   -0.5473    0.0000    2.7014    2.6476    1.6029   -1.4457
   -0.4304    0.0000    0.2936   -0.9186   -0.2810   -0.7559   -0.2752
    0.0000    1.5931    1.4523    0.8858   -0.5816   -0.1801
 PARAMETER VALUES,  CYCLE NUMBER  9,  AVDEV=   0.401
   63.5102   31.8397    5.6272    1.9595   76.5319   32.4306    5.9189
    0.0017    7.0722    6.1612    5.0230   78.5261   17.2291    5.3471
    0.0578   91.2547  105.9342    4.8440    0.6351    0.2027    1.8290
    4.3411   84.5960   38.9683    5.5646    0.1858   83.0323   10.8373
    3.6182    0.1196    5.6706    0.0000    2.5481   -6.2320   -1.8519
    0.0000    0.9991   -2.5933   -0.8976    0.0000    0.6277   -1.5653
   -0.5808   -2.0369   -0.8618    0.0000    4.2021    3.9227    2.3682
   -1.2258   -0.5473    0.0000    2.7014    2.6476    1.6029   -1.4457
   -0.4304    0.0000    0.2936   -0.9186   -0.2810   -0.7559   -0.2752
    0.0000    1.5931    1.4523    0.8858   -0.5816   -0.1801
 PARAMETER VALUES,  CYCLE NUMBER 10,  AVDEV=   0.399
   63.5109   31.8541    5.6273    1.9591   76.5255   32.3720    5.9190
    0.0030    7.0775    6.1370    5.0551   78.5283   17.2537    5.3474
    0.0582   92.4288  115.9342    4.8645    0.6310    0.1476    1.7958
    4.2310   84.5967   38.9683    5.5646    0.1858   83.0350   11.0885
    3.6068    0.1316    5.4570    0.0000    2.6690   -6.2320   -1.8519
    0.0000    0.9991   -2.5933   -0.8976    0.0000    0.6277   -1.5653
   -0.5808   -2.0369   -0.8618    0.0000    4.2021    3.9227    2.3682
   -1.2258   -0.5473    0.0000    2.7014    2.6476    1.6029   -1.4457
   -0.4304    0.0000    0.2936   -0.9186   -0.2810   -0.7559   -0.2752
    0.0000    1.5931    1.4523    0.8858   -0.5816   -0.1801
 PARAMETER VALUES,  CYCLE NUMBER 11,  AVDEV=   0.398
   63.5116   31.8668    5.6274    1.9587   76.5209   32.3256    5.9197
    0.0038    7.0804    6.1195    5.0794   78.5303   17.2756    5.3478
    0.0590   93.6063  125.9341    4.8827    0.6277    0.1182    1.7619
    4.1632   84.5993   38.9683    5.5646    0.1858   83.0365   11.3224
    3.5946    0.1432    5.2526    0.0000    2.7781   -6.2320   -1.8519
    0.0000    0.9991   -2.5933   -0.8976    0.0000    0.6277   -1.5653
   -0.5808   -2.0369   -0.8618    0.0000    4.2021    3.9227    2.3682
   -1.2258   -0.5473    0.0000    2.7014    2.6476    1.6029   -1.4457
   -0.4304    0.0000    0.2936   -0.9186   -0.2810   -0.7559   -0.2752
    0.0000    1.5931    1.4523    0.8858   -0.5816   -0.1801
 PARAMETER VALUES,  CYCLE NUMBER 12,  AVDEV=   0.397
   63.5122   31.8792    5.6275    1.9585   76.5174   32.2867    5.9207
    0.0042    7.0837    6.1051    5.1012   78.5319   17.2922    5.3481
    0.0598   94.7860  135.9341    4.8982    0.6249    0.1012    1.7261
    4.1119   84.5991   38.9683    5.5646    0.1858   83.0434   11.5092
    3.5887    0.1518    5.1051    0.0000    2.8535   -6.2320   -1.8519
    0.0000    0.9991   -2.5933   -0.8976    0.0000    0.6277   -1.5653
   -0.5808   -2.0369   -0.8618    0.0000    4.2021    3.9227    2.3682
   -1.2258   -0.5473    0.0000    2.7014    2.6476    1.6029   -1.4457
   -0.4304    0.0000    0.2936   -0.9186   -0.2810   -0.7559   -0.2752
    0.0000    1.5931    1.4523    0.8858   -0.5816   -0.1801
 PARAMETER VALUES,  CYCLE NUMBER 13,  AVDEV=   0.395
   63.5128   31.8916    5.6276    1.9582   76.5147   32.2562    5.9214
    0.0044    7.0870    6.0923    5.1207   78.5332   17.3050    5.3485
    0.0607   95.9680  145.9341    4.9114    0.6225    0.0915    1.6926
    4.0720   84.5988   38.9683    5.5646    0.1858   83.0515   11.6687
    3.5848    0.1588    4.9880    0.0000    2.9116   -6.2320   -1.8519
    0.0000    0.9991   -2.5933   -0.8976    0.0000    0.6277   -1.5653
   -0.5808   -2.0369   -0.8618    0.0000    4.2021    3.9227    2.3682
   -1.2258   -0.5473    0.0000    2.7014    2.6476    1.6029   -1.4457
   -0.4304    0.0000    0.2936   -0.9186   -0.2810   -0.7559   -0.2752
    0.0000    1.5931    1.4523    0.8858   -0.5816   -0.1801
 PARAMETER VALUES,  CYCLE NUMBER 14,  AVDEV=   0.394
   63.5135   31.9041    5.6277    1.9580   76.5124   32.2328    5.9218
    0.0044    7.0905    6.0799    5.1388   78.5344   17.3148    5.3489
    0.0615   97.1521  155.9341    4.9225    0.6204    0.0856    1.6626
    4.0385   84.5986   38.9683    5.5646    0.1858   83.0602   11.8088
    3.5822    0.1647    4.8925    0.0000    2.9573   -6.2320   -1.8519
    0.0000    0.9991   -2.5933   -0.8976    0.0000    0.6277   -1.5653
   -0.5808   -2.0369   -0.8618    0.0000    4.2021    3.9227    2.3682
   -1.2258   -0.5473    0.0000    2.7014    2.6476    1.6029   -1.4457
   -0.4304    0.0000    0.2936   -0.9186   -0.2810   -0.7559   -0.2752
    0.0000    1.5931    1.4523    0.8858   -0.5816   -0.1801
 PARAMETER VALUES,  CYCLE NUMBER 15,  AVDEV=   0.393
   63.5142   31.9169    5.6278    1.9579   76.5102   32.2158    5.9218
    0.0043    7.0945    6.0674    5.1558   78.5353   17.3220    5.3494
    0.0623   98.3379  165.9340    4.9319    0.6186    0.0816    1.6365
    4.0094   84.5983   38.9683    5.5646    0.1858   83.0689   11.9337
    3.5803    0.1697    4.8127    0.0000    2.9938   -6.2320   -1.8519
    0.0000    0.9991   -2.5933   -0.8976    0.0000    0.6277   -1.5653
   -0.5808   -2.0369   -0.8618    0.0000    4.2021    3.9227    2.3682
   -1.2258   -0.5473    0.0000    2.7014    2.6476    1.6029   -1.4457
   -0.4304    0.0000    0.2936   -0.9186   -0.2810   -0.7559   -0.2752
    0.0000    1.5931    1.4523    0.8858   -0.5816   -0.1801
 PARAMETER VALUES,  CYCLE NUMBER 16,  AVDEV=   0.393
   63.5150   31.9299    5.6279    1.9578   76.5082   32.2044    5.9213
    0.0042    7.0993    6.0548    5.1716   78.5361   17.3273    5.3498
    0.0632   99.5255  175.9340    4.9399    0.6169    0.0786    1.6143
    3.9835   84.5981   38.9683    5.5646    0.1858   83.0771   12.0449
    3.5786    0.1740    4.7450    0.0000    3.0229   -6.2320   -1.8519
    0.0000    0.9991   -2.5933   -0.8976    0.0000    0.6277   -1.5653
   -0.5808   -2.0369   -0.8618    0.0000    4.2021    3.9227    2.3682
   -1.2258   -0.5473    0.0000    2.7014    2.6476    1.6029   -1.4457
   -0.4304    0.0000    0.2936   -0.9186   -0.2810   -0.7559   -0.2752
    0.0000    1.5931    1.4523    0.8858   -0.5816   -0.1801
 PARAMETER VALUES,  CYCLE NUMBER 17,  AVDEV=   0.392
   63.5157   31.9429    5.6280    1.9577   76.5064   32.1980    5.9205
    0.0041    7.1049    6.0421    5.1862   78.5368   17.3310    5.3503
    0.0640  100.7144  185.9340    4.9469    0.6154    0.0760    1.5958
    3.9605   84.5980   38.9683    5.5646    0.1858   83.0845   12.1430
    3.5770    0.1776    4.6871    0.0000    3.0460   -6.2320   -1.8519
    0.0000    0.9991   -2.5933   -0.8976    0.0000    0.6277   -1.5653
   -0.5808   -2.0369   -0.8618    0.0000    4.2021    3.9227    2.3682
   -1.2258   -0.5473    0.0000    2.7014    2.6476    1.6029   -1.4457
   -0.4304    0.0000    0.2936   -0.9186   -0.2810   -0.7559   -0.2752
    0.0000    1.5931    1.4523    0.8858   -0.5816   -0.1801
 PARAMETER VALUES,  CYCLE NUMBER 18,  AVDEV=   0.391
   63.5165   31.9557    5.6281    1.9576   76.5047   32.1956    5.9195
    0.0038    7.1114    6.0295    5.1996   78.5373   17.3336    5.3507
    0.0649  101.9047  195.9339    4.9531    0.6141    0.0734    1.5804
    3.9401   84.5979   38.9683    5.5646    0.1858   83.0909   12.2283
    3.5752    0.1807    4.6373    0.0000    3.0642   -6.2320   -1.8519
    0.0000    0.9991   -2.5933   -0.8976    0.0000    0.6277   -1.5653
   -0.5808   -2.0369   -0.8618    0.0000    4.2021    3.9227    2.3682
   -1.2258   -0.5473    0.0000    2.7014    2.6476    1.6029   -1.4457
   -0.4304    0.0000    0.2936   -0.9186   -0.2810   -0.7559   -0.2752
    0.0000    1.5931    1.4523    0.8858   -0.5816   -0.1801
 PARAMETER VALUES,  CYCLE NUMBER 19,  AVDEV=   0.391
   63.5172   31.9681    5.6282    1.9576   76.5032   32.1962    5.9184
    0.0036    7.1185    6.0173    5.2118   78.5377   17.3355    5.3511
    0.0656  103.0962  205.9339    4.9588    0.6128    0.0709    1.5676
    3.9220   84.5978   38.9683    5.5646    0.1858   83.0963   12.3014
    3.5734    0.1834    4.5945    0.0000    3.0786   -6.2320   -1.8519
    0.0000    0.9991   -2.5933   -0.8976    0.0000    0.6277   -1.5653
   -0.5808   -2.0369   -0.8618    0.0000    4.2021    3.9227    2.3682
   -1.2258   -0.5473    0.0000    2.7014    2.6476    1.6029   -1.4457
   -0.4304    0.0000    0.2936   -0.9186   -0.2810   -0.7559   -0.2752
    0.0000    1.5931    1.4523    0.8858   -0.5816   -0.1801
 PARAMETER VALUES,  CYCLE NUMBER 20,  AVDEV=   0.390
   63.5179   31.9799    5.6283    1.9575   76.5019   32.1989    5.9171
    0.0034    7.1260    6.0055    5.2228   78.5381   17.3370    5.3515
    0.0664  104.2886  215.9339    4.9640    0.6117    0.0682    1.5571
    3.9058   84.5977   38.9683    5.5646    0.1858   83.1007   12.3633
    3.5715    0.1857    4.5574    0.0000    3.0899   -6.2320   -1.8519
    0.0000    0.9991   -2.5933   -0.8976    0.0000    0.6277   -1.5653
   -0.5808   -2.0369   -0.8618    0.0000    4.2021    3.9227    2.3682
   -1.2258   -0.5473    0.0000    2.7014    2.6476    1.6029   -1.4457
   -0.4304    0.0000    0.2936   -0.9186   -0.2810   -0.7559   -0.2752
    0.0000    1.5931    1.4523    0.8858   -0.5816   -0.1801
 PARAMETER VALUES,  CYCLE NUMBER 21,  AVDEV=   0.390
   63.5186   31.9910    5.6283    1.9575   76.5007   32.2031    5.9159
    0.0031    7.1338    5.9944    5.2328   78.5384   17.3383    5.3518
    0.0671  105.4818  225.9339    4.9689    0.6108    0.0655    1.5482
    3.8914   84.5976   38.9683    5.5646    0.1858   83.1042   12.4153
    3.5696    0.1877    4.5253    0.0000    3.0988   -6.2320   -1.8519
    0.0000    0.9991   -2.5933   -0.8976    0.0000    0.6277   -1.5653
   -0.5808   -2.0369   -0.8618    0.0000    4.2021    3.9227    2.3682
   -1.2258   -0.5473    0.0000    2.7014    2.6476    1.6029   -1.4457
   -0.4304    0.0000    0.2936   -0.9186   -0.2810   -0.7559   -0.2752
    0.0000    1.5931    1.4523    0.8858   -0.5816   -0.1801
 PARAMETER VALUES,  CYCLE NUMBER 22,  AVDEV=   0.389
   63.5192   32.0014    5.6284    1.9575   76.4996   32.2080    5.9147
    0.0029    7.1415    5.9839    5.2418   78.5387   17.3395    5.3521
    0.0677  106.6757  235.9338    4.9735    0.6099    0.0627    1.5406
    3.8784   84.5976   38.9683    5.5646    0.1858   83.1070   12.4585
    3.5677    0.1894    4.4973    0.0000    3.1059   -6.2320   -1.8519
    0.0000    0.9991   -2.5933   -0.8976    0.0000    0.6277   -1.5653
   -0.5808   -2.0369   -0.8618    0.0000    4.2021    3.9227    2.3682
   -1.2258   -0.5473    0.0000    2.7014    2.6476    1.6029   -1.4457
   -0.4304    0.0000    0.2936   -0.9186   -0.2810   -0.7559   -0.2752
    0.0000    1.5931    1.4523    0.8858   -0.5816   -0.1801
 PARAMETER VALUES,  CYCLE NUMBER 23,  AVDEV=   0.389
   63.5198   32.0111    5.6285    1.9574   76.4986   32.2134    5.9136
    0.0026    7.1491    5.9742    5.2499   78.5389   17.3407    5.3523
    0.0682  107.8703  245.9338    4.9779    0.6091    0.0597    1.5342
    3.8667   84.5975   38.9683    5.5646    0.1858   83.1091   12.4943
    3.5657    0.1910    4.4728    0.0000    3.1116   -6.2320   -1.8519
    0.0000    0.9991   -2.5933   -0.8976    0.0000    0.6277   -1.5653
   -0.5808   -2.0369   -0.8618    0.0000    4.2021    3.9227    2.3682
   -1.2258   -0.5473    0.0000    2.7014    2.6476    1.6029   -1.4457
   -0.4304    0.0000    0.2936   -0.9186   -0.2810   -0.7559   -0.2752
    0.0000    1.5931    1.4523    0.8858   -0.5816   -0.1801
 PARAMETER VALUES,  CYCLE NUMBER 24,  AVDEV=   0.389
   63.5203   32.0200    5.6285    1.9574   76.4977   32.2190    5.9125
    0.0024    7.1565    5.9651    5.2573   78.5391   17.3419    5.3525
    0.0687  109.0653  255.9338    4.9822    0.6083    0.0568    1.5286
    3.8560   84.5975   38.9683    5.5646    0.1858   83.1107   12.5238
    3.5638    0.1924    4.4512    0.0000    3.1162   -6.2320   -1.8519
    0.0000    0.9991   -2.5933   -0.8976    0.0000    0.6277   -1.5653
   -0.5808   -2.0369   -0.8618    0.0000    4.2021    3.9227    2.3682
   -1.2258   -0.5473    0.0000    2.7014    2.6476    1.6029   -1.4457
   -0.4304    0.0000    0.2936   -0.9186   -0.2810   -0.7559   -0.2752
    0.0000    1.5931    1.4523    0.8858   -0.5816   -0.1801
 PARAMETER VALUES,  CYCLE NUMBER 25,  AVDEV=   0.388
   63.5208   32.0283    5.6286    1.9574   76.4969   32.2246    5.9115
    0.0022    7.1636    5.9567    5.2639   78.5393   17.3431    5.3527
    0.0692  110.2608  265.9338    4.9862    0.6077    0.0538    1.5237
    3.8463   84.5974   38.9683    5.5646    0.1858   83.1119   12.5480
    3.5620    0.1936    4.4321    0.0000    3.1200   -6.2320   -1.8519
    0.0000    0.9991   -2.5933   -0.8976    0.0000    0.6277   -1.5653
   -0.5808   -2.0369   -0.8618    0.0000    4.2021    3.9227    2.3682
   -1.2258   -0.5473    0.0000    2.7014    2.6476    1.6029   -1.4457
   -0.4304    0.0000    0.2936   -0.9186   -0.2810   -0.7559   -0.2752
    0.0000    1.5931    1.4523    0.8858   -0.5816   -0.1801
 PARAMETER VALUES,  CYCLE NUMBER 26,  AVDEV=   0.388
   63.5213   32.0359    5.6286    1.9573   76.4962   32.2300    5.9105
    0.0020    7.1705    5.9489    5.2701   78.5395   17.3443    5.3529
    0.0696  111.4567  275.9338    4.9901    0.6070    0.0508    1.5194
    3.8373   84.5973   38.9683    5.5646    0.1858   83.1127   12.5678
    3.5602    0.1948    4.4151    0.0000    3.1232   -6.2320   -1.8519
    0.0000    0.9991   -2.5933   -0.8976    0.0000    0.6277   -1.5653
   -0.5808   -2.0369   -0.8618    0.0000    4.2021    3.9227    2.3682
   -1.2258   -0.5473    0.0000    2.7014    2.6476    1.6029   -1.4457
   -0.4304    0.0000    0.2936   -0.9186   -0.2810   -0.7559   -0.2752
    0.0000    1.5931    1.4523    0.8858   -0.5816   -0.1801
 PARAMETER VALUES,  CYCLE NUMBER 27,  AVDEV=   0.388
   63.5217   32.0429    5.6287    1.9573   76.4956   32.2353    5.9096
    0.0017    7.1770    5.9417    5.2756   78.5396   17.3455    5.3530
    0.0699  112.6530  285.9338    4.9938    0.6065    0.0478    1.5156
    3.8290   84.5973   38.9683    5.5646    0.1858   83.1132   12.5839
    3.5585    0.1958    4.3999    0.0000    3.1258   -6.2320   -1.8519
    0.0000    0.9991   -2.5933   -0.8976    0.0000    0.6277   -1.5653
   -0.5808   -2.0369   -0.8618    0.0000    4.2021    3.9227    2.3682
   -1.2258   -0.5473    0.0000    2.7014    2.6476    1.6029   -1.4457
   -0.4304    0.0000    0.2936   -0.9186   -0.2810   -0.7559   -0.2752
    0.0000    1.5931    1.4523    0.8858   -0.5816   -0.1801
 PARAMETER VALUES,  CYCLE NUMBER 28,  AVDEV=   0.388
   63.5221   32.0494    5.6287    1.9572   76.4950   32.2403    5.9088
    0.0016    7.1831    5.9350    5.2808   78.5397   17.3468    5.3531
    0.0702  113.8495  295.9338    4.9974    0.6060    0.0449    1.5121
    3.8212   84.5972   38.9683    5.5646    0.1858   83.1135   12.5969
    3.5569    0.1968    4.3862    0.0000    3.1281   -6.2320   -1.8519
    0.0000    0.9991   -2.5933   -0.8976    0.0000    0.6277   -1.5653
   -0.5808   -2.0369   -0.8618    0.0000    4.2021    3.9227    2.3682
   -1.2258   -0.5473    0.0000    2.7014    2.6476    1.6029   -1.4457
   -0.4304    0.0000    0.2936   -0.9186   -0.2810   -0.7559   -0.2752
    0.0000    1.5931    1.4523    0.8858   -0.5816   -0.1801
 PARAMETER VALUES,  CYCLE NUMBER 29,  AVDEV=   0.388
   63.5224   32.0554    5.6287    1.9572   76.4944   32.2451    5.9081
    0.0014    7.1890    5.9287    5.2855   78.5398   17.3480    5.3532
    0.0705  115.0463  305.9337    5.0009    0.6055    0.0419    1.5090
    3.8140   84.5972   38.9683    5.5646    0.1858   83.1135   12.6074
    3.5553    0.1977    4.3738    0.0000    3.1301   -6.2320   -1.8519
    0.0000    0.9991   -2.5933   -0.8976    0.0000    0.6277   -1.5653
   -0.5808   -2.0369   -0.8618    0.0000    4.2021    3.9227    2.3682
   -1.2258   -0.5473    0.0000    2.7014    2.6476    1.6029   -1.4457
   -0.4304    0.0000    0.2936   -0.9186   -0.2810   -0.7559   -0.2752
    0.0000    1.5931    1.4523    0.8858   -0.5816   -0.1801
 PARAMETER VALUES,  CYCLE NUMBER 30,  AVDEV=   0.387
   63.5228   32.0609    5.6288    1.9572   76.4939   32.2496    5.9074
    0.0012    7.1946    5.9229    5.2899   78.5399   17.3493    5.3533
    0.0708  116.2434  315.9337    5.0042    0.6051    0.0390    1.5061
    3.8072   84.5971   38.9683    5.5646    0.1858   83.1135   12.6159
    3.5538    0.1986    4.3626    0.0000    3.1317   -6.2320   -1.8519
    0.0000    0.9991   -2.5933   -0.8976    0.0000    0.6277   -1.5653
   -0.5808   -2.0369   -0.8618    0.0000    4.2021    3.9227    2.3682
   -1.2258   -0.5473    0.0000    2.7014    2.6476    1.6029   -1.4457
   -0.4304    0.0000    0.2936   -0.9186   -0.2810   -0.7559   -0.2752
    0.0000    1.5931    1.4523    0.8858   -0.5816   -0.1801
 PARAMETER VALUES,  CYCLE NUMBER 31,  AVDEV=   0.387
   63.5231   32.0661    5.6288    1.9571   76.4935   32.2539    5.9067
    0.0010    7.1999    5.9174    5.2939   78.5400   17.3505    5.3534
    0.0710  117.4406  325.9337    5.0074    0.6047    0.0362    1.5035
    3.8008   84.5971   38.9683    5.5646    0.1858   83.1133   12.6225
    3.5524    0.1993    4.3524    0.0000    3.1332   -6.2320   -1.8519
    0.0000    0.9991   -2.5933   -0.8976    0.0000    0.6277   -1.5653
   -0.5808   -2.0369   -0.8618    0.0000    4.2021    3.9227    2.3682
   -1.2258   -0.5473    0.0000    2.7014    2.6476    1.6029   -1.4457
   -0.4304    0.0000    0.2936   -0.9186   -0.2810   -0.7559   -0.2752
    0.0000    1.5931    1.4523    0.8858   -0.5816   -0.1801
 PARAMETER VALUES,  CYCLE NUMBER 32,  AVDEV=   0.387
   63.5233   32.0709    5.6288    1.9571   76.4930   32.2580    5.9061
    0.0009    7.2049    5.9123    5.2977   78.5401   17.3517    5.3534
    0.0712  118.6380  335.9337    5.0104    0.6043    0.0333    1.5011
    3.7948   84.5970   38.9683    5.5646    0.1858   83.1131   12.6278
    3.5511    0.2001    4.3430    0.0000    3.1345   -6.2320   -1.8519
    0.0000    0.9991   -2.5933   -0.8976    0.0000    0.6277   -1.5653
   -0.5808   -2.0369   -0.8618    0.0000    4.2021    3.9227    2.3682
   -1.2258   -0.5473    0.0000    2.7014    2.6476    1.6029   -1.4457
   -0.4304    0.0000    0.2936   -0.9186   -0.2810   -0.7559   -0.2752
    0.0000    1.5931    1.4523    0.8858   -0.5816   -0.1801
 PARAMETER VALUES,  CYCLE NUMBER 33,  AVDEV=   0.387
   63.5236   32.0754    5.6288    1.9570   76.4926   32.2618    5.9055
    0.0007    7.2096    5.9075    5.3012   78.5402   17.3529    5.3535
    0.0713  119.8356  345.9337    5.0134    0.6040    0.0306    1.4989
    3.7890   84.5970   38.9683    5.5646    0.1858   83.1127   12.6318
    3.5498    0.2008    4.3344    0.0000    3.1357   -6.2320   -1.8519
    0.0000    0.9991   -2.5933   -0.8976    0.0000    0.6277   -1.5653
   -0.5808   -2.0369   -0.8618    0.0000    4.2021    3.9227    2.3682
   -1.2258   -0.5473    0.0000    2.7014    2.6476    1.6029   -1.4457
   -0.4304    0.0000    0.2936   -0.9186   -0.2810   -0.7559   -0.2752
    0.0000    1.5931    1.4523    0.8858   -0.5816   -0.1801
 PARAMETER VALUES,  CYCLE NUMBER 34,  AVDEV=   0.387
   63.5239   32.0796    5.6289    1.9570   76.4922   32.2654    5.9050
    0.0006    7.2141    5.9030    5.3045   78.5403   17.3541    5.3535
    0.0715  121.0334  355.9337    5.0162    0.6037    0.0279    1.4969
    3.7836   84.5969   38.9683    5.5646    0.1858   83.1123   12.6349
    3.5485    0.2014    4.3265    0.0000    3.1367   -6.2320   -1.8519
    0.0000    0.9991   -2.5933   -0.8976    0.0000    0.6277   -1.5653
   -0.5808   -2.0369   -0.8618    0.0000    4.2021    3.9227    2.3682
   -1.2258   -0.5473    0.0000    2.7014    2.6476    1.6029   -1.4457
   -0.4304    0.0000    0.2936   -0.9186   -0.2810   -0.7559   -0.2752
    0.0000    1.5931    1.4523    0.8858   -0.5816   -0.1801
 PARAMETER VALUES,  CYCLE NUMBER 35,  AVDEV=   0.387
   63.5241   32.0835    5.6289    1.9569   76.4919   32.2688    5.9045
    0.0005    7.2184    5.8988    5.3076   78.5404   17.3552    5.3535
    0.0716  122.2313  365.9337    5.0189    0.6034    0.0253    1.4950
    3.7784   84.5969   38.9683    5.5646    0.1858   83.1119   12.6371
    3.5473    0.2021    4.3192    0.0000    3.1377   -6.2320   -1.8519
    0.0000    0.9991   -2.5933   -0.8976    0.0000    0.6277   -1.5653
   -0.5808   -2.0369   -0.8618    0.0000    4.2021    3.9227    2.3682
   -1.2258   -0.5473    0.0000    2.7014    2.6476    1.6029   -1.4457
   -0.4304    0.0000    0.2936   -0.9186   -0.2810   -0.7559   -0.2752
    0.0000    1.5931    1.4523    0.8858   -0.5816   -0.1801
 PARAMETER VALUES,  CYCLE NUMBER 36,  AVDEV=   0.387
   63.5243   32.0872    5.6289    1.9569   76.4915   32.2720    5.9040
    0.0003    7.2225    5.8948    5.3106   78.5404   17.3563    5.3535
    0.0717  123.4293  375.9337    5.0215    0.6031    0.0227    1.4932
    3.7735   84.5968   38.9683    5.5646    0.1858   83.1114   12.6387
    3.5462    0.2026    4.3124    0.0000    3.1385   -6.2320   -1.8519
    0.0000    0.9991   -2.5933   -0.8976    0.0000    0.6277   -1.5653
   -0.5808   -2.0369   -0.8618    0.0000    4.2021    3.9227    2.3682
   -1.2258   -0.5473    0.0000    2.7014    2.6476    1.6029   -1.4457
   -0.4304    0.0000    0.2936   -0.9186   -0.2810   -0.7559   -0.2752
    0.0000    1.5931    1.4523    0.8858   -0.5816   -0.1801
 PARAMETER VALUES,  CYCLE NUMBER 37,  AVDEV=   0.387
   63.5245   32.0907    5.6289    1.9569   76.4912   32.2751    5.9035
    0.0002    7.2264    5.8910    5.3133   78.5405   17.3574    5.3536
    0.0718  124.6274  385.9337    5.0240    0.6029    0.0202    1.4915
    3.7688   84.5968   38.9683    5.5646    0.1858   83.1109   12.6397
    3.5451    0.2032    4.3060    0.0000    3.1393   -6.2320   -1.8519
    0.0000    0.9991   -2.5933   -0.8976    0.0000    0.6277   -1.5653
   -0.5808   -2.0369   -0.8618    0.0000    4.2021    3.9227    2.3682
   -1.2258   -0.5473    0.0000    2.7014    2.6476    1.6029   -1.4457
   -0.4304    0.0000    0.2936   -0.9186   -0.2810   -0.7559   -0.2752
    0.0000    1.5931    1.4523    0.8858   -0.5816   -0.1801
 PARAMETER VALUES,  CYCLE NUMBER 38,  AVDEV=   0.386
   63.5247   32.0940    5.6290    1.9568   76.4909   32.2780    5.9031
    0.0001    7.2301    5.8874    5.3160   78.5405   17.3584    5.3536
    0.0719  125.8257  395.9337    5.0264    0.6026    0.0177    1.4899
    3.7643   84.5967   38.9683    5.5646    0.1858   83.1104   12.6402
    3.5441    0.2037    4.3001    0.0000    3.1400   -6.2320   -1.8519
    0.0000    0.9991   -2.5933   -0.8976    0.0000    0.6277   -1.5653
   -0.5808   -2.0369   -0.8618    0.0000    4.2021    3.9227    2.3682
   -1.2258   -0.5473    0.0000    2.7014    2.6476    1.6029   -1.4457
   -0.4304    0.0000    0.2936   -0.9186   -0.2810   -0.7559   -0.2752
    0.0000    1.5931    1.4523    0.8858   -0.5816   -0.1801
 PARAMETER VALUES,  CYCLE NUMBER 39,  AVDEV=   0.386
   63.5248   32.0971    5.6290    1.9568   76.4906   32.2807    5.9027
    0.0000    7.2336    5.8840    5.3184   78.5406   17.3594    5.3536
    0.0720  127.0240  405.9336    5.0287    0.6024    0.0154    1.4884
    3.7601   84.5967   38.9683    5.5646    0.1858   83.1099   12.6404
    3.5431    0.2042    4.2946    0.0000    3.1406   -6.2320   -1.8519
    0.0000    0.9991   -2.5933   -0.8976    0.0000    0.6277   -1.5653
   -0.5808   -2.0369   -0.8618    0.0000    4.2021    3.9227    2.3682
   -1.2258   -0.5473    0.0000    2.7014    2.6476    1.6029   -1.4457
   -0.4304    0.0000    0.2936   -0.9186   -0.2810   -0.7559   -0.2752
    0.0000    1.5931    1.4523    0.8858   -0.5816   -0.1801
 PARAMETER VALUES,  CYCLE NUMBER 40,  AVDEV=   0.386
   63.5250   32.1001    5.6290    1.9567   76.4903   32.2833    5.9023
    0.0000    7.2369    5.8808    5.3208   78.5406   17.3604    5.3536
    0.0721  128.2224  415.9336    5.0310    0.6022    0.0131    1.4870
    3.7559   84.5967   38.9683    5.5646    0.1858   83.1094   12.6402
    3.5422    0.2047    4.2894    0.0000    3.1412   -6.2320   -1.8519
    0.0000    0.9991   -2.5933   -0.8976    0.0000    0.6277   -1.5653
   -0.5808   -2.0369   -0.8618    0.0000    4.2021    3.9227    2.3682
   -1.2258   -0.5473    0.0000    2.7014    2.6476    1.6029   -1.4457
   -0.4304    0.0000    0.2936   -0.9186   -0.2810   -0.7559   -0.2752
    0.0000    1.5931    1.4523    0.8858   -0.5816   -0.1801
 PARAMETER VALUES FOR RCG INPUT
I I   5s25p46s         63.5250  32.1001    5.6290    1.9567
I I   5s25p45d         76.4903  32.2833    5.9023    0.0000    7.2369 LS99999999
   5.8808    5.3208
I I   5s25p47s         78.5406  17.3604    5.3536    0.0721
I I   5s25p46d        128.2224 415.9336    5.0310    0.6022    0.0131 LS99999999
   1.4870    3.7559
I I   5s25p48s         84.5967  38.9683    5.5646    0.1858
I I   5s25p47d         83.1094  12.6402    3.5422    0.2047    4.2894 LS99999999
   0.0000    3.1412
5s25p46s-5s25p45d     -6.2320   -1.8519
5s25p46s-5s25p47s      0.0000    0.9991
5s25p46s-5s25p46d     -2.5933   -0.8976
5s25p46s-5s25p48s      0.0000    0.6277
5s25p46s-5s25p47d     -1.5653   -0.5808
5s25p45d-5s25p47s     -2.0369   -0.8618
5s25p45d-5s25p46d      0.0000    4.2021    3.9227    2.3682
5s25p45d-5s25p48s     -1.2258   -0.5473
5s25p45d-5s25p47d      0.0000    2.7014    2.6476    1.6029
5s25p47s-5s25p46d     -1.4457   -0.4304
5s25p47s-5s25p48s      0.0000    0.2936
5s25p47s-5s25p47d     -0.9186   -0.2810
5s25p46d-5s25p48s     -0.7559   -0.2752
5s25p46d-5s25p47d      0.0000    1.5931    1.4523    0.8858
5s25p48s-5s25p47d     -0.5816   -0.1801

