Sn I      5s25p2    5s25p6p   5s25p7p   5s25p4f   5s25p5f 
 PARAMETER VALUES,  CYCLE NUMBER  0,  AVDEV=   0.801
    5.3958   27.6304    2.1089   46.0476    2.6411    0.2019    4.2338
    1.4029    1.3344   53.6858    2.6552    0.0692    1.3225    0.4225
    0.4241   55.3956    2.6626    0.0001    0.8047    0.0649    0.0422
   56.9416    2.6631    0.0000    0.4165    0.0503    0.0327    0.9522
    4.0726    0.5060    2.1338   -1.1984   -1.0628    0.0000    1.9138
    0.7682    0.7499    1.1702   -0.0587    0.8610   -0.0559    0.1634
   -0.0228    0.3021   -0.0224    0.0000    0.4788    0.0572    0.0372
 PARAMETER VALUES,  CYCLE NUMBER  1,  AVDEV=   0.646
    5.4704   26.0861    2.1179   46.0562    2.7134    0.1975    3.8661
    1.1482    0.7227   53.7454    2.7594    0.0601    1.0578    0.3301
    0.1004   55.3540    2.2907    0.0225    1.5540    1.3129    0.0000
   57.0191    2.7533    0.0000    6.3938    1.5545   10.0323    0.9522
    4.0726    0.5060    2.1338   -1.1984   -1.0628    0.0000    1.9138
    0.7682    0.7499    1.1702   -0.0587    0.8610   -0.0559    0.1634
   -0.0228    0.3021   -0.0224    0.0000    0.4788    0.0572    0.0372
 PARAMETER VALUES,  CYCLE NUMBER  2,  AVDEV=   0.624
    5.4883   25.7109    2.1191   46.0590    2.7259    0.2023    3.7555
    1.0863    0.5877   53.7600    2.7856    0.0592    0.9856    0.3045
    0.0149   55.3400    2.1900    0.0297    1.6849    1.5766    0.0000
   57.4828    2.7122    0.0000   15.2964    6.7686   20.0321    0.9522
    4.0726    0.5060    2.1338   -1.1984   -1.0628    0.0000    1.9138
    0.7682    0.7499    1.1702   -0.0587    0.8610   -0.0559    0.1634
   -0.0228    0.3021   -0.0224    0.0000    0.4788    0.0572    0.0372
 PARAMETER VALUES,  CYCLE NUMBER  3,  AVDEV=   0.581
    5.5009   25.4480    2.1198   46.0613    2.7340    0.2062    3.6787
    1.0435    0.4977   53.7701    2.8038    0.0588    0.9342    0.2859
    0.0000   55.3131    2.1477    0.0203    1.9627    1.7262    0.0000
   57.0931    2.3287    0.0574   11.6556    2.4361   10.0323    0.9522
    4.0726    0.5060    2.1338   -1.1984   -1.0628    0.0000    1.9138
    0.7682    0.7499    1.1702   -0.0587    0.8610   -0.0559    0.1634
   -0.0228    0.3021   -0.0224    0.0000    0.4788    0.0572    0.0372
 PARAMETER VALUES,  CYCLE NUMBER  4,  AVDEV=   0.557
    5.5111   25.2346    2.1203   46.0633    2.7403    0.2098    3.6174
    1.0092    0.4276   53.7783    2.8187    0.0588    0.8918    0.2704
    0.0000   55.3081    2.0868    0.0272    1.9817    1.8940    0.0000
   56.7625    2.1937    0.0965    6.7983    0.0000    0.0324    0.9522
    4.0726    0.5060    2.1338   -1.1984   -1.0628    0.0000    1.9138
    0.7682    0.7499    1.1702   -0.0587    0.8610   -0.0559    0.1634
   -0.0228    0.3021   -0.0224    0.0000    0.4788    0.0572    0.0372
 PARAMETER VALUES,  CYCLE NUMBER  5,  AVDEV=   0.498
    5.5226   24.9932    2.1207   46.0653    2.7470    0.2141    3.5475
    0.9705    0.3480   53.7877    2.8356    0.0591    0.8430    0.2529
    0.0000   55.3025    2.0158    0.0359    2.0035    2.0904    0.0000
   57.0365    1.9359    0.0240    9.2733    0.0000    0.0000    0.9522
    4.0726    0.5060    2.1338   -1.1984   -1.0628    0.0000    1.9138
    0.7682    0.7499    1.1702   -0.0587    0.8610   -0.0559    0.1634
   -0.0228    0.3021   -0.0224    0.0000    0.4788    0.0572    0.0372
 PARAMETER VALUES,  CYCLE NUMBER  6,  AVDEV=   0.510
    5.5329   24.7758    2.1209   46.0671    2.7526    0.2182    3.4844
    0.9357    0.2777   53.7962    2.8509    0.0595    0.7975    0.2368
    0.0000   55.2975    1.9500    0.0441    2.0298    2.2767    0.0000
   57.3036    1.3203    0.0000   13.3973    0.0000    0.0000    0.9522
    4.0726    0.5060    2.1338   -1.1984   -1.0628    0.0000    1.9138
    0.7682    0.7499    1.1702   -0.0587    0.8610   -0.0559    0.1634
   -0.0228    0.3021   -0.0224    0.0000    0.4788    0.0572    0.0372
 PARAMETER VALUES,  CYCLE NUMBER  7,  AVDEV=   0.759
    5.5616   24.1673    2.1210   46.0743    2.7682    0.2308    3.3195
    0.8384    0.0993   53.8199    2.8940    0.0620    0.6684    0.1902
    0.0000   55.2824    1.7653    0.0691    2.0854    2.8148    0.0000
   57.6924    3.9885    0.0000   10.9330    3.6960    0.0000    0.9522
    4.0726    0.5060    2.1338   -1.1984   -1.0628    0.0000    1.9138
    0.7682    0.7499    1.1702   -0.0587    0.8610   -0.0559    0.1634
   -0.0228    0.3021   -0.0224    0.0000    0.4788    0.0572    0.0372
 PARAMETER VALUES,  CYCLE NUMBER  8,  AVDEV=   0.672
    5.5644   24.1056    2.1205   46.0750    2.7690    0.2326    3.3095
    0.8294    0.0882   53.8226    2.8987    0.0633    0.6518    0.1847
    0.0000   55.2729    1.7605    0.0824    2.0145    2.9816    0.0000
   57.7974    3.2969    0.0000   13.4076    1.9825    0.0000    0.9522
    4.0726    0.5060    2.1338   -1.1984   -1.0628    0.0000    1.9138
    0.7682    0.7499    1.1702   -0.0587    0.8610   -0.0559    0.1634
   -0.0228    0.3021   -0.0224    0.0000    0.4788    0.0572    0.0372
 PARAMETER VALUES,  CYCLE NUMBER  9,  AVDEV=   0.667
    5.5697   23.9877    2.1196   46.0771    2.7707    0.2361    3.2947
    0.8119    0.0727   53.8279    2.9081    0.0655    0.6208    0.1737
    0.0000   55.2559    1.7424    0.0852    2.1643    3.0629    0.0000
   57.7050    1.0783    0.0000   18.0291    0.0000    0.0000    0.9522
    4.0726    0.5060    2.1338   -1.1984   -1.0628    0.0000    1.9138
    0.7682    0.7499    1.1702   -0.0587    0.8610   -0.0559    0.1634
   -0.0228    0.3021   -0.0224    0.0000    0.4788    0.0572    0.0372
 PARAMETER VALUES,  CYCLE NUMBER 10,  AVDEV=   0.556
    5.5709   23.9588    2.1192   46.0783    2.7714    0.2373    3.2955
    0.8073    0.0750   53.8292    2.9105    0.0661    0.6146    0.1704
    0.0000   55.2453    1.7504    0.0749    2.2674    3.0885    0.0000
   57.3659    2.0053    0.0000   12.4188    0.5215    9.9996    0.9522
    4.0726    0.5060    2.1338   -1.1984   -1.0628    0.0000    1.9138
    0.7682    0.7499    1.1702   -0.0587    0.8610   -0.0559    0.1634
   -0.0228    0.3021   -0.0224    0.0000    0.4788    0.0572    0.0372
 PARAMETER VALUES,  CYCLE NUMBER 11,  AVDEV=   0.658
    5.5718   23.9401    2.1190   46.0793    2.7720    0.2381    3.2992
    0.8049    0.0794   53.8300    2.9119    0.0668    0.6115    0.1679
    0.0000   55.2626    1.7181    0.0834    2.0775    3.1730    0.0000
   57.0305    3.3236    0.0522    3.5540    0.0000    0.0001    0.9522
    4.0726    0.5060    2.1338   -1.1984   -1.0628    0.0000    1.9138
    0.7682    0.7499    1.1702   -0.0587    0.8610   -0.0559    0.1634
   -0.0228    0.3021   -0.0224    0.0000    0.4788    0.0572    0.0372
 PARAMETER VALUES,  CYCLE NUMBER 12,  AVDEV=   0.560
    5.5723   23.9270    2.1187   46.0787    2.7717    0.2384    3.2941
    0.8029    0.0719   53.8307    2.9129    0.0674    0.6085    0.1669
    0.0000   55.2613    1.6977    0.0816    2.2032    3.2570    0.0000
   57.4022    2.5336    0.0000   13.5534    1.4393    0.0000    0.9522
    4.0726    0.5060    2.1338   -1.1984   -1.0628    0.0000    1.9138
    0.7682    0.7499    1.1702   -0.0587    0.8610   -0.0559    0.1634
   -0.0228    0.3021   -0.0224    0.0000    0.4788    0.0572    0.0372
 PARAMETER VALUES,  CYCLE NUMBER 13,  AVDEV=   0.704
    5.5725   23.9234    2.1186   46.0785    2.7715    0.2384    3.2936
    0.8025    0.0707   53.8310    2.9133    0.0672    0.6085    0.1665
    0.0000   55.2578    1.7085    0.0878    2.1360    3.2342    0.0000
   57.4169    0.2697    0.0000   18.4603    0.0000    0.0000    0.9522
    4.0726    0.5060    2.1338   -1.1984   -1.0628    0.0000    1.9138
    0.7682    0.7499    1.1702   -0.0587    0.8610   -0.0559    0.1634
   -0.0228    0.3021   -0.0224    0.0000    0.4788    0.0572    0.0372
 PARAMETER VALUES,  CYCLE NUMBER 14,  AVDEV=   0.546
    5.5725   23.9215    2.1185   46.0792    2.7719    0.2388    3.2941
    0.8017    0.0732   53.8311    2.9135    0.0673    0.6084    0.1660
    0.0000   55.1880    1.8662    0.0862    2.3566    2.8217    0.0000
   57.2870    1.6324    0.0000   12.0137    0.6564    9.9994    0.9522
    4.0726    0.5060    2.1338   -1.1984   -1.0628    0.0000    1.9138
    0.7682    0.7499    1.1702   -0.0587    0.8610   -0.0559    0.1634
   -0.0228    0.3021   -0.0224    0.0000    0.4788    0.0572    0.0372
 PARAMETER VALUES,  CYCLE NUMBER 15,  AVDEV=   0.510
    5.5726   23.9204    2.1186   46.0796    2.7721    0.2388    3.2995
    0.8021    0.0788   53.8310    2.9135    0.0675    0.6089    0.1655
    0.0000   55.2352    1.7743    0.0864    2.1554    2.9983    0.0000
   57.0679    2.4393    0.0000    7.1943    0.4949    2.3272    0.9522
    4.0726    0.5060    2.1338   -1.1984   -1.0628    0.0000    1.9138
    0.7682    0.7499    1.1702   -0.0587    0.8610   -0.0559    0.1634
   -0.0228    0.3021   -0.0224    0.0000    0.4788    0.0572    0.0372
 PARAMETER VALUES,  CYCLE NUMBER 16,  AVDEV=   0.592
    5.5726   23.9198    2.1185   46.0790    2.7717    0.2387    3.2960
    0.8019    0.0738   53.8313    2.9138    0.0677    0.6077    0.1659
    0.0000   55.2797    1.6576    0.0915    2.0782    3.3052    0.0000
   57.2817    0.7683    0.0000   16.3909    0.0000    0.0000    0.9522
    4.0726    0.5060    2.1338   -1.1984   -1.0628    0.0000    1.9138
    0.7682    0.7499    1.1702   -0.0587    0.8610   -0.0559    0.1634
   -0.0228    0.3021   -0.0224    0.0000    0.4788    0.0572    0.0372
 PARAMETER VALUES,  CYCLE NUMBER 17,  AVDEV=   0.557
    5.5725   23.9198    2.1185   46.0794    2.7719    0.2388    3.2967
    0.8015    0.0758   53.8313    2.9138    0.0675    0.6081    0.1657
    0.0000   55.2368    1.7431    0.0660    2.4102    3.1604    0.0000
   57.1037    1.3437    0.0000   12.4244    0.0434    9.9997    0.9522
    4.0726    0.5060    2.1338   -1.1984   -1.0628    0.0000    1.9138
    0.7682    0.7499    1.1702   -0.0587    0.8610   -0.0559    0.1634
   -0.0228    0.3021   -0.0224    0.0000    0.4788    0.0572    0.0372
 PARAMETER VALUES,  CYCLE NUMBER 18,  AVDEV=   0.574
    5.5726   23.9196    2.1185   46.0798    2.7722    0.2389    3.3013
    0.8019    0.0806   53.8310    2.9136    0.0677    0.6095    0.1652
    0.0000   55.2687    1.7042    0.0869    1.9563    3.2386    0.0000
   57.1899    3.0071    0.0000    7.7139    1.8644    4.0425    0.9522
    4.0726    0.5060    2.1338   -1.1984   -1.0628    0.0000    1.9138
    0.7682    0.7499    1.1702   -0.0587    0.8610   -0.0559    0.1634
   -0.0228    0.3021   -0.0224    0.0000    0.4788    0.0572    0.0372
 PARAMETER VALUES,  CYCLE NUMBER 19,  AVDEV=   0.534
    5.5726   23.9197    2.1186   46.0789    2.7716    0.2386    3.2961
    0.8021    0.0734   53.8313    2.9137    0.0679    0.6076    0.1658
    0.0000   55.2507    1.6895    0.0714    2.4952    3.3539    0.0000
   57.1343    0.6525    0.0000   14.4509    0.0000    0.0000    0.9522
    4.0726    0.5060    2.1338   -1.1984   -1.0628    0.0000    1.9138
    0.7682    0.7499    1.1702   -0.0587    0.8610   -0.0559    0.1634
   -0.0228    0.3021   -0.0224    0.0000    0.4788    0.0572    0.0372
 PARAMETER VALUES,  CYCLE NUMBER 20,  AVDEV=   0.569
    5.5725   23.9198    2.1185   46.0796    2.7720    0.2388    3.2979
    0.8017    0.0772   53.8311    2.9137    0.0674    0.6094    0.1655
    0.0000   55.2725    1.6885    0.0912    1.9342    3.3419    0.0000
   57.1158    2.3218    0.0000    9.8971    1.0427    9.9993    0.9522
    4.0726    0.5060    2.1338   -1.1984   -1.0628    0.0000    1.9138
    0.7682    0.7499    1.1702   -0.0587    0.8610   -0.0559    0.1634
   -0.0228    0.3021   -0.0224    0.0000    0.4788    0.0572    0.0372
 PARAMETER VALUES,  CYCLE NUMBER 21,  AVDEV=   0.816
    5.5725   23.9200    2.1184   46.0788    2.7715    0.2386    3.2935
    0.8015    0.0712   53.8313    2.9138    0.0672    0.6084    0.1660
    0.0000   55.2460    1.7117    0.0698    2.3853    3.3271    0.0000
   57.4388    0.0906    0.0000   19.8966    0.0000   10.8554    0.9522
    4.0726    0.5060    2.1338   -1.1984   -1.0628    0.0000    1.9138
    0.7682    0.7499    1.1702   -0.0587    0.8610   -0.0559    0.1634
   -0.0228    0.3021   -0.0224    0.0000    0.4788    0.0572    0.0372
 PARAMETER VALUES,  CYCLE NUMBER 22,  AVDEV=   0.633
    5.5724   23.9200    2.1184   46.0792    2.7718    0.2387    3.2967
    0.8015    0.0750   53.8311    2.9138    0.0674    0.6085    0.1658
    0.0000   55.2619    1.7023    0.0880    2.0528    3.3062    0.0000
   58.0118    2.3816    0.0000   21.8575    7.8461   20.8547    0.9522
    4.0726    0.5060    2.1338   -1.1984   -1.0628    0.0000    1.9138
    0.7682    0.7499    1.1702   -0.0587    0.8610   -0.0559    0.1634
   -0.0228    0.3021   -0.0224    0.0000    0.4788    0.0572    0.0372
 PARAMETER VALUES,  CYCLE NUMBER 23,  AVDEV=   0.596
    5.5725   23.9199    2.1184   46.0793    2.7719    0.2388    3.2976
    0.8016    0.0761   53.8311    2.9138    0.0674    0.6084    0.1657
    0.0000   55.2625    1.6999    0.0899    2.0574    3.3052    0.0000
   57.5223    2.5192    0.0084   15.6794    3.2534   10.8549    0.9522
    4.0726    0.5060    2.1338   -1.1984   -1.0628    0.0000    1.9138
    0.7682    0.7499    1.1702   -0.0587    0.8610   -0.0559    0.1634
   -0.0228    0.3021   -0.0224    0.0000    0.4788    0.0572    0.0372
 PARAMETER VALUES,  CYCLE NUMBER 24,  AVDEV=   0.626
    5.5726   23.9197    2.1185   46.0796    2.7721    0.2389    3.2992
    0.8019    0.0782   53.8311    2.9137    0.0676    0.6085    0.1655
    0.0000   55.2584    1.7114    0.0975    2.0401    3.2472    0.0000
   57.1497    3.2781    0.0501    7.6053    0.6447    0.8551    0.9522
    4.0726    0.5060    2.1338   -1.1984   -1.0628    0.0000    1.9138
    0.7682    0.7499    1.1702   -0.0587    0.8610   -0.0559    0.1634
   -0.0228    0.3021   -0.0224    0.0000    0.4788    0.0572    0.0372
 PARAMETER VALUES,  CYCLE NUMBER 25,  AVDEV=   0.617
    5.5726   23.9198    2.1185   46.0787    2.7716    0.2387    3.2942
    0.8018    0.0714   53.8312    2.9136    0.0677    0.6085    0.1659
    0.0000   55.2689    1.6657    0.0952    2.2018    3.3548    0.0000
   57.3978    1.2671    0.0000   17.1623    0.0000    0.0000    0.9522
    4.0726    0.5060    2.1338   -1.1984   -1.0628    0.0000    1.9138
    0.7682    0.7499    1.1702   -0.0587    0.8610   -0.0559    0.1634
   -0.0228    0.3021   -0.0224    0.0000    0.4788    0.0572    0.0372
 PARAMETER VALUES,  CYCLE NUMBER 26,  AVDEV=   0.630
    5.5725   23.9198    2.1185   46.0795    2.7721    0.2390    3.2952
    0.8015    0.0747   53.8311    2.9136    0.0674    0.6092    0.1656
    0.0000   55.2304    1.7775    0.1246    2.0359    2.9839    0.0000
   57.3188    3.1398    0.0000    8.3130    1.8581    9.2581    0.9522
    4.0726    0.5060    2.1338   -1.1984   -1.0628    0.0000    1.9138
    0.7682    0.7499    1.1702   -0.0587    0.8610   -0.0559    0.1634
   -0.0228    0.3021   -0.0224    0.0000    0.4788    0.0572    0.0372
 PARAMETER VALUES,  CYCLE NUMBER 27,  AVDEV=   0.630
    5.5725   23.9199    2.1184   46.0790    2.7717    0.2387    3.2953
    0.8016    0.0734   53.8312    2.9138    0.0675    0.6082    0.1659
    0.0000   55.2565    1.6990    0.1018    2.2161    3.2169    0.0000
   57.5007    1.6729    0.0000   18.3124    2.3658   10.9580    0.9522
    4.0726    0.5060    2.1338   -1.1984   -1.0628    0.0000    1.9138
    0.7682    0.7499    1.1702   -0.0587    0.8610   -0.0559    0.1634
   -0.0228    0.3021   -0.0224    0.0000    0.4788    0.0572    0.0372
 PARAMETER VALUES,  CYCLE NUMBER 28,  AVDEV=   0.564
    5.5725   23.9198    2.1185   46.0794    2.7720    0.2389    3.2977
    0.8017    0.0765   53.8311    2.9137    0.0676    0.6087    0.1656
    0.0000   55.2556    1.7080    0.1052    2.1297    3.1923    0.0000
   57.4105    2.8099    0.0000   11.9426    2.5974    6.4537    0.9522
    4.0726    0.5060    2.1338   -1.1984   -1.0628    0.0000    1.9138
    0.7682    0.7499    1.1702   -0.0587    0.8610   -0.0559    0.1634
   -0.0228    0.3021   -0.0224    0.0000    0.4788    0.0572    0.0372
 PARAMETER VALUES,  CYCLE NUMBER 29,  AVDEV=   0.886
    5.5725   23.9199    2.1185   46.0786    2.7713    0.2385    3.2941
    0.8018    0.0711   53.8313    2.9138    0.0673    0.6081    0.1660
    0.0000   55.2617    1.6742    0.0755    2.3294    3.3790    0.0000
   57.1735    0.0000    0.0000   21.9414    0.0000    1.0676    0.9522
    4.0726    0.5060    2.1338   -1.1984   -1.0628    0.0000    1.9138
    0.7682    0.7499    1.1702   -0.0587    0.8610   -0.0559    0.1634
   -0.0228    0.3021   -0.0224    0.0000    0.4788    0.0572    0.0372
 PARAMETER VALUES,  CYCLE NUMBER 30,  AVDEV=   0.675
    5.5726   23.9197    2.1186   46.0787    2.7714    0.2385    3.2952
    0.8020    0.0723   53.8314    2.9138    0.0674    0.6079    0.1659
    0.0000   55.2620    1.6744    0.0756    2.3319    3.3834    0.0036
   56.6178    0.0022    0.0000   16.3781    0.0000    0.0000    0.9522
    4.0726    0.5060    2.1338   -1.1984   -1.0628    0.0000    1.9138
    0.7682    0.7499    1.1702   -0.0587    0.8610   -0.0559    0.1634
   -0.0228    0.3021   -0.0224    0.0000    0.4788    0.0572    0.0372
 PARAMETER VALUES,  CYCLE NUMBER 31,  AVDEV=   0.580
    5.5725   23.9198    2.1185   46.0794    2.7720    0.2388    3.2975
    0.8017    0.0763   53.8311    2.9137    0.0672    0.6095    0.1655
    0.0000   55.2706    1.6936    0.1043    1.8094    3.3432    0.0000
   57.5554    2.8603    0.0000   13.3298    3.3943    8.1431    0.9522
    4.0726    0.5060    2.1338   -1.1984   -1.0628    0.0000    1.9138
    0.7682    0.7499    1.1702   -0.0587    0.8610   -0.0559    0.1634
   -0.0228    0.3021   -0.0224    0.0000    0.4788    0.0572    0.0372
 PARAMETER VALUES,  CYCLE NUMBER 32,  AVDEV=   0.968
    5.5725   23.9200    2.1184   46.0788    2.7715    0.2386    3.2945
    0.8016    0.0720   53.8313    2.9138    0.0673    0.6080    0.1659
    0.0000   55.2666    1.6668    0.0961    2.1892    3.4177    0.0000
   57.5412    0.0000    0.0000   23.3291    0.0000   10.6129    0.9522
    4.0726    0.5060    2.1338   -1.1984   -1.0628    0.0000    1.9138
    0.7682    0.7499    1.1702   -0.0587    0.8610   -0.0559    0.1634
   -0.0228    0.3021   -0.0224    0.0000    0.4788    0.0572    0.0372
 PARAMETER VALUES,  CYCLE NUMBER 33,  AVDEV=   0.700
    5.5726   23.9198    2.1185   46.0789    2.7715    0.2386    3.2953
    0.8017    0.0729   53.8313    2.9138    0.0674    0.6078    0.1659
    0.0000   55.2667    1.6669    0.0961    2.1904    3.4195    0.0006
   56.9855    0.0027    0.0000   17.7671    0.0000    0.6129    0.9522
    4.0726    0.5060    2.1338   -1.1984   -1.0628    0.0000    1.9138
    0.7682    0.7499    1.1702   -0.0587    0.8610   -0.0559    0.1634
   -0.0228    0.3021   -0.0224    0.0000    0.4788    0.0572    0.0372
 PARAMETER VALUES,  CYCLE NUMBER 34,  AVDEV=   1.144
    5.5726   23.9196    2.1186   46.0796    2.7721    0.2390    3.2992
    0.8019    0.0782   53.8312    2.9137    0.0675    0.6088    0.1655
    0.0000   55.2637    1.6921    0.1097    1.9708    3.3377    0.0000
   56.9446    3.7860    0.0000    8.3374    0.0000    0.7856    0.9522
    4.0726    0.5060    2.1338   -1.1984   -1.0628    0.0000    1.9138
    0.7682    0.7499    1.1702   -0.0587    0.8610   -0.0559    0.1634
   -0.0228    0.3021   -0.0224    0.0000    0.4788    0.0572    0.0372
 PARAMETER VALUES,  CYCLE NUMBER 35,  AVDEV=   0.896
    5.5725   23.9198    2.1185   46.0795    2.7718    0.2388    3.2966
    0.8014    0.0759   53.8312    2.9138    0.0673    0.6083    0.1657
    0.0000   55.2686    1.6692    0.1043    2.0789    3.4168    0.0000
   56.6519    1.6004    0.1073   11.8874    0.0000   10.7046    0.9522
    4.0726    0.5060    2.1338   -1.1984   -1.0628    0.0000    1.9138
    0.7682    0.7499    1.1702   -0.0587    0.8610   -0.0559    0.1634
   -0.0228    0.3021   -0.0224    0.0000    0.4788    0.0572    0.0372
 PARAMETER VALUES,  CYCLE NUMBER 36,  AVDEV=   1.031
    5.5726   23.9197    2.1185   46.0804    2.7724    0.2391    3.2982
    0.8010    0.0803   53.8316    2.9142    0.0672    0.6066    0.1655
    0.0000   55.2725    1.6665    0.1027    2.1757    3.4382    0.0000
   56.3204    2.7096    0.1080    1.8876    0.0000   16.2217    0.9522
    4.0726    0.5060    2.1338   -1.1984   -1.0628    0.0000    1.9138
    0.7682    0.7499    1.1702   -0.0587    0.8610   -0.0559    0.1634
   -0.0228    0.3021   -0.0224    0.0000    0.4788    0.0572    0.0372
 PARAMETER VALUES,  CYCLE NUMBER 37,  AVDEV=   0.644
    5.5717   23.9046    2.1193   46.1020    2.7720    0.2313    4.0704
    0.8617    0.7846   54.0289    3.1161    0.2256    0.0000    0.0000
    0.0242   55.0750    2.0396    0.0000    4.2212    2.8705    1.3148
   56.1022    0.0000    0.0000    5.4978    0.0000   16.4379    0.9522
    4.0726    0.5060    2.1338   -1.1984   -1.0628    0.0000    1.9138
    0.7682    0.7499    1.1702   -0.0587    0.8610   -0.0559    0.1634
   -0.0228    0.3021   -0.0224    0.0000    0.4788    0.0572    0.0372
 PARAMETER VALUES,  CYCLE NUMBER 38,  AVDEV=   0.759
    5.5732   23.9313    2.1179   46.0582    2.7781    0.2556    2.6542
    0.7398    0.0000   53.6908    2.7516    0.0000    1.5245    0.3433
    0.0000   55.3983    1.6295    0.1866    0.1159    2.7388    0.0000
   56.0364    2.4367    0.3468    5.1504    0.0000    8.2098    0.9522
    4.0726    0.5060    2.1338   -1.1984   -1.0628    0.0000    1.9138
    0.7682    0.7499    1.1702   -0.0587    0.8610   -0.0559    0.1634
   -0.0228    0.3021   -0.0224    0.0000    0.4788    0.0572    0.0372
 PARAMETER VALUES,  CYCLE NUMBER 39,  AVDEV=   0.738
    5.5723   23.9151    2.1188   46.0848    2.7758    0.2449    3.4919
    0.8152    0.3003   53.8180    2.9030    0.0834    0.6458    0.1884
    0.0000   55.3324    1.7062    0.0854    3.7025    4.3753    0.0000
   55.7520    0.0000    0.1287   15.1495    0.0000    9.3874    0.9522
    4.0726    0.5060    2.1338   -1.1984   -1.0628    0.0000    1.9138
    0.7682    0.7499    1.1702   -0.0587    0.8610   -0.0559    0.1634
   -0.0228    0.3021   -0.0224    0.0000    0.4788    0.0572    0.0372
 PARAMETER VALUES,  CYCLE NUMBER 40,  AVDEV=   0.551
    5.5725   23.9177    2.1186   46.0819    2.7741    0.2421    3.3806
    0.8066    0.1758   53.8242    2.9075    0.0710    0.6413    0.1774
    0.0000   55.3496    1.7578    0.0932    2.4870    4.3773    0.0000
   55.8624    0.6108    0.2433    9.9616    0.0000   10.2005    0.9522
    4.0726    0.5060    2.1338   -1.1984   -1.0628    0.0000    1.9138
    0.7682    0.7499    1.1702   -0.0587    0.8610   -0.0559    0.1634
   -0.0228    0.3021   -0.0224    0.0000    0.4788    0.0572    0.0372
 PARAMETER VALUES FOR RCG INPUT
Sn I  5s25p2            5.5725  23.9177    2.1186
Sn I  5s25p6p          46.0819   2.7741    0.2421    3.3806    0.8066 LS99999999
   0.1758
Sn I  5s25p7p          53.8242   2.9075    0.0710    0.6413    0.1774 LS99999999
   0.0000
Sn I  5s25p4f          55.3496   1.7578    0.0932    2.4870    4.3773 LS99999999
   0.0000
Sn I  5s25p5f          55.8624   0.6108    0.2433    9.9616    0.0000 LS99999999
  10.2005
5s25p2  -5s25p6p       0.9522    4.0726
5s25p2  -5s25p7p       0.5060    2.1338
5s25p2  -5s25p4f      -1.1984
5s25p2  -5s25p5f      -1.0628
5s25p6p -5s25p7p       0.0000    1.9138    0.7682    0.7499
5s25p6p -5s25p4f       1.1702   -0.0587
5s25p6p -5s25p5f       0.8610   -0.0559
5s25p7p -5s25p4f       0.1634   -0.0228
5s25p7p -5s25p5f       0.3021   -0.0224
5s25p4f -5s25p5f       0.0000    0.4788    0.0572    0.0372

Sn I      5s25p6s   5s25p7s   5s25p8s   5s25p5d   5s25p6d   5s25p7d 
5s5p3   
 PARAMETER VALUES,  CYCLE NUMBER  0,  AVDEV=   2.514
   38.0414    2.5626    2.3770   50.9963    2.6388    0.5205   54.9489
    2.6539    0.2131   49.3703    2.5909    0.0127    6.9552    4.9705
    2.9884   54.5332    2.6393    0.0050    2.0810    1.6166    0.9922
   57.6819    2.6526    0.0025    0.9559    0.7706    0.4762   56.7280
   27.9665    2.1616   37.4446    0.0000    1.0818    0.0000    0.6833
   -5.8285   -2.0493   -2.5214   -1.0368   -1.5506   -0.6822   -2.1804
    0.0000    0.3327   -1.8697   -0.9628   -1.4861   -0.5094   -0.9611
   -0.3399   -1.0468   -1.1263   -0.6154   -0.7629   -0.3288   -0.6191
   -0.2201   -0.6726    0.0000    3.2058    2.8144    1.7111    0.0000
    2.0673    1.9335    1.1797   12.2433    0.0000    1.3243    1.1154
    0.6870    7.1152    4.9297
 PARAMETER VALUES,  CYCLE NUMBER  1,  AVDEV=   1.651
   38.1907    3.1323    0.9605   51.1084    2.7240    0.5498   54.8272
    1.8376    3.2676   48.9162    1.9464    0.0000    7.4460    4.5464
    0.0000   54.4341    2.6393    0.0000    5.1248    2.5121    0.0000
   57.6603    2.9076    0.1487    3.4174    3.2388    0.0000   57.7876
   17.9673    4.4449   28.8759    0.0000    1.0818    0.0000    0.6833
   -5.8285   -2.0493   -2.5214   -1.0368   -1.5506   -0.6822   -2.1804
    0.0000    0.3327   -1.8697   -0.9628   -1.4861   -0.5094   -0.9611
   -0.3399   -1.0468   -1.1263   -0.6154   -0.7629   -0.3288   -0.6191
   -0.2201   -0.6726    0.0000    3.2058    2.8144    1.7111    0.0000
    2.0673    1.9335    1.1797   12.2433    0.0000    1.3243    1.1154
    0.6870    7.1152    4.9297
 PARAMETER VALUES,  CYCLE NUMBER  2,  AVDEV=   1.539
   38.1951    3.1805    0.7948   51.1519    2.6875    0.2992   54.8050
    1.1697    4.8631   49.1672    0.8904    0.0000    8.8141    4.1677
    0.0000   54.5378    2.4657    0.0801    6.7276    2.7383    0.0000
   57.7122    2.6021    0.0000    2.2908    1.1969    0.0000   56.9503
    7.9942    4.2027   27.8853    0.0000    1.0818    0.0000    0.6833
   -5.8285   -2.0493   -2.5214   -1.0368   -1.5506   -0.6822   -2.1804
    0.0000    0.3327   -1.8697   -0.9628   -1.4861   -0.5094   -0.9611
   -0.3399   -1.0468   -1.1263   -0.6154   -0.7629   -0.3288   -0.6191
   -0.2201   -0.6726    0.0000    3.2058    2.8144    1.7111    0.0000
    2.0673    1.9335    1.1797   12.2433    0.0000    1.3243    1.1154
    0.6870    7.1152    4.9297
 PARAMETER VALUES,  CYCLE NUMBER  3,  AVDEV=   1.601
   38.1984    3.1515    0.9562   51.3264    2.4678    0.5066   54.6549
    0.8466    5.9109   50.1239    0.3183    0.0000    9.3534    6.0372
    0.0000   54.4903    3.3968    0.0000    4.0749    2.1549    0.0000
   57.9292    2.7340    0.0000    1.6638    1.6817    0.0000   54.5979
    0.0000    2.0115   31.9165    0.0000    1.0818    0.0000    0.6833
   -5.8285   -2.0493   -2.5214   -1.0368   -1.5506   -0.6822   -2.1804
    0.0000    0.3327   -1.8697   -0.9628   -1.4861   -0.5094   -0.9611
   -0.3399   -1.0468   -1.1263   -0.6154   -0.7629   -0.3288   -0.6191
   -0.2201   -0.6726    0.0000    3.2058    2.8144    1.7111    0.0000
    2.0673    1.9335    1.1797   12.2433    0.0000    1.3243    1.1154
    0.6870    7.1152    4.9297
 PARAMETER VALUES,  CYCLE NUMBER  4,  AVDEV=   1.518
   38.2153    3.1822    0.7530   51.5346    2.4780    1.2507   54.4843
    0.8284    5.2640   50.1495    0.0840    0.0000   10.4021    6.0956
    0.0000   54.3321    3.2953    0.0000    8.5445    2.7940    3.6420
   58.2626    3.8659    1.0368   11.6634    9.4542    0.0000   54.7052
    0.7420    1.2543   31.7925    0.0000    1.0818    0.0000    0.6833
   -5.8285   -2.0493   -2.5214   -1.0368   -1.5506   -0.6822   -2.1804
    0.0000    0.3327   -1.8697   -0.9628   -1.4861   -0.5094   -0.9611
   -0.3399   -1.0468   -1.1263   -0.6154   -0.7629   -0.3288   -0.6191
   -0.2201   -0.6726    0.0000    3.2058    2.8144    1.7111    0.0000
    2.0673    1.9335    1.1797   12.2433    0.0000    1.3243    1.1154
    0.6870    7.1152    4.9297
 PARAMETER VALUES,  CYCLE NUMBER  5,  AVDEV=   1.445
   38.2163    3.1916    0.6284   51.5465    2.4211    1.1483   53.6227
    0.8490    0.0000   50.1836    0.0000    0.0000   11.3583    6.4699
    0.0000   54.2425    3.2444    0.0046   10.2782    3.1736    4.8086
   58.6154    4.1297    0.3911   18.9561   11.1791    9.9997   54.7704
    0.9495    0.8056   31.5631    0.0000    1.0818    0.0000    0.6833
   -5.8285   -2.0493   -2.5214   -1.0368   -1.5506   -0.6822   -2.1804
    0.0000    0.3327   -1.8697   -0.9628   -1.4861   -0.5094   -0.9611
   -0.3399   -1.0468   -1.1263   -0.6154   -0.7629   -0.3288   -0.6191
   -0.2201   -0.6726    0.0000    3.2058    2.8144    1.7111    0.0000
    2.0673    1.9335    1.1797   12.2433    0.0000    1.3243    1.1154
    0.6870    7.1152    4.9297
 PARAMETER VALUES,  CYCLE NUMBER  6,  AVDEV=   1.372
   38.2113    3.1833    0.6447   51.5575    2.4054    1.1653   53.6607
    0.8651    0.2025   50.3257    0.0000    0.0043   11.4047    6.8376
    0.0000   54.1743    3.2517    0.0000   10.4507    2.9088    5.5306
   59.2880    4.2029    0.3359   26.6860   15.3406   19.9996   54.6452
    0.3202    1.3013   31.2615    0.0000    1.0818    0.0000    0.6833
   -5.8285   -2.0493   -2.5214   -1.0368   -1.5506   -0.6822   -2.1804
    0.0000    0.3327   -1.8697   -0.9628   -1.4861   -0.5094   -0.9611
   -0.3399   -1.0468   -1.1263   -0.6154   -0.7629   -0.3288   -0.6191
   -0.2201   -0.6726    0.0000    3.2058    2.8144    1.7111    0.0000
    2.0673    1.9335    1.1797   12.2433    0.0000    1.3243    1.1154
    0.6870    7.1152    4.9297
 PARAMETER VALUES,  CYCLE NUMBER  7,  AVDEV=   1.364
   38.0543    2.9701    1.4008   51.5405    2.2819    0.9263   53.9606
    0.9822    1.9007   51.4138    0.0000    0.2202   12.0696    9.9379
    0.0000   53.5702    3.0751    0.0000   14.0432    2.2752    8.1909
   59.6489    4.0462    0.0000   31.4160   16.0758   25.0271   54.1544
    0.0000    5.7619   28.4009    0.0000    1.0818    0.0000    0.6833
   -5.8285   -2.0493   -2.5214   -1.0368   -1.5506   -0.6822   -2.1804
    0.0000    0.3327   -1.8697   -0.9628   -1.4861   -0.5094   -0.9611
   -0.3399   -1.0468   -1.1263   -0.6154   -0.7629   -0.3288   -0.6191
   -0.2201   -0.6726    0.0000    3.2058    2.8144    1.7111    0.0000
    2.0673    1.9335    1.1797   12.2433    0.0000    1.3243    1.1154
    0.6870    7.1152    4.9297
 PARAMETER VALUES,  CYCLE NUMBER  8,  AVDEV=   1.201
   38.0647    2.9727    1.5787   51.2531    2.1089    0.0000   53.9905
    0.9745    1.9255   51.5919    0.0000    0.0683   17.6065   12.0596
    0.0000   53.3354    2.4446    0.0000   13.8655    1.2061    7.1752
   59.5796    3.6250    0.0000   33.0133   15.4574   24.4208   54.4461
    0.0000    6.0113   25.7346    0.0000    1.0818    0.0000    0.6833
   -5.8285   -2.0493   -2.5214   -1.0368   -1.5506   -0.6822   -2.1804
    0.0000    0.3327   -1.8697   -0.9628   -1.4861   -0.5094   -0.9611
   -0.3399   -1.0468   -1.1263   -0.6154   -0.7629   -0.3288   -0.6191
   -0.2201   -0.6726    0.0000    3.2058    2.8144    1.7111    0.0000
    2.0673    1.9335    1.1797   12.2433    0.0000    1.3243    1.1154
    0.6870    7.1152    4.9297
 PARAMETER VALUES,  CYCLE NUMBER  9,  AVDEV=   1.200
   38.0045    2.8865    1.9439   51.1446    1.9262    0.0000   54.3548
    1.0715    4.0300   51.7814    0.0811    0.0000   20.1425   13.2581
    0.0000   52.9782    3.4047    0.0000    5.4569    0.0000    4.0927
   59.4312    3.2540    0.0000   34.6484   15.1165   23.7371   54.6501
    0.0000    5.5237   24.1701    0.0000    1.0818    0.0000    0.6833
   -5.8285   -2.0493   -2.5214   -1.0368   -1.5506   -0.6822   -2.1804
    0.0000    0.3327   -1.8697   -0.9628   -1.4861   -0.5094   -0.9611
   -0.3399   -1.0468   -1.1263   -0.6154   -0.7629   -0.3288   -0.6191
   -0.2201   -0.6726    0.0000    3.2058    2.8144    1.7111    0.0000
    2.0673    1.9335    1.1797   12.2433    0.0000    1.3243    1.1154
    0.6870    7.1152    4.9297
 PARAMETER VALUES,  CYCLE NUMBER 10,  AVDEV=   1.241
   37.4430    2.1405    4.1064   51.1666    1.8942    0.0000   53.6427
    0.9938    0.0000   51.2021    0.3906    0.0000   23.0924   12.9298
    0.0000   53.3936    2.8775    0.0000   12.1320    0.0929   10.0350
   59.5480    3.6544    0.0000   33.1288   15.2985   24.9270   55.2305
    0.0000    5.3777   22.6093    0.0000    1.0818    0.0000    0.6833
   -5.8285   -2.0493   -2.5214   -1.0368   -1.5506   -0.6822   -2.1804
    0.0000    0.3327   -1.8697   -0.9628   -1.4861   -0.5094   -0.9611
   -0.3399   -1.0468   -1.1263   -0.6154   -0.7629   -0.3288   -0.6191
   -0.2201   -0.6726    0.0000    3.2058    2.8144    1.7111    0.0000
    2.0673    1.9335    1.1797   12.2433    0.0000    1.3243    1.1154
    0.6870    7.1152    4.9297
 PARAMETER VALUES,  CYCLE NUMBER 11,  AVDEV=   0.941
   37.6965    2.5374    2.9712   51.1009    1.8294    0.0000   53.8712
    1.0859    0.9776   51.5385    0.0000    0.1852   21.5392   13.3711
    0.0000   53.2135    2.8105    0.0000    9.8960    0.0000    6.8735
   59.8107    3.4081    0.0000   38.5419   17.4751   30.5873   54.6455
    0.4672    5.2037   21.9146    0.0000    1.0818    0.0000    0.6833
   -5.8285   -2.0493   -2.5214   -1.0368   -1.5506   -0.6822   -2.1804
    0.0000    0.3327   -1.8697   -0.9628   -1.4861   -0.5094   -0.9611
   -0.3399   -1.0468   -1.1263   -0.6154   -0.7629   -0.3288   -0.6191
   -0.2201   -0.6726    0.0000    3.2058    2.8144    1.7111    0.0000
    2.0673    1.9335    1.1797   12.2433    0.0000    1.3243    1.1154
    0.6870    7.1152    4.9297
 PARAMETER VALUES,  CYCLE NUMBER 12,  AVDEV=   0.790
   37.7211    2.5696    2.6911   51.2043    1.9762    0.0000   54.0239
    1.0991    1.8070   51.7683    0.0000    0.1841   20.4603   13.6435
    0.0000   53.0828    2.1229    0.0000   10.2493    0.0000    4.0889
   60.0971    3.4487    0.0000   40.9343   19.1243   33.2766   54.2366
    0.0000    4.4983   22.1436    0.0000    1.0818    0.0000    0.6833
   -5.8285   -2.0493   -2.5214   -1.0368   -1.5506   -0.6822   -2.1804
    0.0000    0.3327   -1.8697   -0.9628   -1.4861   -0.5094   -0.9611
   -0.3399   -1.0468   -1.1263   -0.6154   -0.7629   -0.3288   -0.6191
   -0.2201   -0.6726    0.0000    3.2058    2.8144    1.7111    0.0000
    2.0673    1.9335    1.1797   12.2433    0.0000    1.3243    1.1154
    0.6870    7.1152    4.9297
 PARAMETER VALUES,  CYCLE NUMBER 13,  AVDEV=   0.802
   37.8825    2.7979    1.8200   51.2365    2.0473    0.0000   54.1460
    1.0349    2.5567   51.3696    0.0000    0.6338   21.4121   12.7525
    0.0000   53.4548    2.0628    0.0000   13.8543    0.0000    5.2838
   60.2688    3.4316    0.0000   43.8846   20.5261   36.2903   54.3102
    0.0000    5.5417   18.9802    0.0000    1.0818    0.0000    0.6833
   -5.8285   -2.0493   -2.5214   -1.0368   -1.5506   -0.6822   -2.1804
    0.0000    0.3327   -1.8697   -0.9628   -1.4861   -0.5094   -0.9611
   -0.3399   -1.0468   -1.1263   -0.6154   -0.7629   -0.3288   -0.6191
   -0.2201   -0.6726    0.0000    3.2058    2.8144    1.7111    0.0000
    2.0673    1.9335    1.1797   12.2433    0.0000    1.3243    1.1154
    0.6870    7.1152    4.9297
 PARAMETER VALUES,  CYCLE NUMBER 14,  AVDEV=   0.916
   37.5045    2.2684    3.4245   51.4286    2.2846    0.0000   53.5153
    0.9253    0.0000   52.3615    0.0000    0.0000   20.0911   15.3046
    0.0000   52.9905    2.3043    0.0000    8.9200    0.0000    3.3004
   60.1495    2.4101    0.0000   45.9489   19.5621   34.6364   53.8198
    0.0000    3.3815   23.3592    0.0000    1.0818    0.0000    0.6833
   -5.8285   -2.0493   -2.5214   -1.0368   -1.5506   -0.6822   -2.1804
    0.0000    0.3327   -1.8697   -0.9628   -1.4861   -0.5094   -0.9611
   -0.3399   -1.0468   -1.1263   -0.6154   -0.7629   -0.3288   -0.6191
   -0.2201   -0.6726    0.0000    3.2058    2.8144    1.7111    0.0000
    2.0673    1.9335    1.1797   12.2433    0.0000    1.3243    1.1154
    0.6870    7.1152    4.9297
 PARAMETER VALUES,  CYCLE NUMBER 15,  AVDEV=   0.840
   37.8714    2.7956    1.9993   51.2015    2.0954    0.0000   54.0552
    1.1556    1.6757   51.8043    0.0000    0.3214   15.9738   13.3049
    0.0000   52.9944    1.6174    0.0000   18.9191    0.0000    8.0769
   60.2218    3.6970    0.0000   43.2644   20.2488   35.9015   54.1645
    0.0000    5.4831   20.3560    0.0000    1.0818    0.0000    0.6833
   -5.8285   -2.0493   -2.5214   -1.0368   -1.5506   -0.6822   -2.1804
    0.0000    0.3327   -1.8697   -0.9628   -1.4861   -0.5094   -0.9611
   -0.3399   -1.0468   -1.1263   -0.6154   -0.7629   -0.3288   -0.6191
   -0.2201   -0.6726    0.0000    3.2058    2.8144    1.7111    0.0000
    2.0673    1.9335    1.1797   12.2433    0.0000    1.3243    1.1154
    0.6870    7.1152    4.9297
 PARAMETER VALUES,  CYCLE NUMBER 16,  AVDEV=   0.953
   37.1582    1.7676    5.0715   51.3664    2.3927    0.0000   54.3808
    1.1240    3.9794   51.9247    0.0000    0.2022   21.2732   13.9667
    0.0000   53.1021    1.2479    0.0000    8.9202    0.0000    2.2800
   60.1570    2.6718    0.0000   46.0880   19.9035   34.7970   54.3545
    0.0000    3.9308   20.9006    0.0000    1.0818    0.0000    0.6833
   -5.8285   -2.0493   -2.5214   -1.0368   -1.5506   -0.6822   -2.1804
    0.0000    0.3327   -1.8697   -0.9628   -1.4861   -0.5094   -0.9611
   -0.3399   -1.0468   -1.1263   -0.6154   -0.7629   -0.3288   -0.6191
   -0.2201   -0.6726    0.0000    3.2058    2.8144    1.7111    0.0000
    2.0673    1.9335    1.1797   12.2433    0.0000    1.3243    1.1154
    0.6870    7.1152    4.9297
 PARAMETER VALUES,  CYCLE NUMBER 17,  AVDEV=   0.798
   37.9949    3.0116    1.9294   50.7158    0.3886    3.0413   54.2166
    1.0249    3.1530   51.6449    0.0000    0.0255   16.2231   13.1981
    0.0000   52.9461    1.7219    0.0000   17.7991    0.0000    6.9947
   60.2042    3.8444    0.0000   42.4404   20.0904   36.6101   54.0761
    0.0000    5.7997   19.2185    0.0000    1.0818    0.0000    0.6833
   -5.8285   -2.0493   -2.5214   -1.0368   -1.5506   -0.6822   -2.1804
    0.0000    0.3327   -1.8697   -0.9628   -1.4861   -0.5094   -0.9611
   -0.3399   -1.0468   -1.1263   -0.6154   -0.7629   -0.3288   -0.6191
   -0.2201   -0.6726    0.0000    3.2058    2.8144    1.7111    0.0000
    2.0673    1.9335    1.1797   12.2433    0.0000    1.3243    1.1154
    0.6870    7.1152    4.9297
 PARAMETER VALUES,  CYCLE NUMBER 18,  AVDEV=   1.039
   36.5046    0.9249    7.9504   51.5001    1.9471    0.2234   54.0904
    1.0018    2.4364   51.3248    0.0000    0.0000   26.2224   13.5069
    0.0000   52.9510    1.7756    0.0000   10.4203    0.0000    4.8217
   60.3428    3.2855    0.0000   43.6303   20.3685   35.4342   54.9949
    0.0000    3.5625   20.0470    0.0000    1.0818    0.0000    0.6833
   -5.8285   -2.0493   -2.5214   -1.0368   -1.5506   -0.6822   -2.1804
    0.0000    0.3327   -1.8697   -0.9628   -1.4861   -0.5094   -0.9611
   -0.3399   -1.0468   -1.1263   -0.6154   -0.7629   -0.3288   -0.6191
   -0.2201   -0.6726    0.0000    3.2058    2.8144    1.7111    0.0000
    2.0673    1.9335    1.1797   12.2433    0.0000    1.3243    1.1154
    0.6870    7.1152    4.9297
 PARAMETER VALUES,  CYCLE NUMBER 19,  AVDEV=   0.826
   37.3981    2.1912    4.9216   51.3267    1.4988    0.0000   54.2734
    1.0330    3.5375   51.7454    0.4526    0.0000   16.2230   13.4778
    0.0000   52.9950    1.2226    0.0000   15.8572    0.0000    6.8942
   60.3553    3.4491    0.0000   43.2343   20.0818   35.6695   53.8746
    0.0000    5.4798   19.8380    0.0000    1.0818    0.0000    0.6833
   -5.8285   -2.0493   -2.5214   -1.0368   -1.5506   -0.6822   -2.1804
    0.0000    0.3327   -1.8697   -0.9628   -1.4861   -0.5094   -0.9611
   -0.3399   -1.0468   -1.1263   -0.6154   -0.7629   -0.3288   -0.6191
   -0.2201   -0.6726    0.0000    3.2058    2.8144    1.7111    0.0000
    2.0673    1.9335    1.1797   12.2433    0.0000    1.3243    1.1154
    0.6870    7.1152    4.9297
 PARAMETER VALUES,  CYCLE NUMBER 20,  AVDEV=   1.036
   38.0410    3.0388    0.9931   51.2741    2.9851    0.0000   53.9403
    0.9767    1.5208   51.6830    0.0000    0.3851   24.0420   14.1485
    0.0000   53.6803    1.1286    0.0000    6.0005    0.0000    1.4985
   60.2078    3.1936    0.0000   44.7392   20.8487   34.7060   54.1885
    0.0000    3.7921   22.4879    0.0000    1.0818    0.0000    0.6833
   -5.8285   -2.0493   -2.5214   -1.0368   -1.5506   -0.6822   -2.1804
    0.0000    0.3327   -1.8697   -0.9628   -1.4861   -0.5094   -0.9611
   -0.3399   -1.0468   -1.1263   -0.6154   -0.7629   -0.3288   -0.6191
   -0.2201   -0.6726    0.0000    3.2058    2.8144    1.7111    0.0000
    2.0673    1.9335    1.1797   12.2433    0.0000    1.3243    1.1154
    0.6870    7.1152    4.9297
 PARAMETER VALUES,  CYCLE NUMBER 21,  AVDEV=   0.959
   37.9268    2.8287    1.8344   50.8726    0.0000    3.0027   54.4677
    1.1230    4.6789   51.7616    0.0000    0.0000   14.0432   13.4007
    0.0000   52.3650    3.3738    0.1258   15.7139    0.0000    4.4919
   60.5380    2.6388    0.0000   42.2202   18.7092   36.8879   53.6858
    0.0000    6.2401   18.9877    0.0000    1.0818    0.0000    0.6833
   -5.8285   -2.0493   -2.5214   -1.0368   -1.5506   -0.6822   -2.1804
    0.0000    0.3327   -1.8697   -0.9628   -1.4861   -0.5094   -0.9611
   -0.3399   -1.0468   -1.1263   -0.6154   -0.7629   -0.3288   -0.6191
   -0.2201   -0.6726    0.0000    3.2058    2.8144    1.7111    0.0000
    2.0673    1.9335    1.1797   12.2433    0.0000    1.3243    1.1154
    0.6870    7.1152    4.9297
 PARAMETER VALUES,  CYCLE NUMBER 22,  AVDEV=   0.970
   37.3196    2.0404    4.0013   51.2302    1.7386    1.3499   54.0429
    0.9724    2.2712   51.4200    0.0000    0.4929   24.0422   13.1936
    0.0000   53.3145    1.0513    0.0000   15.3528    0.0000    9.0982
   60.2753    3.6881    0.0000   42.8039   21.3272   35.5740   54.3907
    0.0000    3.6020   22.4385    0.0000    1.0818    0.0000    0.6833
   -5.8285   -2.0493   -2.5214   -1.0368   -1.5506   -0.6822   -2.1804
    0.0000    0.3327   -1.8697   -0.9628   -1.4861   -0.5094   -0.9611
   -0.3399   -1.0468   -1.1263   -0.6154   -0.7629   -0.3288   -0.6191
   -0.2201   -0.6726    0.0000    3.2058    2.8144    1.7111    0.0000
    2.0673    1.9335    1.1797   12.2433    0.0000    1.3243    1.1154
    0.6870    7.1152    4.9297
 PARAMETER VALUES,  CYCLE NUMBER 23,  AVDEV=   1.339
   38.8126    4.2520    0.0000   50.1379    0.0000    4.0305   54.4164
    1.0606    4.4394   51.1532    1.5532    0.0000   20.2485   14.3382
    7.1996   52.7086    2.8289    0.0182    9.6000    0.0000    0.0000
   60.4751    3.0129    0.0000   43.2510   19.7564   35.4923   54.2630
    0.0000    8.6717   16.2515    0.0000    1.0818    0.0000    0.6833
   -5.8285   -2.0493   -2.5214   -1.0368   -1.5506   -0.6822   -2.1804
    0.0000    0.3327   -1.8697   -0.9628   -1.4861   -0.5094   -0.9611
   -0.3399   -1.0468   -1.1263   -0.6154   -0.7629   -0.3288   -0.6191
   -0.2201   -0.6726    0.0000    3.2058    2.8144    1.7111    0.0000
    2.0673    1.9335    1.1797   12.2433    0.0000    1.3243    1.1154
    0.6870    7.1152    4.9297
 PARAMETER VALUES,  CYCLE NUMBER 24,  AVDEV=   1.060
   37.7151    2.7980    0.0000   51.1668    1.7975    0.2660   54.0453
    1.2035    2.7499   51.3308    0.6606    0.0000   21.1243   12.8827
    0.0000   52.8989    2.0123    0.1288    6.5813    0.0000    0.0000
   60.5998    4.1323    0.0000   39.0962   23.0031   35.9286   54.3601
    0.0000    3.8942   26.2505    0.0000    1.0818    0.0000    0.6833
   -5.8285   -2.0493   -2.5214   -1.0368   -1.5506   -0.6822   -2.1804
    0.0000    0.3327   -1.8697   -0.9628   -1.4861   -0.5094   -0.9611
   -0.3399   -1.0468   -1.1263   -0.6154   -0.7629   -0.3288   -0.6191
   -0.2201   -0.6726    0.0000    3.2058    2.8144    1.7111    0.0000
    2.0673    1.9335    1.1797   12.2433    0.0000    1.3243    1.1154
    0.6870    7.1152    4.9297
 PARAMETER VALUES,  CYCLE NUMBER 25,  AVDEV=   0.924
   37.0681    1.8451    5.6878   50.7146    0.7958    2.9559   54.3011
    1.0537    3.7913   51.3080    0.5281    0.0000   20.4226   13.3285
    0.9570   52.5143    1.5085    0.2791    3.4017    0.0000    0.0000
   60.4984    3.2092    0.0349   43.3261   21.7359   34.5071   54.6209
    0.0000    4.8968   19.6158    0.0000    1.0818    0.0000    0.6833
   -5.8285   -2.0493   -2.5214   -1.0368   -1.5506   -0.6822   -2.1804
    0.0000    0.3327   -1.8697   -0.9628   -1.4861   -0.5094   -0.9611
   -0.3399   -1.0468   -1.1263   -0.6154   -0.7629   -0.3288   -0.6191
   -0.2201   -0.6726    0.0000    3.2058    2.8144    1.7111    0.0000
    2.0673    1.9335    1.1797   12.2433    0.0000    1.3243    1.1154
    0.6870    7.1152    4.9297
 PARAMETER VALUES,  CYCLE NUMBER 26,  AVDEV=   0.985
   37.6012    2.4976    3.5949   53.5774    5.2542    0.0000   54.4235
    1.0509    4.5139   51.6112    0.3637    0.0000   19.3908   13.7223
    0.0000   52.4375    1.8236    0.3468    6.8351    0.0000    0.0000
   60.3140    3.0401    0.0087   44.6246   20.6824   34.7142   54.0535
    0.0000    4.4654   20.9794    0.0000    1.0818    0.0000    0.6833
   -5.8285   -2.0493   -2.5214   -1.0368   -1.5506   -0.6822   -2.1804
    0.0000    0.3327   -1.8697   -0.9628   -1.4861   -0.5094   -0.9611
   -0.3399   -1.0468   -1.1263   -0.6154   -0.7629   -0.3288   -0.6191
   -0.2201   -0.6726    0.0000    3.2058    2.8144    1.7111    0.0000
    2.0673    1.9335    1.1797   12.2433    0.0000    1.3243    1.1154
    0.6870    7.1152    4.9297
 PARAMETER VALUES,  CYCLE NUMBER 27,  AVDEV=   1.004
   37.8997    2.8001    2.2927   52.7442    1.9588    5.1157   54.0513
    0.5565    4.4796   51.9151    0.0000    0.0000   15.3895   13.5492
    0.0000   52.4019    0.9383    0.2635    6.4791    0.0000    0.0000
   60.2423    3.0199    0.2556   45.6950   21.3396   33.8298   53.4948
    0.0000    4.8479   20.6029    0.0000    1.0818    0.0000    0.6833
   -5.8285   -2.0493   -2.5214   -1.0368   -1.5506   -0.6822   -2.1804
    0.0000    0.3327   -1.8697   -0.9628   -1.4861   -0.5094   -0.9611
   -0.3399   -1.0468   -1.1263   -0.6154   -0.7629   -0.3288   -0.6191
   -0.2201   -0.6726    0.0000    3.2058    2.8144    1.7111    0.0000
    2.0673    1.9335    1.1797   12.2433    0.0000    1.3243    1.1154
    0.6870    7.1152    4.9297
 PARAMETER VALUES,  CYCLE NUMBER 28,  AVDEV=   1.168
   37.8167    2.6736    2.5906   49.2796    0.0000   15.1153   54.1929
    0.7120    4.4072   51.7970    0.0000    0.0000   15.9891   13.2873
    0.0000   52.4160    2.0607    0.2887    3.5507    0.0000    0.0000
   60.2243    2.7110    0.1520   46.0866   20.7347   34.0737   53.7103
    0.0000    4.8185   20.5043    0.0000    1.0818    0.0000    0.6833
   -5.8285   -2.0493   -2.5214   -1.0368   -1.5506   -0.6822   -2.1804
    0.0000    0.3327   -1.8697   -0.9628   -1.4861   -0.5094   -0.9611
   -0.3399   -1.0468   -1.1263   -0.6154   -0.7629   -0.3288   -0.6191
   -0.2201   -0.6726    0.0000    3.2058    2.8144    1.7111    0.0000
    2.0673    1.9335    1.1797   12.2433    0.0000    1.3243    1.1154
    0.6870    7.1152    4.9297
 PARAMETER VALUES,  CYCLE NUMBER 29,  AVDEV=   1.057
   37.8552    2.6980    2.4957   50.8914    0.0000    9.8072   54.1492
    0.8333    3.6705   51.9329    0.2404    0.0000   13.8459   13.5257
    0.0000   52.1720    0.9387    0.3554    5.1163    0.0000    0.0000
   60.2743    3.0488    0.1614   45.1991   21.0829   34.2291   53.3960
    0.0000    4.5532   21.0093    0.0000    1.0818    0.0000    0.6833
   -5.8285   -2.0493   -2.5214   -1.0368   -1.5506   -0.6822   -2.1804
    0.0000    0.3327   -1.8697   -0.9628   -1.4861   -0.5094   -0.9611
   -0.3399   -1.0468   -1.1263   -0.6154   -0.7629   -0.3288   -0.6191
   -0.2201   -0.6726    0.0000    3.2058    2.8144    1.7111    0.0000
    2.0673    1.9335    1.1797   12.2433    0.0000    1.3243    1.1154
    0.6870    7.1152    4.9297
 PARAMETER VALUES,  CYCLE NUMBER 30,  AVDEV=   1.419
   37.7350    2.5482    2.7617   50.7264    1.4607    0.0000   54.9050
    0.9823    7.8167   51.6582    0.0000    0.0000   17.5803   13.2852
    0.0000   52.5850    2.3057    0.2175    2.5560    0.0000    0.0000
   60.2745    2.6334    0.2235   46.2809   20.7362   33.6989   53.8218
    0.0000    4.3381   21.2766    0.0000    1.0818    0.0000    0.6833
   -5.8285   -2.0493   -2.5214   -1.0368   -1.5506   -0.6822   -2.1804
    0.0000    0.3327   -1.8697   -0.9628   -1.4861   -0.5094   -0.9611
   -0.3399   -1.0468   -1.1263   -0.6154   -0.7629   -0.3288   -0.6191
   -0.2201   -0.6726    0.0000    3.2058    2.8144    1.7111    0.0000
    2.0673    1.9335    1.1797   12.2433    0.0000    1.3243    1.1154
    0.6870    7.1152    4.9297
 PARAMETER VALUES,  CYCLE NUMBER 31,  AVDEV=   1.043
   37.9020    2.7756    2.1467   52.2539    2.2724    9.0605   54.2010
    0.9351    3.3594   51.8054    0.0506    0.0000   12.5650   13.1703
    0.0000   52.1900    1.4005    0.3461    4.5381    0.0000    0.0000
   60.3501    3.0306    0.1414   44.7601   21.3784   34.1265   53.5614
    0.0000    4.7594   20.9010    0.0000    1.0818    0.0000    0.6833
   -5.8285   -2.0493   -2.5214   -1.0368   -1.5506   -0.6822   -2.1804
    0.0000    0.3327   -1.8697   -0.9628   -1.4861   -0.5094   -0.9611
   -0.3399   -1.0468   -1.1263   -0.6154   -0.7629   -0.3288   -0.6191
   -0.2201   -0.6726    0.0000    3.2058    2.8144    1.7111    0.0000
    2.0673    1.9335    1.1797   12.2433    0.0000    1.3243    1.1154
    0.6870    7.1152    4.9297
 PARAMETER VALUES,  CYCLE NUMBER 32,  AVDEV=   1.115
   37.5924    2.3584    3.2900   51.8380    0.9275    8.5151   54.1196
    0.9781    2.6883   52.3211    0.0000    0.4600   16.8836   14.8044
    0.0000   52.5986    2.3046    0.0307    3.5170    0.0000    0.0000
   59.6117    0.3555    0.2361   54.7592   16.7081   32.9633   53.7627
    0.0000    3.9686   21.9465    0.0000    1.0818    0.0000    0.6833
   -5.8285   -2.0493   -2.5214   -1.0368   -1.5506   -0.6822   -2.1804
    0.0000    0.3327   -1.8697   -0.9628   -1.4861   -0.5094   -0.9611
   -0.3399   -1.0468   -1.1263   -0.6154   -0.7629   -0.3288   -0.6191
   -0.2201   -0.6726    0.0000    3.2058    2.8144    1.7111    0.0000
    2.0673    1.9335    1.1797   12.2433    0.0000    1.3243    1.1154
    0.6870    7.1152    4.9297
 PARAMETER VALUES,  CYCLE NUMBER 33,  AVDEV=   1.016
   37.9018    2.8002    2.0866   51.8759    0.9051    8.6170   54.1229
    0.9811    2.5373   51.8620    0.0000    0.0000   14.7562   13.6687
    0.0000   52.4099    1.7168    0.0000    0.4873    0.0000    0.0000
   59.8515    3.4088    0.4293   48.5408   20.6091   33.8722   53.7283
    0.0000    4.5615   21.3221    0.0000    1.0818    0.0000    0.6833
   -5.8285   -2.0493   -2.5214   -1.0368   -1.5506   -0.6822   -2.1804
    0.0000    0.3327   -1.8697   -0.9628   -1.4861   -0.5094   -0.9611
   -0.3399   -1.0468   -1.1263   -0.6154   -0.7629   -0.3288   -0.6191
   -0.2201   -0.6726    0.0000    3.2058    2.8144    1.7111    0.0000
    2.0673    1.9335    1.1797   12.2433    0.0000    1.3243    1.1154
    0.6870    7.1152    4.9297
 PARAMETER VALUES,  CYCLE NUMBER 34,  AVDEV=   0.938
   37.6316    2.4080    3.1199   51.5067    0.9133    6.2945   54.2602
    0.9685    3.3528   51.7841    0.0000    0.0000   16.5574   13.5432
    0.0000   52.8257    2.0620    0.0000    0.0000    0.0000    0.0000
   60.0477    0.5454    1.1906   55.3180   20.7076   28.4955   53.8309
    0.0000    3.7942   22.0018    0.0000    1.0818    0.0000    0.6833
   -5.8285   -2.0493   -2.5214   -1.0368   -1.5506   -0.6822   -2.1804
    0.0000    0.3327   -1.8697   -0.9628   -1.4861   -0.5094   -0.9611
   -0.3399   -1.0468   -1.1263   -0.6154   -0.7629   -0.3288   -0.6191
   -0.2201   -0.6726    0.0000    3.2058    2.8144    1.7111    0.0000
    2.0673    1.9335    1.1797   12.2433    0.0000    1.3243    1.1154
    0.6870    7.1152    4.9297
 PARAMETER VALUES,  CYCLE NUMBER 35,  AVDEV=   0.973
   37.8941    2.7845    2.0637   51.4322    0.8800    5.9170   54.5048
    1.0036    4.9144   52.0629    0.0000    0.0000   12.6717   13.8291
    0.0000   52.1745    1.3538    0.0000    4.6153    0.0000    0.0000
   60.7630    0.0000    2.3990   58.2004   23.9568   22.3914   53.5275
    0.0000    4.0921   22.0530    0.0000    1.0818    0.0000    0.6833
   -5.8285   -2.0493   -2.5214   -1.0368   -1.5506   -0.6822   -2.1804
    0.0000    0.3327   -1.8697   -0.9628   -1.4861   -0.5094   -0.9611
   -0.3399   -1.0468   -1.1263   -0.6154   -0.7629   -0.3288   -0.6191
   -0.2201   -0.6726    0.0000    3.2058    2.8144    1.7111    0.0000
    2.0673    1.9335    1.1797   12.2433    0.0000    1.3243    1.1154
    0.6870    7.1152    4.9297
 PARAMETER VALUES,  CYCLE NUMBER 36,  AVDEV=   0.940
   37.8572    2.7284    2.2231   51.4902    0.5539    8.1396   54.4307
    0.9903    4.5166   51.7441    0.2057    0.0000   16.3483   13.8269
    0.0000   52.2277    1.5487    0.0848    0.0000    0.0000    0.0000
   60.7605    0.0000    2.0070   57.1695   22.7940   24.0958   53.6822
    0.0000    4.1910   21.8640    0.0000    1.0818    0.0000    0.6833
   -5.8285   -2.0493   -2.5214   -1.0368   -1.5506   -0.6822   -2.1804
    0.0000    0.3327   -1.8697   -0.9628   -1.4861   -0.5094   -0.9611
   -0.3399   -1.0468   -1.1263   -0.6154   -0.7629   -0.3288   -0.6191
   -0.2201   -0.6726    0.0000    3.2058    2.8144    1.7111    0.0000
    2.0673    1.9335    1.1797   12.2433    0.0000    1.3243    1.1154
    0.6870    7.1152    4.9297
 PARAMETER VALUES,  CYCLE NUMBER 37,  AVDEV=   0.960
   37.7959    2.6628    2.2889   51.9813    0.8897    9.5106   53.8429
    1.1277    1.7376   51.5339    0.0000    0.0000   20.7315   13.6489
    0.0000   52.1946    1.2490    0.3276    1.3962    0.0000    0.0000
   60.2310    0.8791    1.0642   53.3657   20.6443   29.3304   54.2071
    0.0000    4.4677   21.4586    0.0000    1.0818    0.0000    0.6833
   -5.8285   -2.0493   -2.5214   -1.0368   -1.5506   -0.6822   -2.1804
    0.0000    0.3327   -1.8697   -0.9628   -1.4861   -0.5094   -0.9611
   -0.3399   -1.0468   -1.1263   -0.6154   -0.7629   -0.3288   -0.6191
   -0.2201   -0.6726    0.0000    3.2058    2.8144    1.7111    0.0000
    2.0673    1.9335    1.1797   12.2433    0.0000    1.3243    1.1154
    0.6870    7.1152    4.9297
 PARAMETER VALUES,  CYCLE NUMBER 38,  AVDEV=   0.906
   37.8404    2.7122    2.1818   51.6526    0.8566    7.4793   54.3689
    1.1565    4.6621   51.6221    0.0000    0.0000   19.1984   13.6620
    0.0000   52.4737    1.6009    0.2722    0.0000    0.0000    0.0000
   59.9439    2.2264    0.6386   50.9451   20.5937   31.7209   53.9389
    0.0000    4.3407   21.6595    0.0000    1.0818    0.0000    0.6833
   -5.8285   -2.0493   -2.5214   -1.0368   -1.5506   -0.6822   -2.1804
    0.0000    0.3327   -1.8697   -0.9628   -1.4861   -0.5094   -0.9611
   -0.3399   -1.0468   -1.1263   -0.6154   -0.7629   -0.3288   -0.6191
   -0.2201   -0.6726    0.0000    3.2058    2.8144    1.7111    0.0000
    2.0673    1.9335    1.1797   12.2433    0.0000    1.3243    1.1154
    0.6870    7.1152    4.9297
 PARAMETER VALUES,  CYCLE NUMBER 39,  AVDEV=   0.886
   37.8300    2.6968    2.2151   51.9031    0.8823    8.8307   54.1383
    1.0522    2.9468   51.6040    0.0000    0.0000   19.2551   13.6486
    0.0000   52.6891    1.5896    0.1312    0.0000    0.0000    0.0000
   59.9064    2.6516    0.8455   51.0676   21.6625   30.8852   53.8851
    0.0000    4.2537   21.6309    0.0000    1.0818    0.0000    0.6833
   -5.8285   -2.0493   -2.5214   -1.0368   -1.5506   -0.6822   -2.1804
    0.0000    0.3327   -1.8697   -0.9628   -1.4861   -0.5094   -0.9611
   -0.3399   -1.0468   -1.1263   -0.6154   -0.7629   -0.3288   -0.6191
   -0.2201   -0.6726    0.0000    3.2058    2.8144    1.7111    0.0000
    2.0673    1.9335    1.1797   12.2433    0.0000    1.3243    1.1154
    0.6870    7.1152    4.9297
 PARAMETER VALUES,  CYCLE NUMBER 40,  AVDEV=   0.848
   37.8210    2.6917    2.1855   51.7185    0.8972    7.6526   54.3113
    0.8502    3.0847   51.4998    0.0000    0.0000   20.7219   13.5360
    0.3371   52.9672    2.0154    0.0000    0.0000    0.0000    0.0000
   59.8033    3.9404    0.9195   49.0606   23.0430   31.1750   53.9383
    0.0000    4.1585   21.6573    0.0000    1.0818    0.0000    0.6833
   -5.8285   -2.0493   -2.5214   -1.0368   -1.5506   -0.6822   -2.1804
    0.0000    0.3327   -1.8697   -0.9628   -1.4861   -0.5094   -0.9611
   -0.3399   -1.0468   -1.1263   -0.6154   -0.7629   -0.3288   -0.6191
   -0.2201   -0.6726    0.0000    3.2058    2.8144    1.7111    0.0000
    2.0673    1.9335    1.1797   12.2433    0.0000    1.3243    1.1154
    0.6870    7.1152    4.9297
 PARAMETER VALUES FOR RCG INPUT
Sn I  5s25p6s          37.8210   2.6917    2.1855
Sn I  5s25p7s          51.7185   0.8972    7.6526
Sn I  5s25p8s          54.3113   0.8502    3.0847
Sn I  5s25p5d          51.4998   0.0000    0.0000   20.7219   13.5360 LS99999999
   0.3371
Sn I  5s25p6d          52.9672   2.0154    0.0000    0.0000    0.0000 LS99999999
   0.0000
Sn I  5s25p7d          59.8033   3.9404    0.9195   49.0606   23.0430 LS99999999
  31.1750
Sn I  5s5p3            53.9383   0.0000    4.1585   21.6573
5s25p6s -5s25p7s       0.0000    1.0818
5s25p6s -5s25p8s       0.0000    0.6833
5s25p6s -5s25p5d      -5.8285   -2.0493
5s25p6s -5s25p6d      -2.5214   -1.0368
5s25p6s -5s25p7d      -1.5506   -0.6822
5s25p6s -5s5p3        -2.1804
5s25p7s -5s25p8s       0.0000    0.3327
5s25p7s -5s25p5d      -1.8697   -0.9628
5s25p7s -5s25p6d      -1.4861   -0.5094
5s25p7s -5s25p7d      -0.9611   -0.3399
5s25p7s -5s5p3        -1.0468
5s25p8s -5s25p5d      -1.1263   -0.6154
5s25p8s -5s25p6d      -0.7629   -0.3288
5s25p8s -5s25p7d      -0.6191   -0.2201
5s25p8s -5s5p3        -0.6726
5s25p5d -5s25p6d       0.0000    3.2058    2.8144    1.7111
5s25p5d -5s25p7d       0.0000    2.0673    1.9335    1.1797
5s25p5d -5s5p3        12.2433
5s25p6d -5s25p7d       0.0000    1.3243    1.1154    0.6870
5s25p6d -5s5p3         7.1152
5s25p7d -5s5p3         4.9297

