Br I      4s24p5    4s24p45p  4s24p46p  4s24p44f  4s24p47p  4s24p45f
 PARAMETER VALUES,  CYCLE NUMBER  0,  AVDEV=   1.106
    1.6491    2.3269   82.6690   45.0530    2.6574    0.1024    4.1319
    0.8342    0.9625   91.6257   45.1149    2.6629    0.0326    1.1556
    0.2489    0.2934   95.0201   45.1464    2.6655    0.0000    0.3356
    0.0069    0.0044   96.1736   45.1322    2.6643    0.0149    0.5005
    0.1113    0.1324   97.6971   45.1468    2.6655    0.0000    0.1756
    0.0057    0.0037    0.8174    3.8081    0.4373    2.0167    0.4087
    0.2899    1.3325    0.3746    0.0000    1.8126    0.4555    0.5307
   -0.6672   -0.0066    0.0000    1.1461    0.3044    0.3560   -0.5476
   -0.0055   -0.0173   -0.0047    0.0000    0.7068    0.1665    0.1971
   -0.1035   -0.0041   -0.0398   -0.0035    0.0000    0.1994    0.0063
    0.0041   -0.0247   -0.0030
 PARAMETER VALUES,  CYCLE NUMBER  1,  AVDEV=   0.760
    1.6508    2.3269   82.6599   44.8596    2.6957    0.0716    4.2049
    0.7639    0.9555   91.2441   39.8948    2.3957    0.0000    1.5702
    0.1663    0.5225   94.0124   35.1467    2.6537    0.0123    0.7181
    0.0524    0.3351   96.6105   48.5761    2.5351    0.1456    1.2408
    0.1540    0.4111   97.6369   44.4986    2.6571    0.0355    0.4475
    0.0000    1.2204    0.8174    3.8081    0.4373    2.0167    0.4087
    0.2899    1.3325    0.3746    0.0000    1.8126    0.4555    0.5307
   -0.6672   -0.0066    0.0000    1.1461    0.3044    0.3560   -0.5476
   -0.0055   -0.0173   -0.0047    0.0000    0.7068    0.1665    0.1971
   -0.1035   -0.0041   -0.0398   -0.0035    0.0000    0.1994    0.0063
    0.0041   -0.0247   -0.0030
 PARAMETER VALUES,  CYCLE NUMBER  2,  AVDEV=   0.448
    1.6524    2.3269   82.6785   44.9439    2.6938    0.0026    4.6969
    0.7227    0.7858   90.8784   34.6276    2.1285    0.0000    2.1330
    0.1010    0.6322   93.0256   25.1473    2.6164    0.0239    1.0705
    0.0000    0.5597   97.2838   54.2542    2.4697    0.3103    2.0282
    0.1610    0.4783   97.4215   42.5093    2.6403    0.0698    0.3504
    0.0000    1.5863    0.8174    3.8081    0.4373    2.0167    0.4087
    0.2899    1.3325    0.3746    0.0000    1.8126    0.4555    0.5307
   -0.6672   -0.0066    0.0000    1.1461    0.3044    0.3560   -0.5476
   -0.0055   -0.0173   -0.0047    0.0000    0.7068    0.1665    0.1971
   -0.1035   -0.0041   -0.0398   -0.0035    0.0000    0.1994    0.0063
    0.0041   -0.0247   -0.0030
 PARAMETER VALUES,  CYCLE NUMBER  3,  AVDEV=   0.300
    1.6541    2.3269   82.7053   45.0832    2.6708    0.0000    5.1984
    0.7097    0.5406   90.5528   29.5191    1.9062    0.0000    2.6331
    0.0490    0.6456   92.2323   16.5874    2.5287    0.0395    1.7459
    0.0000    1.5266   96.9823   51.7301    2.3836    0.2958    5.0687
    0.0000    0.5719   96.7218   36.3743    2.6174    0.0811    0.6039
    0.0000    2.3845    0.8174    3.8081    0.4373    2.0167    0.4087
    0.2899    1.3325    0.3746    0.0000    1.8126    0.4555    0.5307
   -0.6672   -0.0066    0.0000    1.1461    0.3044    0.3560   -0.5476
   -0.0055   -0.0173   -0.0047    0.0000    0.7068    0.1665    0.1971
   -0.1035   -0.0041   -0.0398   -0.0035    0.0000    0.1994    0.0063
    0.0041   -0.0247   -0.0030
 PARAMETER VALUES,  CYCLE NUMBER  4,  AVDEV=   0.290
    1.6540    2.3269   82.7259   45.2682    2.6654    0.0000    5.2006
    0.7366    0.5191   90.5520   29.3476    1.9377    0.0000    2.5230
    0.0371    0.6922   92.2506   16.7879    2.5043    0.0361    2.1169
    0.0000    0.3043   97.0021   52.3001    2.3354    0.2114    4.2136
    0.0000    0.3052   95.5895   26.3751    2.5892    0.0878    0.6058
    0.0000    2.9119    0.8174    3.8081    0.4373    2.0167    0.4087
    0.2899    1.3325    0.3746    0.0000    1.8126    0.4555    0.5307
   -0.6672   -0.0066    0.0000    1.1461    0.3044    0.3560   -0.5476
   -0.0055   -0.0173   -0.0047    0.0000    0.7068    0.1665    0.1971
   -0.1035   -0.0041   -0.0398   -0.0035    0.0000    0.1994    0.0063
    0.0041   -0.0247   -0.0030
 PARAMETER VALUES,  CYCLE NUMBER  5,  AVDEV=   0.284
    1.6540    2.3269   82.7296   45.2978    2.6637    0.0000    5.2153
    0.7411    0.5086   90.5532   29.3385    1.9403    0.0000    2.5347
    0.0406    0.7068   92.2269   16.5283    2.5097    0.0278    1.9902
    0.0000    0.4232   95.8220   42.3003    2.3112    0.2062    4.3234
    0.0000    0.2061   94.9321   20.2946    2.5715    0.1019    0.6304
    0.0000    3.1979    0.8174    3.8081    0.4373    2.0167    0.4087
    0.2899    1.3325    0.3746    0.0000    1.8126    0.4555    0.5307
   -0.6672   -0.0066    0.0000    1.1461    0.3044    0.3560   -0.5476
   -0.0055   -0.0173   -0.0047    0.0000    0.7068    0.1665    0.1971
   -0.1035   -0.0041   -0.0398   -0.0035    0.0000    0.1994    0.0063
    0.0041   -0.0247   -0.0030
 PARAMETER VALUES,  CYCLE NUMBER  6,  AVDEV=   0.284
    1.6541    2.3269   82.7351   45.3471    2.6596    0.0000    5.2499
    0.7413    0.4996   90.5539   29.2835    1.9482    0.0000    2.5566
    0.0470    0.7506   92.2489   16.7584    2.4942    0.0306    1.9018
    0.0000    0.4502   95.7370   41.6529    2.3062    0.1933    4.2601
    0.0000    0.1056   93.9271   10.2952    2.5555    0.1638    0.6400
    0.0000    3.1523    0.8174    3.8081    0.4373    2.0167    0.4087
    0.2899    1.3325    0.3746    0.0000    1.8126    0.4555    0.5307
   -0.6672   -0.0066    0.0000    1.1461    0.3044    0.3560   -0.5476
   -0.0055   -0.0173   -0.0047    0.0000    0.7068    0.1665    0.1971
   -0.1035   -0.0041   -0.0398   -0.0035    0.0000    0.1994    0.0063
    0.0041   -0.0247   -0.0030
 PARAMETER VALUES,  CYCLE NUMBER  7,  AVDEV=   0.276
    1.6541    2.3269   82.7379   45.3714    2.6574    0.0000    5.2660
    0.7412    0.4960   90.5517   29.2286    1.9550    0.0000    2.5163
    0.0442    0.8107   92.1787   16.0016    2.5115    0.0104    1.5983
    0.0000    0.4767   95.6149   40.6678    2.3014    0.1813    4.2359
    0.0000    0.0202   94.2270   12.7471    2.5677    0.1742    1.4921
    0.0000    2.7356    0.8174    3.8081    0.4373    2.0167    0.4087
    0.2899    1.3325    0.3746    0.0000    1.8126    0.4555    0.5307
   -0.6672   -0.0066    0.0000    1.1461    0.3044    0.3560   -0.5476
   -0.0055   -0.0173   -0.0047    0.0000    0.7068    0.1665    0.1971
   -0.1035   -0.0041   -0.0398   -0.0035    0.0000    0.1994    0.0063
    0.0041   -0.0247   -0.0030
 PARAMETER VALUES,  CYCLE NUMBER  8,  AVDEV=   0.273
    1.6540    2.3269   82.7416   45.4039    2.6572    0.0000    5.2654
    0.7472    0.4852   90.5466   29.2981    1.9323    0.0000    2.6160
    0.0556    0.6530   92.2646   16.9053    2.4770    0.0314    2.0717
    0.0000    0.4627   95.7411   41.7764    2.3118    0.1844    4.2134
    0.0000    0.0245   94.2285   12.6861    2.5668    0.1731    1.1293
    0.0000    2.8660    0.8174    3.8081    0.4373    2.0167    0.4087
    0.2899    1.3325    0.3746    0.0000    1.8126    0.4555    0.5307
   -0.6672   -0.0066    0.0000    1.1461    0.3044    0.3560   -0.5476
   -0.0055   -0.0173   -0.0047    0.0000    0.7068    0.1665    0.1971
   -0.1035   -0.0041   -0.0398   -0.0035    0.0000    0.1994    0.0063
    0.0041   -0.0247   -0.0030
 PARAMETER VALUES,  CYCLE NUMBER  9,  AVDEV=   0.272
    1.6541    2.3269   82.7391   45.3813    2.6569    0.0000    5.2695
    0.7427    0.4898   90.5561   29.3203    1.9376    0.0000    2.6597
    0.0556    0.6390   92.2735   17.0120    2.4792    0.0251    2.0843
    0.0000    1.0463   95.5566   40.1802    2.3004    0.1783    4.2409
    0.0000    0.0000   94.2354   12.7349    2.5659    0.1726    1.0329
    0.0000    2.8882    0.8174    3.8081    0.4373    2.0167    0.4087
    0.2899    1.3325    0.3746    0.0000    1.8126    0.4555    0.5307
   -0.6672   -0.0066    0.0000    1.1461    0.3044    0.3560   -0.5476
   -0.0055   -0.0173   -0.0047    0.0000    0.7068    0.1665    0.1971
   -0.1035   -0.0041   -0.0398   -0.0035    0.0000    0.1994    0.0063
    0.0041   -0.0247   -0.0030
 PARAMETER VALUES,  CYCLE NUMBER 10,  AVDEV=   0.271
    1.6541    2.3269   82.7383   45.3757    2.6574    0.0000    5.2656
    0.7378    0.4984   90.5661   29.3767    1.9351    0.0000    2.7480
    0.0586    0.5832   92.2137   16.4306    2.5002    0.0097    2.0122
    0.0268    0.8539   95.8741   42.9061    2.3059    0.1750    4.1898
    0.0000    0.0033   94.2431   12.8016    2.5657    0.1720    0.9862
    0.0000    2.8939    0.8174    3.8081    0.4373    2.0167    0.4087
    0.2899    1.3325    0.3746    0.0000    1.8126    0.4555    0.5307
   -0.6672   -0.0066    0.0000    1.1461    0.3044    0.3560   -0.5476
   -0.0055   -0.0173   -0.0047    0.0000    0.7068    0.1665    0.1971
   -0.1035   -0.0041   -0.0398   -0.0035    0.0000    0.1994    0.0063
    0.0041   -0.0247   -0.0030
 PARAMETER VALUES,  CYCLE NUMBER 11,  AVDEV=   0.271
    1.6541    2.3269   82.7406   45.3941    2.6578    0.0000    5.2615
    0.7429    0.4909   90.5755   29.4772    1.9224    0.0000    2.8855
    0.0684    0.4722   92.1782   16.0478    2.5115    0.0000    1.8416
    0.0431    0.8900   95.3066   38.0502    2.2880    0.1655    4.2663
    0.0000    0.0000   94.2449   12.8186    2.5660    0.1719    0.9847
    0.0000    2.8896    0.8174    3.8081    0.4373    2.0167    0.4087
    0.2899    1.3325    0.3746    0.0000    1.8126    0.4555    0.5307
   -0.6672   -0.0066    0.0000    1.1461    0.3044    0.3560   -0.5476
   -0.0055   -0.0173   -0.0047    0.0000    0.7068    0.1665    0.1971
   -0.1035   -0.0041   -0.0398   -0.0035    0.0000    0.1994    0.0063
    0.0041   -0.0247   -0.0030
 PARAMETER VALUES,  CYCLE NUMBER 12,  AVDEV=   0.270
    1.6541    2.3269   82.7414   45.4044    2.6575    0.0000    5.2593
    0.7421    0.4877   90.5960   29.7233    1.8815    0.0000    3.2343
    0.0909    0.1739   92.1452   15.6939    2.5200    0.0000    1.7133
    0.0626    0.7802   96.0442   44.4031    2.3109    0.1687    4.1494
    0.0000    0.0165   94.2460   12.8289    2.5662    0.1718    0.9827
    0.0000    2.8873    0.8174    3.8081    0.4373    2.0167    0.4087
    0.2899    1.3325    0.3746    0.0000    1.8126    0.4555    0.5307
   -0.6672   -0.0066    0.0000    1.1461    0.3044    0.3560   -0.5476
   -0.0055   -0.0173   -0.0047    0.0000    0.7068    0.1665    0.1971
   -0.1035   -0.0041   -0.0398   -0.0035    0.0000    0.1994    0.0063
    0.0041   -0.0247   -0.0030
 PARAMETER VALUES,  CYCLE NUMBER 13,  AVDEV=   0.270
    1.6542    2.3269   82.7442   45.4268    2.6556    0.0000    5.2707
    0.7485    0.4726   90.6023   29.8014    1.8641    0.0000    3.3331
    0.0949    0.0000   92.1375   15.6140    2.5219    0.0000    1.6694
    0.0649    0.7870   95.0246   35.6911    2.2814    0.1538    4.2892
    0.0000    0.0000   94.2463   12.8316    2.5662    0.1718    0.9818
    0.0000    2.8866    0.8174    3.8081    0.4373    2.0167    0.4087
    0.2899    1.3325    0.3746    0.0000    1.8126    0.4555    0.5307
   -0.6672   -0.0066    0.0000    1.1461    0.3044    0.3560   -0.5476
   -0.0055   -0.0173   -0.0047    0.0000    0.7068    0.1665    0.1971
   -0.1035   -0.0041   -0.0398   -0.0035    0.0000    0.1994    0.0063
    0.0041   -0.0247   -0.0030
 PARAMETER VALUES,  CYCLE NUMBER 14,  AVDEV=   0.270
    1.6543    2.3269   82.7400   45.3998    2.6531    0.0000    5.2876
    0.7339    0.4865   90.5991   29.7954    1.8490    0.0000    3.3752
    0.0949    0.0000   92.1322   15.5605    2.5234    0.0000    1.6462
    0.0696    0.7761   96.1844   45.6905    2.3180    0.1626    4.1041
    0.0000    0.0257   94.2465   12.8335    2.5663    0.1717    0.9812
    0.0000    2.8861    0.8174    3.8081    0.4373    2.0167    0.4087
    0.2899    1.3325    0.3746    0.0000    1.8126    0.4555    0.5307
   -0.6672   -0.0066    0.0000    1.1461    0.3044    0.3560   -0.5476
   -0.0055   -0.0173   -0.0047    0.0000    0.7068    0.1665    0.1971
   -0.1035   -0.0041   -0.0398   -0.0035    0.0000    0.1994    0.0063
    0.0041   -0.0247   -0.0030
 PARAMETER VALUES,  CYCLE NUMBER 15,  AVDEV=   0.270
    1.6543    2.3269   82.7429   45.4194    2.6529    0.0000    5.2869
    0.7418    0.4739   90.6010   29.8200    1.8453    0.0000    3.3954
    0.0970    0.0000   92.1309   15.5485    2.5238    0.0000    1.6406
    0.0709    0.7739   95.0170   35.6909    2.2828    0.1493    4.2759
    0.0000    0.0000   94.2466   12.8340    2.5663    0.1717    0.9810
    0.0000    2.8860    0.8174    3.8081    0.4373    2.0167    0.4087
    0.2899    1.3325    0.3746    0.0000    1.8126    0.4555    0.5307
   -0.6672   -0.0066    0.0000    1.1461    0.3044    0.3560   -0.5476
   -0.0055   -0.0173   -0.0047    0.0000    0.7068    0.1665    0.1971
   -0.1035   -0.0041   -0.0398   -0.0035    0.0000    0.1994    0.0063
    0.0041   -0.0247   -0.0030
 PARAMETER VALUES,  CYCLE NUMBER 16,  AVDEV=   0.270
    1.6544    2.3269   82.7381   45.3845    2.6511    0.0000    5.3020
    0.7299    0.4860   90.5983   29.7720    1.8472    0.0000    3.3907
    0.0945    0.0000   92.1297   15.5362    2.5241    0.0000    1.6347
    0.0723    0.7715   96.1809   45.6903    2.3182    0.1595    4.0979
    0.0000    0.0188   94.2466   12.8346    2.5663    0.1717    0.9808
    0.0000    2.8858    0.8174    3.8081    0.4373    2.0167    0.4087
    0.2899    1.3325    0.3746    0.0000    1.8126    0.4555    0.5307
   -0.6672   -0.0066    0.0000    1.1461    0.3044    0.3560   -0.5476
   -0.0055   -0.0173   -0.0047    0.0000    0.7068    0.1665    0.1971
   -0.1035   -0.0041   -0.0398   -0.0035    0.0000    0.1994    0.0063
    0.0041   -0.0247   -0.0030
 PARAMETER VALUES,  CYCLE NUMBER 17,  AVDEV=   0.270
    1.6544    2.3269   82.7423   45.4152    2.6520    0.0000    5.2926
    0.7398    0.4739   90.6006   29.8147    1.8427    0.0000    3.4079
    0.0968    0.0000   92.1294   15.5338    2.5242    0.0000    1.6336
    0.0727    0.7707   95.0143   35.6907    2.2827    0.1465    4.2713
    0.0000    0.0000   94.2467   12.8347    2.5663    0.1717    0.9807
    0.0000    2.8858    0.8174    3.8081    0.4373    2.0167    0.4087
    0.2899    1.3325    0.3746    0.0000    1.8126    0.4555    0.5307
   -0.6672   -0.0066    0.0000    1.1461    0.3044    0.3560   -0.5476
   -0.0055   -0.0173   -0.0047    0.0000    0.7068    0.1665    0.1971
   -0.1035   -0.0041   -0.0398   -0.0035    0.0000    0.1994    0.0063
    0.0041   -0.0247   -0.0030
 PARAMETER VALUES,  CYCLE NUMBER 18,  AVDEV=   0.270
    1.6544    2.3269   82.7382   45.3847    2.6508    0.0000    5.3033
    0.7294    0.4857   90.5982   29.7718    1.8460    0.0000    3.3964
    0.0944    0.0000   92.1291   15.5309    2.5243    0.0000    1.6319
    0.0731    0.7703   96.1797   45.6900    2.3181    0.1576    4.0955
    0.0000    0.0155   94.2467   12.8349    2.5663    0.1717    0.9807
    0.0000    2.8857    0.8174    3.8081    0.4373    2.0167    0.4087
    0.2899    1.3325    0.3746    0.0000    1.8126    0.4555    0.5307
   -0.6672   -0.0066    0.0000    1.1461    0.3044    0.3560   -0.5476
   -0.0055   -0.0173   -0.0047    0.0000    0.7068    0.1665    0.1971
   -0.1035   -0.0041   -0.0398   -0.0035    0.0000    0.1994    0.0063
    0.0041   -0.0247   -0.0030
 PARAMETER VALUES,  CYCLE NUMBER 19,  AVDEV=   0.270
    1.6544    2.3269   82.7422   45.4145    2.6518    0.0000    5.2936
    0.7393    0.4739   90.6005   29.8133    1.8421    0.0000    3.4114
    0.0968    0.0000   92.1290   15.5305    2.5243    0.0000    1.6319
    0.0733    0.7699   95.0134   35.6904    2.2826    0.1452    4.2697
    0.0000    0.0000   94.2467   12.8349    2.5663    0.1717    0.9807
    0.0000    2.8858    0.8174    3.8081    0.4373    2.0167    0.4087
    0.2899    1.3325    0.3746    0.0000    1.8126    0.4555    0.5307
   -0.6672   -0.0066    0.0000    1.1461    0.3044    0.3560   -0.5476
   -0.0055   -0.0173   -0.0047    0.0000    0.7068    0.1665    0.1971
   -0.1035   -0.0041   -0.0398   -0.0035    0.0000    0.1994    0.0063
    0.0041   -0.0247   -0.0030
 PARAMETER VALUES,  CYCLE NUMBER 20,  AVDEV=   0.270
    1.6544    2.3269   82.7382   45.3848    2.6507    0.0000    5.3035
    0.7292    0.4856   90.5982   29.7717    1.8457    0.0000    3.3982
    0.0944    0.0000   92.1290   15.5297    2.5243    0.0000    1.6313
    0.0734    0.7699   96.1793   45.6898    2.3180    0.1569    4.0947
    0.0000    0.0145   94.2467   12.8350    2.5663    0.1717    0.9806
    0.0000    2.8857    0.8174    3.8081    0.4373    2.0167    0.4087
    0.2899    1.3325    0.3746    0.0000    1.8126    0.4555    0.5307
   -0.6672   -0.0066    0.0000    1.1461    0.3044    0.3560   -0.5476
   -0.0055   -0.0173   -0.0047    0.0000    0.7068    0.1665    0.1971
   -0.1035   -0.0041   -0.0398   -0.0035    0.0000    0.1994    0.0063
    0.0041   -0.0247   -0.0030
 PARAMETER VALUES,  CYCLE NUMBER 21,  AVDEV=   0.270
    1.6544    2.3269   82.7422   45.4143    2.6517    0.0000    5.2938
    0.7391    0.4739   90.6005   29.8129    1.8420    0.0000    3.4126
    0.0968    0.0000   92.1290   15.5298    2.5243    0.0000    1.6315
    0.0734    0.7697   95.0131   35.6901    2.2826    0.1446    4.2692
    0.0000    0.0000   94.2467   12.8350    2.5663    0.1717    0.9807
    0.0000    2.8857    0.8174    3.8081    0.4373    2.0167    0.4087
    0.2899    1.3325    0.3746    0.0000    1.8126    0.4555    0.5307
   -0.6672   -0.0066    0.0000    1.1461    0.3044    0.3560   -0.5476
   -0.0055   -0.0173   -0.0047    0.0000    0.7068    0.1665    0.1971
   -0.1035   -0.0041   -0.0398   -0.0035    0.0000    0.1994    0.0063
    0.0041   -0.0247   -0.0030
 PARAMETER VALUES,  CYCLE NUMBER 22,  AVDEV=   0.270
    1.6544    2.3269   82.7382   45.3849    2.6507    0.0000    5.3035
    0.7292    0.4856   90.5982   29.7718    1.8456    0.0000    3.3988
    0.0944    0.0000   92.1289   15.5295    2.5243    0.0000    1.6311
    0.0735    0.7698   96.1791   45.6895    2.3180    0.1566    4.0944
    0.0000    0.0142   94.2467   12.8350    2.5663    0.1717    0.9806
    0.0000    2.8857    0.8174    3.8081    0.4373    2.0167    0.4087
    0.2899    1.3325    0.3746    0.0000    1.8126    0.4555    0.5307
   -0.6672   -0.0066    0.0000    1.1461    0.3044    0.3560   -0.5476
   -0.0055   -0.0173   -0.0047    0.0000    0.7068    0.1665    0.1971
   -0.1035   -0.0041   -0.0398   -0.0035    0.0000    0.1994    0.0063
    0.0041   -0.0247   -0.0030
 PARAMETER VALUES,  CYCLE NUMBER 23,  AVDEV=   0.270
    1.6544    2.3269   82.7422   45.4143    2.6517    0.0000    5.2938
    0.7391    0.4738   90.6005   29.8128    1.8420    0.0000    3.4130
    0.0968    0.0000   92.1289   15.5296    2.5243    0.0000    1.6314
    0.0735    0.7697   95.0130   35.6899    2.2826    0.1444    4.2690
    0.0000    0.0000   94.2467   12.8350    2.5663    0.1717    0.9806
    0.0000    2.8857    0.8174    3.8081    0.4373    2.0167    0.4087
    0.2899    1.3325    0.3746    0.0000    1.8126    0.4555    0.5307
   -0.6672   -0.0066    0.0000    1.1461    0.3044    0.3560   -0.5476
   -0.0055   -0.0173   -0.0047    0.0000    0.7068    0.1665    0.1971
   -0.1035   -0.0041   -0.0398   -0.0035    0.0000    0.1994    0.0063
    0.0041   -0.0247   -0.0030
 PARAMETER VALUES,  CYCLE NUMBER 24,  AVDEV=   0.270
    1.6544    2.3269   82.7382   45.3849    2.6507    0.0000    5.3035
    0.7292    0.4855   90.5983   29.7719    1.8456    0.0000    3.3990
    0.0944    0.0000   92.1289   15.5294    2.5243    0.0000    1.6311
    0.0735    0.7698   96.1790   45.6893    2.3180    0.1565    4.0943
    0.0000    0.0141   94.2467   12.8351    2.5663    0.1717    0.9806
    0.0000    2.8857    0.8174    3.8081    0.4373    2.0167    0.4087
    0.2899    1.3325    0.3746    0.0000    1.8126    0.4555    0.5307
   -0.6672   -0.0066    0.0000    1.1461    0.3044    0.3560   -0.5476
   -0.0055   -0.0173   -0.0047    0.0000    0.7068    0.1665    0.1971
   -0.1035   -0.0041   -0.0398   -0.0035    0.0000    0.1994    0.0063
    0.0041   -0.0247   -0.0030
 PARAMETER VALUES,  CYCLE NUMBER 25,  AVDEV=   0.270
    1.6544    2.3269   82.7422   45.4142    2.6517    0.0000    5.2938
    0.7390    0.4738   90.6005   29.8128    1.8419    0.0000    3.4131
    0.0968    0.0000   92.1289   15.5296    2.5243    0.0000    1.6314
    0.0735    0.7697   95.0129   35.6896    2.2826    0.1443    4.2689
    0.0000    0.0000   94.2467   12.8350    2.5663    0.1717    0.9806
    0.0000    2.8857    0.8174    3.8081    0.4373    2.0167    0.4087
    0.2899    1.3325    0.3746    0.0000    1.8126    0.4555    0.5307
   -0.6672   -0.0066    0.0000    1.1461    0.3044    0.3560   -0.5476
   -0.0055   -0.0173   -0.0047    0.0000    0.7068    0.1665    0.1971
   -0.1035   -0.0041   -0.0398   -0.0035    0.0000    0.1994    0.0063
    0.0041   -0.0247   -0.0030
 PARAMETER VALUES,  CYCLE NUMBER 26,  AVDEV=   0.270
    1.6544    2.3269   82.7382   45.3849    2.6507    0.0000    5.3035
    0.7291    0.4855   90.5983   29.7719    1.8456    0.0000    3.3991
    0.0944    0.0000   92.1289   15.5294    2.5243    0.0000    1.6311
    0.0735    0.7698   96.1790   45.6890    2.3180    0.1564    4.0943
    0.0000    0.0140   94.2467   12.8351    2.5663    0.1717    0.9806
    0.0000    2.8857    0.8174    3.8081    0.4373    2.0167    0.4087
    0.2899    1.3325    0.3746    0.0000    1.8126    0.4555    0.5307
   -0.6672   -0.0066    0.0000    1.1461    0.3044    0.3560   -0.5476
   -0.0055   -0.0173   -0.0047    0.0000    0.7068    0.1665    0.1971
   -0.1035   -0.0041   -0.0398   -0.0035    0.0000    0.1994    0.0063
    0.0041   -0.0247   -0.0030
 PARAMETER VALUES,  CYCLE NUMBER 27,  AVDEV=   0.270
    1.6544    2.3269   82.7422   45.4142    2.6517    0.0000    5.2938
    0.7390    0.4738   90.6005   29.8128    1.8419    0.0000    3.4132
    0.0968    0.0000   92.1289   15.5296    2.5243    0.0000    1.6314
    0.0735    0.7697   95.0129   35.6893    2.2826    0.1443    4.2689
    0.0000    0.0000   94.2467   12.8350    2.5663    0.1717    0.9806
    0.0000    2.8857    0.8174    3.8081    0.4373    2.0167    0.4087
    0.2899    1.3325    0.3746    0.0000    1.8126    0.4555    0.5307
   -0.6672   -0.0066    0.0000    1.1461    0.3044    0.3560   -0.5476
   -0.0055   -0.0173   -0.0047    0.0000    0.7068    0.1665    0.1971
   -0.1035   -0.0041   -0.0398   -0.0035    0.0000    0.1994    0.0063
    0.0041   -0.0247   -0.0030
 PARAMETER VALUES,  CYCLE NUMBER 28,  AVDEV=   0.270
    1.6544    2.3269   82.7382   45.3849    2.6507    0.0000    5.3035
    0.7291    0.4855   90.5983   29.7719    1.8456    0.0000    3.3991
    0.0944    0.0000   92.1289   15.5294    2.5243    0.0000    1.6311
    0.0735    0.7698   96.1789   45.6887    2.3180    0.1564    4.0943
    0.0000    0.0140   94.2467   12.8351    2.5663    0.1717    0.9806
    0.0000    2.8857    0.8174    3.8081    0.4373    2.0167    0.4087
    0.2899    1.3325    0.3746    0.0000    1.8126    0.4555    0.5307
   -0.6672   -0.0066    0.0000    1.1461    0.3044    0.3560   -0.5476
   -0.0055   -0.0173   -0.0047    0.0000    0.7068    0.1665    0.1971
   -0.1035   -0.0041   -0.0398   -0.0035    0.0000    0.1994    0.0063
    0.0041   -0.0247   -0.0030
 PARAMETER VALUES,  CYCLE NUMBER 29,  AVDEV=   0.270
    1.6544    2.3269   82.7422   45.4142    2.6517    0.0000    5.2938
    0.7390    0.4738   90.6005   29.8128    1.8419    0.0000    3.4132
    0.0968    0.0000   92.1289   15.5296    2.5243    0.0000    1.6314
    0.0735    0.7697   95.0128   35.6891    2.2826    0.1443    4.2689
    0.0000    0.0000   94.2467   12.8350    2.5663    0.1717    0.9806
    0.0000    2.8857    0.8174    3.8081    0.4373    2.0167    0.4087
    0.2899    1.3325    0.3746    0.0000    1.8126    0.4555    0.5307
   -0.6672   -0.0066    0.0000    1.1461    0.3044    0.3560   -0.5476
   -0.0055   -0.0173   -0.0047    0.0000    0.7068    0.1665    0.1971
   -0.1035   -0.0041   -0.0398   -0.0035    0.0000    0.1994    0.0063
    0.0041   -0.0247   -0.0030
 PARAMETER VALUES,  CYCLE NUMBER 30,  AVDEV=   0.270
    1.6544    2.3269   82.7382   45.3849    2.6507    0.0000    5.3035
    0.7291    0.4855   90.5983   29.7719    1.8456    0.0000    3.3991
    0.0944    0.0000   92.1289   15.5294    2.5243    0.0000    1.6311
    0.0735    0.7698   96.1789   45.6885    2.3180    0.1564    4.0943
    0.0000    0.0140   94.2467   12.8351    2.5663    0.1717    0.9806
    0.0000    2.8857    0.8174    3.8081    0.4373    2.0167    0.4087
    0.2899    1.3325    0.3746    0.0000    1.8126    0.4555    0.5307
   -0.6672   -0.0066    0.0000    1.1461    0.3044    0.3560   -0.5476
   -0.0055   -0.0173   -0.0047    0.0000    0.7068    0.1665    0.1971
   -0.1035   -0.0041   -0.0398   -0.0035    0.0000    0.1994    0.0063
    0.0041   -0.0247   -0.0030
 PARAMETER VALUES,  CYCLE NUMBER 31,  AVDEV=   0.270
    1.6544    2.3269   82.7422   45.4142    2.6517    0.0000    5.2938
    0.7390    0.4738   90.6005   29.8128    1.8419    0.0000    3.4132
    0.0968    0.0000   92.1289   15.5296    2.5243    0.0000    1.6314
    0.0735    0.7697   95.0128   35.6888    2.2826    0.1443    4.2689
    0.0000    0.0000   94.2467   12.8350    2.5663    0.1717    0.9806
    0.0000    2.8857    0.8174    3.8081    0.4373    2.0167    0.4087
    0.2899    1.3325    0.3746    0.0000    1.8126    0.4555    0.5307
   -0.6672   -0.0066    0.0000    1.1461    0.3044    0.3560   -0.5476
   -0.0055   -0.0173   -0.0047    0.0000    0.7068    0.1665    0.1971
   -0.1035   -0.0041   -0.0398   -0.0035    0.0000    0.1994    0.0063
    0.0041   -0.0247   -0.0030
 PARAMETER VALUES,  CYCLE NUMBER 32,  AVDEV=   0.270
    1.6544    2.3269   82.7382   45.3849    2.6507    0.0000    5.3035
    0.7291    0.4855   90.5983   29.7719    1.8456    0.0000    3.3991
    0.0944    0.0000   92.1289   15.5294    2.5243    0.0000    1.6311
    0.0735    0.7698   96.1789   45.6882    2.3180    0.1564    4.0943
    0.0000    0.0140   94.2467   12.8351    2.5663    0.1717    0.9806
    0.0000    2.8857    0.8174    3.8081    0.4373    2.0167    0.4087
    0.2899    1.3325    0.3746    0.0000    1.8126    0.4555    0.5307
   -0.6672   -0.0066    0.0000    1.1461    0.3044    0.3560   -0.5476
   -0.0055   -0.0173   -0.0047    0.0000    0.7068    0.1665    0.1971
   -0.1035   -0.0041   -0.0398   -0.0035    0.0000    0.1994    0.0063
    0.0041   -0.0247   -0.0030
 PARAMETER VALUES,  CYCLE NUMBER 33,  AVDEV=   0.270
    1.6544    2.3269   82.7422   45.4142    2.6517    0.0000    5.2938
    0.7390    0.4738   90.6005   29.8128    1.8419    0.0000    3.4132
    0.0968    0.0000   92.1289   15.5296    2.5243    0.0000    1.6314
    0.0735    0.7697   95.0128   35.6886    2.2826    0.1443    4.2689
    0.0000    0.0000   94.2467   12.8350    2.5663    0.1717    0.9806
    0.0000    2.8857    0.8174    3.8081    0.4373    2.0167    0.4087
    0.2899    1.3325    0.3746    0.0000    1.8126    0.4555    0.5307
   -0.6672   -0.0066    0.0000    1.1461    0.3044    0.3560   -0.5476
   -0.0055   -0.0173   -0.0047    0.0000    0.7068    0.1665    0.1971
   -0.1035   -0.0041   -0.0398   -0.0035    0.0000    0.1994    0.0063
    0.0041   -0.0247   -0.0030
 PARAMETER VALUES,  CYCLE NUMBER 34,  AVDEV=   0.270
    1.6544    2.3269   82.7382   45.3849    2.6507    0.0000    5.3035
    0.7291    0.4855   90.5983   29.7719    1.8456    0.0000    3.3991
    0.0944    0.0000   92.1289   15.5294    2.5243    0.0000    1.6311
    0.0735    0.7698   96.1788   45.6879    2.3180    0.1564    4.0943
    0.0000    0.0140   94.2467   12.8351    2.5663    0.1717    0.9806
    0.0000    2.8857    0.8174    3.8081    0.4373    2.0167    0.4087
    0.2899    1.3325    0.3746    0.0000    1.8126    0.4555    0.5307
   -0.6672   -0.0066    0.0000    1.1461    0.3044    0.3560   -0.5476
   -0.0055   -0.0173   -0.0047    0.0000    0.7068    0.1665    0.1971
   -0.1035   -0.0041   -0.0398   -0.0035    0.0000    0.1994    0.0063
    0.0041   -0.0247   -0.0030
 PARAMETER VALUES,  CYCLE NUMBER 35,  AVDEV=   0.270
    1.6544    2.3269   82.7422   45.4142    2.6517    0.0000    5.2938
    0.7390    0.4738   90.6005   29.8128    1.8419    0.0000    3.4132
    0.0968    0.0000   92.1289   15.5296    2.5243    0.0000    1.6314
    0.0735    0.7697   95.0128   35.6883    2.2826    0.1443    4.2689
    0.0000    0.0000   94.2467   12.8350    2.5663    0.1717    0.9806
    0.0000    2.8857    0.8174    3.8081    0.4373    2.0167    0.4087
    0.2899    1.3325    0.3746    0.0000    1.8126    0.4555    0.5307
   -0.6672   -0.0066    0.0000    1.1461    0.3044    0.3560   -0.5476
   -0.0055   -0.0173   -0.0047    0.0000    0.7068    0.1665    0.1971
   -0.1035   -0.0041   -0.0398   -0.0035    0.0000    0.1994    0.0063
    0.0041   -0.0247   -0.0030
 PARAMETER VALUES,  CYCLE NUMBER 36,  AVDEV=   0.270
    1.6544    2.3269   82.7382   45.3849    2.6507    0.0000    5.3035
    0.7291    0.4855   90.5983   29.7719    1.8456    0.0000    3.3991
    0.0944    0.0000   92.1289   15.5294    2.5243    0.0000    1.6311
    0.0735    0.7698   96.1788   45.6877    2.3180    0.1564    4.0943
    0.0000    0.0140   94.2467   12.8351    2.5663    0.1717    0.9806
    0.0000    2.8857    0.8174    3.8081    0.4373    2.0167    0.4087
    0.2899    1.3325    0.3746    0.0000    1.8126    0.4555    0.5307
   -0.6672   -0.0066    0.0000    1.1461    0.3044    0.3560   -0.5476
   -0.0055   -0.0173   -0.0047    0.0000    0.7068    0.1665    0.1971
   -0.1035   -0.0041   -0.0398   -0.0035    0.0000    0.1994    0.0063
    0.0041   -0.0247   -0.0030
 PARAMETER VALUES,  CYCLE NUMBER 37,  AVDEV=   0.270
    1.6544    2.3269   82.7422   45.4142    2.6517    0.0000    5.2938
    0.7390    0.4738   90.6005   29.8128    1.8419    0.0000    3.4132
    0.0968    0.0000   92.1289   15.5296    2.5243    0.0000    1.6314
    0.0735    0.7697   95.0127   35.6880    2.2826    0.1443    4.2689
    0.0000    0.0000   94.2467   12.8350    2.5663    0.1717    0.9806
    0.0000    2.8857    0.8174    3.8081    0.4373    2.0167    0.4087
    0.2899    1.3325    0.3746    0.0000    1.8126    0.4555    0.5307
   -0.6672   -0.0066    0.0000    1.1461    0.3044    0.3560   -0.5476
   -0.0055   -0.0173   -0.0047    0.0000    0.7068    0.1665    0.1971
   -0.1035   -0.0041   -0.0398   -0.0035    0.0000    0.1994    0.0063
    0.0041   -0.0247   -0.0030
 PARAMETER VALUES,  CYCLE NUMBER 38,  AVDEV=   0.270
    1.6544    2.3269   82.7382   45.3849    2.6507    0.0000    5.3035
    0.7291    0.4855   90.5983   29.7719    1.8456    0.0000    3.3991
    0.0944    0.0000   92.1289   15.5294    2.5243    0.0000    1.6311
    0.0735    0.7698   96.1788   45.6874    2.3180    0.1564    4.0943
    0.0000    0.0140   94.2467   12.8351    2.5663    0.1717    0.9806
    0.0000    2.8857    0.8174    3.8081    0.4373    2.0167    0.4087
    0.2899    1.3325    0.3746    0.0000    1.8126    0.4555    0.5307
   -0.6672   -0.0066    0.0000    1.1461    0.3044    0.3560   -0.5476
   -0.0055   -0.0173   -0.0047    0.0000    0.7068    0.1665    0.1971
   -0.1035   -0.0041   -0.0398   -0.0035    0.0000    0.1994    0.0063
    0.0041   -0.0247   -0.0030
 PARAMETER VALUES,  CYCLE NUMBER 39,  AVDEV=   0.270
    1.6544    2.3269   82.7422   45.4142    2.6517    0.0000    5.2938
    0.7390    0.4738   90.6005   29.8128    1.8419    0.0000    3.4132
    0.0968    0.0000   92.1289   15.5296    2.5243    0.0000    1.6314
    0.0735    0.7697   95.0127   35.6878    2.2826    0.1443    4.2689
    0.0000    0.0000   94.2467   12.8350    2.5663    0.1717    0.9806
    0.0000    2.8857    0.8174    3.8081    0.4373    2.0167    0.4087
    0.2899    1.3325    0.3746    0.0000    1.8126    0.4555    0.5307
   -0.6672   -0.0066    0.0000    1.1461    0.3044    0.3560   -0.5476
   -0.0055   -0.0173   -0.0047    0.0000    0.7068    0.1665    0.1971
   -0.1035   -0.0041   -0.0398   -0.0035    0.0000    0.1994    0.0063
    0.0041   -0.0247   -0.0030
 PARAMETER VALUES,  CYCLE NUMBER 40,  AVDEV=   0.270
    1.6544    2.3269   82.7382   45.3849    2.6507    0.0000    5.3035
    0.7291    0.4855   90.5983   29.7719    1.8456    0.0000    3.3991
    0.0944    0.0000   92.1289   15.5294    2.5243    0.0000    1.6311
    0.0735    0.7698   96.1788   45.6871    2.3180    0.1564    4.0943
    0.0000    0.0140   94.2467   12.8351    2.5663    0.1717    0.9806
    0.0000    2.8857    0.8174    3.8081    0.4373    2.0167    0.4087
    0.2899    1.3325    0.3746    0.0000    1.8126    0.4555    0.5307
   -0.6672   -0.0066    0.0000    1.1461    0.3044    0.3560   -0.5476
   -0.0055   -0.0173   -0.0047    0.0000    0.7068    0.1665    0.1971
   -0.1035   -0.0041   -0.0398   -0.0035    0.0000    0.1994    0.0063
    0.0041   -0.0247   -0.0030
 PARAMETER VALUES FOR RCG INPUT
Br I  4s24p5            1.6544   2.3269
Br I  4s24p45p         82.7382  45.3849    2.6507    0.0000    5.3035 LS99999999
   0.7291    0.4855
Br I  4s24p46p         90.5983  29.7719    1.8456    0.0000    3.3991 LS99999999
   0.0944    0.0000
Br I  4s24p44f         92.1289  15.5294    2.5243    0.0000    1.6311 LS99999999
   0.0735    0.7698
Br I  4s24p47p         96.1788  45.6871    2.3180    0.1564    4.0943 LS99999999
   0.0000    0.0140
Br I  4s24p45f         94.2467  12.8351    2.5663    0.1717    0.9806 LS99999999
   0.0000    2.8857
4s24p5  -4s24p45p      0.8174    3.8081
4s24p5  -4s24p46p      0.4373    2.0167
4s24p5  -4s24p44f      0.4087
4s24p5  -4s24p47p      0.2899    1.3325
4s24p5  -4s24p45f      0.3746
4s24p45p-4s24p46p      0.0000    1.8126    0.4555    0.5307
4s24p45p-4s24p44f     -0.6672   -0.0066
4s24p45p-4s24p47p      0.0000    1.1461    0.3044    0.3560
4s24p45p-4s24p45f     -0.5476   -0.0055
4s24p46p-4s24p44f     -0.0173   -0.0047
4s24p46p-4s24p47p      0.0000    0.7068    0.1665    0.1971
4s24p46p-4s24p45f     -0.1035   -0.0041
4s24p44f-4s24p47p     -0.0398   -0.0035
4s24p44f-4s24p45f      0.0000    0.1994    0.0063    0.0041
4s24p47p-4s24p45f     -0.0247   -0.0030

Br I      4s24p45s  4s24p44d  4s24p46s  4s4p6     4s24p45d  4s24p47s
4s24p46d
 PARAMETER VALUES,  CYCLE NUMBER  0,  AVDEV=   1.239
   70.9369   44.6697    2.6306    2.3018   87.5269   44.8812    2.6456
    0.0062    5.8546    4.0949    2.3802   88.8478   45.0486    2.6578
    0.4854  106.7213   92.5136   45.0399    2.6572    0.0028    2.1191
    1.7119    1.0053   94.5962   45.1093    2.6625    0.1919   96.6777
   45.0949    2.6614    0.0014    1.0076    0.8543    0.5037   -5.0370
   -1.2273    0.0000    1.0453   -0.4820   -2.6720   -0.7271    0.0000
    0.6539   -1.7292   -0.4938   -1.4518   -0.5676   14.1601    0.0000
    3.1951    2.6438    1.5448   -0.8689   -0.3577    0.0000    2.1319
    1.8651    1.0920   -0.2262   -1.2204   -0.3425    0.0000    0.3051
   -0.8452   -0.2343    9.2432   -0.1441    6.5499   -0.6175   -0.2168
    0.0000    1.4143    1.2091    0.7115   -0.4970   -0.1485
 PARAMETER VALUES,  CYCLE NUMBER  1,  AVDEV=   0.703
   70.9267   42.7182    2.6911    2.2371   87.4647   42.7939    2.6962
    0.0268    6.0931    3.3530    3.3700   88.6667   41.9787    2.5793
    1.0319  111.3733   91.9197   35.0404    2.5340    0.2121    0.4069
    0.0000    3.9383   95.5911   53.3730    2.6309    0.0000   97.7218
   53.7156    2.2416    0.1723    0.7212    0.0000    1.0308   -5.0370
   -1.2273    0.0000    1.0453   -0.4820   -2.6720   -0.7271    0.0000
    0.6539   -1.7292   -0.4938   -1.4518   -0.5676   14.1601    0.0000
    3.1951    2.6438    1.5448   -0.8689   -0.3577    0.0000    2.1319
    1.8651    1.0920   -0.2262   -1.2204   -0.3425    0.0000    0.3051
   -0.8452   -0.2343    9.2432   -0.1441    6.5499   -0.6175   -0.2168
    0.0000    1.4143    1.2091    0.7115   -0.4970   -0.1485
 PARAMETER VALUES,  CYCLE NUMBER  2,  AVDEV=   0.424
   70.9151   41.0915    2.7352    2.1863   87.4681   41.7055    2.6693
    0.0334    6.2586    3.1492    3.8845   88.4944   39.1582    2.4896
    1.0474  116.8803   91.2705   25.0413    2.2664    0.3379    0.0000
    0.0000    5.7204   95.1001   48.8817    2.5780    0.0000   98.1353
   56.6872    1.8151    0.3520    0.0000    0.0000    0.0000   -5.0370
   -1.2273    0.0000    1.0453   -0.4820   -2.6720   -0.7271    0.0000
    0.6539   -1.7292   -0.4938   -1.4518   -0.5676   14.1601    0.0000
    3.1951    2.6438    1.5448   -0.8689   -0.3577    0.0000    2.1319
    1.8651    1.0920   -0.2262   -1.2204   -0.3425    0.0000    0.3051
   -0.8452   -0.2343    9.2432   -0.1441    6.5499   -0.6175   -0.2168
    0.0000    1.4143    1.2091    0.7115   -0.4970   -0.1485
 PARAMETER VALUES,  CYCLE NUMBER  3,  AVDEV=   0.422
   70.9142   41.0576    2.7355    2.1859   87.4754   41.7573    2.6723
    0.0334    6.2655    3.1592    3.8472   88.4992   39.2115    2.4756
    1.0135  117.2745   91.2663   24.8618    2.2645    0.3456    0.0000
    0.0000    5.8444   94.9983   47.9542    2.5796    0.0000   96.9459
   46.6873    1.8048    0.3545    0.0000    0.0000    0.0149   -5.0370
   -1.2273    0.0000    1.0453   -0.4820   -2.6720   -0.7271    0.0000
    0.6539   -1.7292   -0.4938   -1.4518   -0.5676   14.1601    0.0000
    3.1951    2.6438    1.5448   -0.8689   -0.3577    0.0000    2.1319
    1.8651    1.0920   -0.2262   -1.2204   -0.3425    0.0000    0.3051
   -0.8452   -0.2343    9.2432   -0.1441    6.5499   -0.6175   -0.2168
    0.0000    1.4143    1.2091    0.7115   -0.4970   -0.1485
 PARAMETER VALUES,  CYCLE NUMBER  4,  AVDEV=   0.418
   70.9129   41.0126    2.7359    2.1853   87.4848   41.8232    2.6766
    0.0332    6.2733    3.1741    3.7980   88.5031   39.2689    2.4555
    0.9692  117.8305   91.2679   24.6397    2.2686    0.3582    0.0000
    0.0000    6.0540   94.9016   47.0684    2.5808    0.0000   95.7594
   36.6874    1.7961    0.3610    0.0000    0.0000    0.0000   -5.0370
   -1.2273    0.0000    1.0453   -0.4820   -2.6720   -0.7271    0.0000
    0.6539   -1.7292   -0.4938   -1.4518   -0.5676   14.1601    0.0000
    3.1951    2.6438    1.5448   -0.8689   -0.3577    0.0000    2.1319
    1.8651    1.0920   -0.2262   -1.2204   -0.3425    0.0000    0.3051
   -0.8452   -0.2343    9.2432   -0.1441    6.5499   -0.6175   -0.2168
    0.0000    1.4143    1.2091    0.7115   -0.4970   -0.1485
 PARAMETER VALUES,  CYCLE NUMBER  5,  AVDEV=   0.410
   70.9107   40.9451    2.7361    2.1844   87.4990   41.9288    2.6830
    0.0328    6.2867    3.1982    3.7200   88.5052   39.3605    2.4190
    0.9009  118.6912   91.2680   24.3372    2.2696    0.3736    0.0000
    0.0000    6.3338   94.7958   46.0891    2.5815    0.0000   94.5845
   26.6875    1.7807    0.3696    0.0000    0.0000    0.0272   -5.0370
   -1.2273    0.0000    1.0453   -0.4820   -2.6720   -0.7271    0.0000
    0.6539   -1.7292   -0.4938   -1.4518   -0.5676   14.1601    0.0000
    3.1951    2.6438    1.5448   -0.8689   -0.3577    0.0000    2.1319
    1.8651    1.0920   -0.2262   -1.2204   -0.3425    0.0000    0.3051
   -0.8452   -0.2343    9.2432   -0.1441    6.5499   -0.6175   -0.2168
    0.0000    1.4143    1.2091    0.7115   -0.4970   -0.1485
 PARAMETER VALUES,  CYCLE NUMBER  6,  AVDEV=   0.390
   70.9037   40.7818    2.7361    2.1823   87.5288   42.1554    2.6958
    0.0316    6.3058    3.2791    3.5518   88.4842   39.5880    2.3134
    0.8195  121.0612   91.2742   23.8584    2.2707    0.4005    0.0000
    0.0000    6.8890   94.6845   45.0473    2.5814    0.0000   93.4352
   16.6878    1.7541    0.3878    0.0000    0.0000    0.1827   -5.0370
   -1.2273    0.0000    1.0453   -0.4820   -2.6720   -0.7271    0.0000
    0.6539   -1.7292   -0.4938   -1.4518   -0.5676   14.1601    0.0000
    3.1951    2.6438    1.5448   -0.8689   -0.3577    0.0000    2.1319
    1.8651    1.0920   -0.2262   -1.2204   -0.3425    0.0000    0.3051
   -0.8452   -0.2343    9.2432   -0.1441    6.5499   -0.6175   -0.2168
    0.0000    1.4143    1.2091    0.7115   -0.4970   -0.1485
 PARAMETER VALUES,  CYCLE NUMBER  7,  AVDEV=   0.371
   70.8735   40.2190    2.7493    2.1664   87.5922   42.6789    2.7362
    0.0229    6.4208    3.5044    3.0283   88.3550   40.6096    1.8127
    0.4101  129.9012   91.3426   23.2754    2.1967    0.4247    0.0000
    0.0000    8.6720   94.6683   45.0341    2.6131    0.0000   93.0370
   12.6497    1.6957    0.4363    0.0000    0.0000    0.9928   -5.0370
   -1.2273    0.0000    1.0453   -0.4820   -2.6720   -0.7271    0.0000
    0.6539   -1.7292   -0.4938   -1.4518   -0.5676   14.1601    0.0000
    3.1951    2.6438    1.5448   -0.8689   -0.3577    0.0000    2.1319
    1.8651    1.0920   -0.2262   -1.2204   -0.3425    0.0000    0.3051
   -0.8452   -0.2343    9.2432   -0.1441    6.5499   -0.6175   -0.2168
    0.0000    1.4143    1.2091    0.7115   -0.4970   -0.1485
 PARAMETER VALUES,  CYCLE NUMBER  8,  AVDEV=   0.372
   70.8516   39.9081    2.7478    2.1614   87.5774   42.5962    2.7217
    0.0181    6.6806    3.3485    3.2028   88.3731   40.2165    1.9096
    0.6849  139.9001   91.3455   23.2813    2.1218    0.5034    0.0000
    0.0000    9.7655   94.5688   44.7026    2.7243    0.0000   92.9889
   11.7513    1.7338    0.4221    0.0000    0.0000    0.5811   -5.0370
   -1.2273    0.0000    1.0453   -0.4820   -2.6720   -0.7271    0.0000
    0.6539   -1.7292   -0.4938   -1.4518   -0.5676   14.1601    0.0000
    3.1951    2.6438    1.5448   -0.8689   -0.3577    0.0000    2.1319
    1.8651    1.0920   -0.2262   -1.2204   -0.3425    0.0000    0.3051
   -0.8452   -0.2343    9.2432   -0.1441    6.5499   -0.6175   -0.2168
    0.0000    1.4143    1.2091    0.7115   -0.4970   -0.1485
 PARAMETER VALUES,  CYCLE NUMBER  9,  AVDEV=   0.373
   70.8505   39.8901    2.7582    2.1554   87.5311   42.1780    2.7233
    0.0300    6.6190    3.2957    3.3087   88.3684   40.3049    1.8751
    0.2021  148.4901   91.3986   23.2778    1.9745    0.4587    0.0000
    0.0000   11.6462   95.3342   51.8125    2.7160    0.0000   93.1803
   13.6459    1.6862    0.4237    0.0000    0.0000    0.9674   -5.0370
   -1.2273    0.0000    1.0453   -0.4820   -2.6720   -0.7271    0.0000
    0.6539   -1.7292   -0.4938   -1.4518   -0.5676   14.1601    0.0000
    3.1951    2.6438    1.5448   -0.8689   -0.3577    0.0000    2.1319
    1.8651    1.0920   -0.2262   -1.2204   -0.3425    0.0000    0.3051
   -0.8452   -0.2343    9.2432   -0.1441    6.5499   -0.6175   -0.2168
    0.0000    1.4143    1.2091    0.7115   -0.4970   -0.1485
 PARAMETER VALUES,  CYCLE NUMBER 10,  AVDEV=   0.372
   70.8563   39.9746    2.7588    2.1566   87.5080   41.9968    2.7124
    0.0287    6.6466    3.2314    3.4594   88.3670   40.3241    1.8861
    0.4947  149.8564   91.4432   23.4329    1.9448    0.4566    0.0000
    0.0000   12.0241   94.5691   44.9566    2.7487    0.0000   93.1759
   13.7079    1.7022    0.4280    0.0000    0.0000    0.7223   -5.0370
   -1.2273    0.0000    1.0453   -0.4820   -2.6720   -0.7271    0.0000
    0.6539   -1.7292   -0.4938   -1.4518   -0.5676   14.1601    0.0000
    3.1951    2.6438    1.5448   -0.8689   -0.3577    0.0000    2.1319
    1.8651    1.0920   -0.2262   -1.2204   -0.3425    0.0000    0.3051
   -0.8452   -0.2343    9.2432   -0.1441    6.5499   -0.6175   -0.2168
    0.0000    1.4143    1.2091    0.7115   -0.4970   -0.1485
 PARAMETER VALUES,  CYCLE NUMBER 11,  AVDEV=   0.372
   70.8658   40.1119    2.7592    2.1593   87.4760   41.7400    2.6992
    0.0285    6.7156    3.1444    3.6497   88.3811   40.3137    1.8991
    0.5658  154.1164   91.4727   23.5666    1.8909    0.4508    0.0000
    0.0000   12.4822   94.9717   48.5324    2.7329    0.0000   93.2105
   13.9391    1.6974    0.4320    0.0000    0.0000    0.4893   -5.0370
   -1.2273    0.0000    1.0453   -0.4820   -2.6720   -0.7271    0.0000
    0.6539   -1.7292   -0.4938   -1.4518   -0.5676   14.1601    0.0000
    3.1951    2.6438    1.5448   -0.8689   -0.3577    0.0000    2.1319
    1.8651    1.0920   -0.2262   -1.2204   -0.3425    0.0000    0.3051
   -0.8452   -0.2343    9.2432   -0.1441    6.5499   -0.6175   -0.2168
    0.0000    1.4143    1.2091    0.7115   -0.4970   -0.1485
 PARAMETER VALUES,  CYCLE NUMBER 12,  AVDEV=   0.372
   70.8998   40.5954    2.7554    2.1701   87.4657   41.6376    2.6975
    0.0378    6.7389    3.1393    3.6883   88.4132   40.5845    1.8990
    0.5223  157.7314   91.4015   22.7055    1.8369    0.4546    0.0000
    0.0000   13.1050   94.8423   47.3268    2.7428    0.0000   93.3045
   14.7778    1.7090    0.4259    0.0000    0.0000    0.4869   -5.0370
   -1.2273    0.0000    1.0453   -0.4820   -2.6720   -0.7271    0.0000
    0.6539   -1.7292   -0.4938   -1.4518   -0.5676   14.1601    0.0000
    3.1951    2.6438    1.5448   -0.8689   -0.3577    0.0000    2.1319
    1.8651    1.0920   -0.2262   -1.2204   -0.3425    0.0000    0.3051
   -0.8452   -0.2343    9.2432   -0.1441    6.5499   -0.6175   -0.2168
    0.0000    1.4143    1.2091    0.7115   -0.4970   -0.1485
 PARAMETER VALUES,  CYCLE NUMBER 13,  AVDEV=   0.387
   70.9869   41.8299    2.7446    2.1979   87.5186   42.0468    2.7188
    0.0239    6.4708    3.5125    3.3302   88.4679   41.0492    1.9259
    0.5895  147.7329   91.1820   19.9700    1.7250    0.4949    0.0000
    0.0000   14.6107   95.3518   51.9187    2.7140    0.0000   93.3351
   14.8765    1.7259    0.4257    0.0000    0.0000    0.4554   -5.0370
   -1.2273    0.0000    1.0453   -0.4820   -2.6720   -0.7271    0.0000
    0.6539   -1.7292   -0.4938   -1.4518   -0.5676   14.1601    0.0000
    3.1951    2.6438    1.5448   -0.8689   -0.3577    0.0000    2.1319
    1.8651    1.0920   -0.2262   -1.2204   -0.3425    0.0000    0.3051
   -0.8452   -0.2343    9.2432   -0.1441    6.5499   -0.6175   -0.2168
    0.0000    1.4143    1.2091    0.7115   -0.4970   -0.1485
 PARAMETER VALUES,  CYCLE NUMBER 14,  AVDEV=   0.380
   70.9171   40.8360    2.7518    2.1752   87.5524   42.3113    2.7196
    0.0258    6.2989    3.6779    3.1477   88.5202   41.5562    1.9344
    0.4766  145.8911   91.3248   20.8688    1.7218    0.5216    0.0000
    0.0000   14.7691   94.3130   42.7004    2.7775    0.0000   93.0562
   12.7674    1.6812    0.4358    0.0000    0.0000    1.2733   -5.0370
   -1.2273    0.0000    1.0453   -0.4820   -2.6720   -0.7271    0.0000
    0.6539   -1.7292   -0.4938   -1.4518   -0.5676   14.1601    0.0000
    3.1951    2.6438    1.5448   -0.8689   -0.3577    0.0000    2.1319
    1.8651    1.0920   -0.2262   -1.2204   -0.3425    0.0000    0.3051
   -0.8452   -0.2343    9.2432   -0.1441    6.5499   -0.6175   -0.2168
    0.0000    1.4143    1.2091    0.7115   -0.4970   -0.1485
 PARAMETER VALUES,  CYCLE NUMBER 15,  AVDEV=   0.382
   70.9461   41.2485    2.7465    2.1860   87.5070   41.9548    2.7190
    0.0322    6.4577    3.3359    3.4754   88.5354   41.6234    1.9310
    0.5792  150.0489   91.1963   20.4408    1.7300    0.5279    0.0000
    0.0000   13.6952   94.8675   48.0298    2.8058    0.0000   93.3273
   15.0283    1.6499    0.4440    0.0000    0.0488    0.7326   -5.0370
   -1.2273    0.0000    1.0453   -0.4820   -2.6720   -0.7271    0.0000
    0.6539   -1.7292   -0.4938   -1.4518   -0.5676   14.1601    0.0000
    3.1951    2.6438    1.5448   -0.8689   -0.3577    0.0000    2.1319
    1.8651    1.0920   -0.2262   -1.2204   -0.3425    0.0000    0.3051
   -0.8452   -0.2343    9.2432   -0.1441    6.5499   -0.6175   -0.2168
    0.0000    1.4143    1.2091    0.7115   -0.4970   -0.1485
 PARAMETER VALUES,  CYCLE NUMBER 16,  AVDEV=   0.358
   70.9588   41.4246    2.7395    2.1935   87.5255   42.1399    2.7275
    0.0368    6.3683    3.3925    3.2617   88.5211   41.5990    1.9062
    0.5415  140.0493   91.2220   20.3515    1.7332    0.5285    0.0000
    0.2965   12.9615   93.8733   40.4196    3.1518    0.0000   93.2352
   14.3645    1.7019    0.4382    0.0000    0.0000    0.5793   -5.0370
   -1.2273    0.0000    1.0453   -0.4820   -2.6720   -0.7271    0.0000
    0.6539   -1.7292   -0.4938   -1.4518   -0.5676   14.1601    0.0000
    3.1951    2.6438    1.5448   -0.8689   -0.3577    0.0000    2.1319
    1.8651    1.0920   -0.2262   -1.2204   -0.3425    0.0000    0.3051
   -0.8452   -0.2343    9.2432   -0.1441    6.5499   -0.6175   -0.2168
    0.0000    1.4143    1.2091    0.7115   -0.4970   -0.1485
 PARAMETER VALUES,  CYCLE NUMBER 17,  AVDEV=   0.347
   70.9993   41.9981    2.7314    2.2086   87.5639   42.4564    2.7363
    0.0430    6.2042    3.5476    2.9438   88.5053   41.5399    1.8950
    0.5490  130.0499   91.1865   20.2207    1.7204    0.5157    0.0000
    0.3693   12.2364   94.0442   42.3638    3.2884    0.0000   93.2025
   13.9969    1.6907    0.4352    0.0000    0.0000    0.5021   -5.0370
   -1.2273    0.0000    1.0453   -0.4820   -2.6720   -0.7271    0.0000
    0.6539   -1.7292   -0.4938   -1.4518   -0.5676   14.1601    0.0000
    3.1951    2.6438    1.5448   -0.8689   -0.3577    0.0000    2.1319
    1.8651    1.0920   -0.2262   -1.2204   -0.3425    0.0000    0.3051
   -0.8452   -0.2343    9.2432   -0.1441    6.5499   -0.6175   -0.2168
    0.0000    1.4143    1.2091    0.7115   -0.4970   -0.1485
 PARAMETER VALUES,  CYCLE NUMBER 18,  AVDEV=   0.342
   71.0594   42.8451    2.7237    2.2294   87.5783   42.6132    2.7281
    0.0466    6.1751    3.5483    2.8091   88.5054   41.5946    1.8787
    0.5327  123.6758   91.1664   20.2688    1.6683    0.4640    0.3265
    0.5363   11.4430   94.1104   43.2158    3.4026    0.0000   93.1945
   13.8781    1.6888    0.4306    0.0000    0.0000    0.4282   -5.0370
   -1.2273    0.0000    1.0453   -0.4820   -2.6720   -0.7271    0.0000
    0.6539   -1.7292   -0.4938   -1.4518   -0.5676   14.1601    0.0000
    3.1951    2.6438    1.5448   -0.8689   -0.3577    0.0000    2.1319
    1.8651    1.0920   -0.2262   -1.2204   -0.3425    0.0000    0.3051
   -0.8452   -0.2343    9.2432   -0.1441    6.5499   -0.6175   -0.2168
    0.0000    1.4143    1.2091    0.7115   -0.4970   -0.1485
 PARAMETER VALUES,  CYCLE NUMBER 19,  AVDEV=   0.340
   71.0768   43.0891    2.7238    2.2345   87.5157   42.1547    2.7109
    0.0353    6.5042    3.1914    3.2233   88.5163   41.6134    1.8752
    0.5330  125.4889   91.1981   20.7438    1.6375    0.4499    0.5194
    0.6405   11.2233   94.1167   43.2101    3.3669    0.0000   93.2835
   14.6342    1.7034    0.4296    0.0000    0.0000    0.3826   -5.0370
   -1.2273    0.0000    1.0453   -0.4820   -2.6720   -0.7271    0.0000
    0.6539   -1.7292   -0.4938   -1.4518   -0.5676   14.1601    0.0000
    3.1951    2.6438    1.5448   -0.8689   -0.3577    0.0000    2.1319
    1.8651    1.0920   -0.2262   -1.2204   -0.3425    0.0000    0.3051
   -0.8452   -0.2343    9.2432   -0.1441    6.5499   -0.6175   -0.2168
    0.0000    1.4143    1.2091    0.7115   -0.4970   -0.1485
 PARAMETER VALUES,  CYCLE NUMBER 20,  AVDEV=   0.340
   71.0752   43.0659    2.7256    2.2335   87.5171   42.2020    2.6959
    0.0253    6.5969    3.2262    3.2084   88.5296   41.7168    1.8756
    0.5350  125.3270   91.2076   20.9114    1.5850    0.4527    0.5954
    0.8115   11.0572   94.1104   43.1734    3.3747    0.0000   93.1280
   13.0991    1.7255    0.4264    0.0000    0.0000    0.7080   -5.0370
   -1.2273    0.0000    1.0453   -0.4820   -2.6720   -0.7271    0.0000
    0.6539   -1.7292   -0.4938   -1.4518   -0.5676   14.1601    0.0000
    3.1951    2.6438    1.5448   -0.8689   -0.3577    0.0000    2.1319
    1.8651    1.0920   -0.2262   -1.2204   -0.3425    0.0000    0.3051
   -0.8452   -0.2343    9.2432   -0.1441    6.5499   -0.6175   -0.2168
    0.0000    1.4143    1.2091    0.7115   -0.4970   -0.1485
 PARAMETER VALUES,  CYCLE NUMBER 21,  AVDEV=   0.340
   71.0767   43.0896    2.7246    2.2344   87.4998   42.0508    2.6997
    0.0319    6.6440    3.0667    3.3160   88.5194   41.6155    1.8688
    0.5227  125.6104   91.1867   21.0543    1.5694    0.4860    0.6409
    0.7502   10.6925   94.1082   43.1684    3.3684    0.0000   93.3921
   15.6389    1.6589    0.4356    0.0000    0.0000    0.3675   -5.0370
   -1.2273    0.0000    1.0453   -0.4820   -2.6720   -0.7271    0.0000
    0.6539   -1.7292   -0.4938   -1.4518   -0.5676   14.1601    0.0000
    3.1951    2.6438    1.5448   -0.8689   -0.3577    0.0000    2.1319
    1.8651    1.0920   -0.2262   -1.2204   -0.3425    0.0000    0.3051
   -0.8452   -0.2343    9.2432   -0.1441    6.5499   -0.6175   -0.2168
    0.0000    1.4143    1.2091    0.7115   -0.4970   -0.1485
 PARAMETER VALUES,  CYCLE NUMBER 22,  AVDEV=   0.343
   71.0765   43.0846    2.7265    2.2333   87.5187   42.2416    2.6948
    0.0245    6.6226    3.2004    3.2046   88.5374   41.7863    1.8763
    0.5480  124.8480   91.2106   20.8732    1.4932    0.4657    0.7748
    1.1070   11.1133   94.0545   42.5330    3.3921    0.0000   93.0666
   12.7100    1.7327    0.4243    0.0000    0.0000    1.3044   -5.0370
   -1.2273    0.0000    1.0453   -0.4820   -2.6720   -0.7271    0.0000
    0.6539   -1.7292   -0.4938   -1.4518   -0.5676   14.1601    0.0000
    3.1951    2.6438    1.5448   -0.8689   -0.3577    0.0000    2.1319
    1.8651    1.0920   -0.2262   -1.2204   -0.3425    0.0000    0.3051
   -0.8452   -0.2343    9.2432   -0.1441    6.5499   -0.6175   -0.2168
    0.0000    1.4143    1.2091    0.7115   -0.4970   -0.1485
 PARAMETER VALUES,  CYCLE NUMBER 23,  AVDEV=   0.340
   71.0767   43.0856    2.7251    2.2340   87.4923   41.9791    2.6969
    0.0375    6.6319    2.9895    3.4046   88.7013   43.1352    1.8763
    0.5207  126.0662   91.1630   21.2483    1.5595    0.5146    0.7613
    0.6959   10.1740   94.2326   44.4769    3.3507    0.0000   93.1571
   13.1760    1.6372    0.4507    0.0000    0.1851    0.2737   -5.0370
   -1.2273    0.0000    1.0453   -0.4820   -2.6720   -0.7271    0.0000
    0.6539   -1.7292   -0.4938   -1.4518   -0.5676   14.1601    0.0000
    3.1951    2.6438    1.5448   -0.8689   -0.3577    0.0000    2.1319
    1.8651    1.0920   -0.2262   -1.2204   -0.3425    0.0000    0.3051
   -0.8452   -0.2343    9.2432   -0.1441    6.5499   -0.6175   -0.2168
    0.0000    1.4143    1.2091    0.7115   -0.4970   -0.1485
 PARAMETER VALUES,  CYCLE NUMBER 24,  AVDEV=   0.393
   71.0760   43.0695    2.7266    2.2330   87.5383   42.4778    2.6861
    0.0367    6.7153    3.1479    3.1905   88.8526   44.4444    1.8811
    0.5731  125.3059   91.2305   19.7303    1.4245    0.4502    0.4458
    1.8767   12.4127   94.3223   44.9906    3.3873    0.0000   92.3629
    6.6338    1.8842    0.4249    0.0000    0.0000    1.2630   -5.0370
   -1.2273    0.0000    1.0453   -0.4820   -2.6720   -0.7271    0.0000
    0.6539   -1.7292   -0.4938   -1.4518   -0.5676   14.1601    0.0000
    3.1951    2.6438    1.5448   -0.8689   -0.3577    0.0000    2.1319
    1.8651    1.0920   -0.2262   -1.2204   -0.3425    0.0000    0.3051
   -0.8452   -0.2343    9.2432   -0.1441    6.5499   -0.6175   -0.2168
    0.0000    1.4143    1.2091    0.7115   -0.4970   -0.1485
 PARAMETER VALUES,  CYCLE NUMBER 25,  AVDEV=   0.343
   71.0713   43.0077    2.7252    2.2328   87.5688   42.5894    2.7051
    0.0213    6.6976    3.1833    3.1330   88.7523   43.5825    1.8752
    0.4957  126.1025   90.9645   21.6038    1.6262    0.5252    0.8263
    0.0000    8.6481   94.2860   45.1688    3.3246    0.0000   92.8965
   10.1731    1.6021    0.4360    0.0000    0.5867    1.0850   -5.0370
   -1.2273    0.0000    1.0453   -0.4820   -2.6720   -0.7271    0.0000
    0.6539   -1.7292   -0.4938   -1.4518   -0.5676   14.1601    0.0000
    3.1951    2.6438    1.5448   -0.8689   -0.3577    0.0000    2.1319
    1.8651    1.0920   -0.2262   -1.2204   -0.3425    0.0000    0.3051
   -0.8452   -0.2343    9.2432   -0.1441    6.5499   -0.6175   -0.2168
    0.0000    1.4143    1.2091    0.7115   -0.4970   -0.1485
 PARAMETER VALUES,  CYCLE NUMBER 26,  AVDEV=   0.330
   71.0764   43.0756    2.7254    2.2334   87.6015   42.9417    2.7023
    0.0216    6.7050    3.3238    2.9427   88.8499   44.4208    1.8831
    0.6114  124.3824   91.0968   20.8782    1.3901    0.5111    0.2631
    1.0075    9.8329   94.4975   46.6970    3.3871    0.0000   92.7315
   10.1289    1.9602    0.4729    0.3486    0.0000    0.0486   -5.0370
   -1.2273    0.0000    1.0453   -0.4820   -2.6720   -0.7271    0.0000
    0.6539   -1.7292   -0.4938   -1.4518   -0.5676   14.1601    0.0000
    3.1951    2.6438    1.5448   -0.8689   -0.3577    0.0000    2.1319
    1.8651    1.0920   -0.2262   -1.2204   -0.3425    0.0000    0.3051
   -0.8452   -0.2343    9.2432   -0.1441    6.5499   -0.6175   -0.2168
    0.0000    1.4143    1.2091    0.7115   -0.4970   -0.1485
 PARAMETER VALUES,  CYCLE NUMBER 27,  AVDEV=   0.330
   71.0729   43.0262    2.7231    2.2344   87.5790   42.6495    2.7187
    0.0381    6.6737    3.1635    3.0500   88.7283   43.3926    1.8666
    0.3914  126.0819   91.0236   20.7474    1.5353    0.5301    0.4377
    0.3612    9.5896   93.9524   41.8938    3.3349    0.0000   92.8823
   10.7091    1.7009    0.5062    0.0000    0.0000    0.5438   -5.0370
   -1.2273    0.0000    1.0453   -0.4820   -2.6720   -0.7271    0.0000
    0.6539   -1.7292   -0.4938   -1.4518   -0.5676   14.1601    0.0000
    3.1951    2.6438    1.5448   -0.8689   -0.3577    0.0000    2.1319
    1.8651    1.0920   -0.2262   -1.2204   -0.3425    0.0000    0.3051
   -0.8452   -0.2343    9.2432   -0.1441    6.5499   -0.6175   -0.2168
    0.0000    1.4143    1.2091    0.7115   -0.4970   -0.1485
 PARAMETER VALUES,  CYCLE NUMBER 28,  AVDEV=   0.316
   71.0768   43.0834    2.7234    2.2350   87.6380   43.2637    2.7077
    0.0460    6.7171    3.3704    2.6633   88.7747   43.8340    1.8815
    0.6381  122.1881   91.0242   19.8246    1.1827    0.3468    0.1118
    1.2315   12.2301   94.4696   46.6829    3.3458    0.0000   92.7853
   10.3674    1.8088    0.4773    0.2680    0.0000    0.6895   -5.0370
   -1.2273    0.0000    1.0453   -0.4820   -2.6720   -0.7271    0.0000
    0.6539   -1.7292   -0.4938   -1.4518   -0.5676   14.1601    0.0000
    3.1951    2.6438    1.5448   -0.8689   -0.3577    0.0000    2.1319
    1.8651    1.0920   -0.2262   -1.2204   -0.3425    0.0000    0.3051
   -0.8452   -0.2343    9.2432   -0.1441    6.5499   -0.6175   -0.2168
    0.0000    1.4143    1.2091    0.7115   -0.4970   -0.1485
 PARAMETER VALUES,  CYCLE NUMBER 29,  AVDEV=   0.303
   71.0778   43.0982    2.7236    2.2354   87.6033   42.9329    2.7073
    0.0442    6.7048    3.2795    2.8311   88.7674   43.7658    1.8749
    0.5424  123.1405   91.0278   20.7540    1.1637    0.3707    0.2340
    0.9599   11.3794   94.2892   44.8758    3.3367    0.0000   92.7916
   10.0604    1.7714    0.4671    0.0000    0.0000    0.8222   -5.0370
   -1.2273    0.0000    1.0453   -0.4820   -2.6720   -0.7271    0.0000
    0.6539   -1.7292   -0.4938   -1.4518   -0.5676   14.1601    0.0000
    3.1951    2.6438    1.5448   -0.8689   -0.3577    0.0000    2.1319
    1.8651    1.0920   -0.2262   -1.2204   -0.3425    0.0000    0.3051
   -0.8452   -0.2343    9.2432   -0.1441    6.5499   -0.6175   -0.2168
    0.0000    1.4143    1.2091    0.7115   -0.4970   -0.1485
 PARAMETER VALUES,  CYCLE NUMBER 30,  AVDEV=   0.302
   71.0796   43.1250    2.7253    2.2349   87.5200   42.1726    2.7019
    0.0417    6.6020    3.1256    3.1958   88.7517   43.5902    1.8769
    0.5528  124.2644   91.0899   22.2498    1.0282    0.3604    0.4927
    0.8665   10.4693   93.7211   39.3634    3.3949    0.0000   92.7765
    9.7393    1.7343    0.4419    0.0000    0.0000    0.8331   -5.0370
   -1.2273    0.0000    1.0453   -0.4820   -2.6720   -0.7271    0.0000
    0.6539   -1.7292   -0.4938   -1.4518   -0.5676   14.1601    0.0000
    3.1951    2.6438    1.5448   -0.8689   -0.3577    0.0000    2.1319
    1.8651    1.0920   -0.2262   -1.2204   -0.3425    0.0000    0.3051
   -0.8452   -0.2343    9.2432   -0.1441    6.5499   -0.6175   -0.2168
    0.0000    1.4143    1.2091    0.7115   -0.4970   -0.1485
 PARAMETER VALUES,  CYCLE NUMBER 31,  AVDEV=   0.303
   71.0670   42.9501    2.7267    2.2310   87.5383   42.3765    2.6989
    0.0439    6.6643    3.1148    3.1232   88.7500   43.5925    1.8734
    0.5400  123.8340   91.0896   21.6942    1.0128    0.3190    0.4268
    1.2042   11.0720   93.9568   41.6100    3.3888    0.0000   92.8148
   10.4515    1.7776    0.4496    0.0000    0.0000    0.8830   -5.0370
   -1.2273    0.0000    1.0453   -0.4820   -2.6720   -0.7271    0.0000
    0.6539   -1.7292   -0.4938   -1.4518   -0.5676   14.1601    0.0000
    3.1951    2.6438    1.5448   -0.8689   -0.3577    0.0000    2.1319
    1.8651    1.0920   -0.2262   -1.2204   -0.3425    0.0000    0.3051
   -0.8452   -0.2343    9.2432   -0.1441    6.5499   -0.6175   -0.2168
    0.0000    1.4143    1.2091    0.7115   -0.4970   -0.1485
 PARAMETER VALUES,  CYCLE NUMBER 32,  AVDEV=   0.303
   71.0857   43.2112    2.7241    2.2373   87.5247   42.2459    2.6943
    0.0451    6.6259    3.0732    3.2233   88.7451   43.5418    1.8743
    0.5636  124.5192   91.0704   22.5160    1.0592    0.3754    1.0952
    1.0423    9.9113   94.1709   43.6887    3.3090    0.0000   92.7814
    9.5901    1.7153    0.4538    0.0000    0.0000    0.9436   -5.0370
   -1.2273    0.0000    1.0453   -0.4820   -2.6720   -0.7271    0.0000
    0.6539   -1.7292   -0.4938   -1.4518   -0.5676   14.1601    0.0000
    3.1951    2.6438    1.5448   -0.8689   -0.3577    0.0000    2.1319
    1.8651    1.0920   -0.2262   -1.2204   -0.3425    0.0000    0.3051
   -0.8452   -0.2343    9.2432   -0.1441    6.5499   -0.6175   -0.2168
    0.0000    1.4143    1.2091    0.7115   -0.4970   -0.1485
 PARAMETER VALUES,  CYCLE NUMBER 33,  AVDEV=   0.318
   71.0639   42.9067    2.7270    2.2301   87.5429   42.4451    2.6939
    0.0447    6.8513    3.0564    3.1250   88.7572   43.6695    1.8649
    0.5028  124.0352   91.1000   21.3750    0.8895    0.2927    0.3622
    1.5116   11.4273   93.3689   35.9428    3.5018    0.0000   92.8339
   11.1860    1.8296    0.4482    0.0000    0.0000    0.7139   -5.0370
   -1.2273    0.0000    1.0453   -0.4820   -2.6720   -0.7271    0.0000
    0.6539   -1.7292   -0.4938   -1.4518   -0.5676   14.1601    0.0000
    3.1951    2.6438    1.5448   -0.8689   -0.3577    0.0000    2.1319
    1.8651    1.0920   -0.2262   -1.2204   -0.3425    0.0000    0.3051
   -0.8452   -0.2343    9.2432   -0.1441    6.5499   -0.6175   -0.2168
    0.0000    1.4143    1.2091    0.7115   -0.4970   -0.1485
 PARAMETER VALUES,  CYCLE NUMBER 34,  AVDEV=   0.303
   71.0780   43.1039    2.7233    2.2360   87.5502   42.4845    2.6967
    0.0355    6.7866    3.0612    3.1485   88.7454   43.5348    1.8738
    0.5739  124.2335   91.0645   22.3182    0.9057    0.4306    0.9528
    1.1130   10.0518   93.8751   41.2246    3.3697    0.0000   92.7838
    9.7411    1.7390    0.4595    0.0000    0.0000    1.1087   -5.0370
   -1.2273    0.0000    1.0453   -0.4820   -2.6720   -0.7271    0.0000
    0.6539   -1.7292   -0.4938   -1.4518   -0.5676   14.1601    0.0000
    3.1951    2.6438    1.5448   -0.8689   -0.3577    0.0000    2.1319
    1.8651    1.0920   -0.2262   -1.2204   -0.3425    0.0000    0.3051
   -0.8452   -0.2343    9.2432   -0.1441    6.5499   -0.6175   -0.2168
    0.0000    1.4143    1.2091    0.7115   -0.4970   -0.1485
 PARAMETER VALUES,  CYCLE NUMBER 35,  AVDEV=   0.302
   71.0614   42.8712    2.7273    2.2293   87.5490   42.4584    2.7019
    0.0421    6.6929    3.1045    3.0961   88.7423   43.5299    1.8718
    0.5467  123.9037   91.0604   22.1175    0.9248    0.3707    0.9491
    1.1766   10.3552   93.7423   39.6526    3.4057    0.0000   92.8138
   10.2071    1.7529    0.4536    0.0000    0.0000    0.9267   -5.0370
   -1.2273    0.0000    1.0453   -0.4820   -2.6720   -0.7271    0.0000
    0.6539   -1.7292   -0.4938   -1.4518   -0.5676   14.1601    0.0000
    3.1951    2.6438    1.5448   -0.8689   -0.3577    0.0000    2.1319
    1.8651    1.0920   -0.2262   -1.2204   -0.3425    0.0000    0.3051
   -0.8452   -0.2343    9.2432   -0.1441    6.5499   -0.6175   -0.2168
    0.0000    1.4143    1.2091    0.7115   -0.4970   -0.1485
 PARAMETER VALUES,  CYCLE NUMBER 36,  AVDEV=   0.304
   71.0851   43.2049    2.7242    2.2371   87.5298   42.2664    2.7031
    0.0490    6.6594    3.0860    3.1607   88.7424   43.5330    1.8710
    0.5437  124.1033   91.0858   22.4242    0.9634    0.3254    0.8665
    1.1182   10.2446   93.6423   38.2995    3.4351    0.0000   92.7620
    9.7046    1.7392    0.4478    0.0000    0.0000    0.9510   -5.0370
   -1.2273    0.0000    1.0453   -0.4820   -2.6720   -0.7271    0.0000
    0.6539   -1.7292   -0.4938   -1.4518   -0.5676   14.1601    0.0000
    3.1951    2.6438    1.5448   -0.8689   -0.3577    0.0000    2.1319
    1.8651    1.0920   -0.2262   -1.2204   -0.3425    0.0000    0.3051
   -0.8452   -0.2343    9.2432   -0.1441    6.5499   -0.6175   -0.2168
    0.0000    1.4143    1.2091    0.7115   -0.4970   -0.1485
 PARAMETER VALUES,  CYCLE NUMBER 37,  AVDEV=   0.301
   71.0658   42.9331    2.7268    2.2306   87.5172   42.1888    2.6959
    0.0455    6.7347    2.9952    3.2611   88.7404   43.4977    1.8697
    0.5426  124.5384   91.1019   22.2368    0.9469    0.3531    0.7014
    1.2115   10.4891   93.9504   41.6388    3.3827    0.0000   92.8085
   10.2096    1.7593    0.4490    0.0000    0.0000    0.8348   -5.0370
   -1.2273    0.0000    1.0453   -0.4820   -2.6720   -0.7271    0.0000
    0.6539   -1.7292   -0.4938   -1.4518   -0.5676   14.1601    0.0000
    3.1951    2.6438    1.5448   -0.8689   -0.3577    0.0000    2.1319
    1.8651    1.0920   -0.2262   -1.2204   -0.3425    0.0000    0.3051
   -0.8452   -0.2343    9.2432   -0.1441    6.5499   -0.6175   -0.2168
    0.0000    1.4143    1.2091    0.7115   -0.4970   -0.1485
 PARAMETER VALUES,  CYCLE NUMBER 38,  AVDEV=   0.300
   71.0727   43.0295    2.7258    2.2331   87.5237   42.2366    2.6974
    0.0426    6.7220    3.0356    3.2302   88.7415   43.5117    1.8703
    0.5453  124.3954   91.0935   22.3283    0.9539    0.3527    0.6918
    1.0927   10.3913   93.9357   41.4382    3.3797    0.0000   92.7944
    9.9722    1.7449    0.4509    0.0000    0.0000    0.8672   -5.0370
   -1.2273    0.0000    1.0453   -0.4820   -2.6720   -0.7271    0.0000
    0.6539   -1.7292   -0.4938   -1.4518   -0.5676   14.1601    0.0000
    3.1951    2.6438    1.5448   -0.8689   -0.3577    0.0000    2.1319
    1.8651    1.0920   -0.2262   -1.2204   -0.3425    0.0000    0.3051
   -0.8452   -0.2343    9.2432   -0.1441    6.5499   -0.6175   -0.2168
    0.0000    1.4143    1.2091    0.7115   -0.4970   -0.1485
 PARAMETER VALUES,  CYCLE NUMBER 39,  AVDEV=   0.310
   71.0815   43.1551    2.7248    2.2361   87.5263   42.2066    2.7056
    0.0450    6.6559    3.0977    3.2015   88.7459   43.5605    1.8719
    0.5479  124.1291   91.0806   22.7565    0.9670    0.3410    0.7712
    0.8320    9.9117   93.0686   32.5655    3.4867    0.0000   92.7798
    9.7644    1.7203    0.4475    0.0000    0.0000    0.9959   -5.0370
   -1.2273    0.0000    1.0453   -0.4820   -2.6720   -0.7271    0.0000
    0.6539   -1.7292   -0.4938   -1.4518   -0.5676   14.1601    0.0000
    3.1951    2.6438    1.5448   -0.8689   -0.3577    0.0000    2.1319
    1.8651    1.0920   -0.2262   -1.2204   -0.3425    0.0000    0.3051
   -0.8452   -0.2343    9.2432   -0.1441    6.5499   -0.6175   -0.2168
    0.0000    1.4143    1.2091    0.7115   -0.4970   -0.1485
 PARAMETER VALUES,  CYCLE NUMBER 40,  AVDEV=   0.306
   71.0548   42.7793    2.7286    2.2268   87.5432   42.4252    2.6982
    0.0376    6.6701    3.1394    3.1050   88.7546   43.6338    1.8736
    0.5451  123.7835   91.0934   21.7538    0.9871    0.3151    0.5003
    1.2251   11.0879   93.5822   38.1701    3.4170    0.0000   92.8294
   10.8185    1.7865    0.4468    0.0000    0.0000    0.7596   -5.0370
   -1.2273    0.0000    1.0453   -0.4820   -2.6720   -0.7271    0.0000
    0.6539   -1.7292   -0.4938   -1.4518   -0.5676   14.1601    0.0000
    3.1951    2.6438    1.5448   -0.8689   -0.3577    0.0000    2.1319
    1.8651    1.0920   -0.2262   -1.2204   -0.3425    0.0000    0.3051
   -0.8452   -0.2343    9.2432   -0.1441    6.5499   -0.6175   -0.2168
    0.0000    1.4143    1.2091    0.7115   -0.4970   -0.1485
 PARAMETER VALUES FOR RCG INPUT
Br I  4s24p45s         71.0548  42.7793    2.7286    2.2268
Br I  4s24p44d         87.5432  42.4252    2.6982    0.0376    6.6701 LS99999999
   3.1394    3.1050
Br I  4s24p46s         88.7546  43.6338    1.8736    0.5451
Br I  4s4p6           123.7835
Br I  4s24p45d         91.0934  21.7538    0.9871    0.3151    0.5003 LS99999999
   1.2251   11.0879
Br I  4s24p47s         93.5822  38.1701    3.4170    0.0000
Br I  4s24p46d         92.8294  10.8185    1.7865    0.4468    0.0000 LS99999999
   0.0000    0.7596
4s24p45s-4s24p44d     -5.0370   -1.2273
4s24p45s-4s24p46s      0.0000    1.0453
4s24p45s-4s4p6        -0.4820
4s24p45s-4s24p45d     -2.6720   -0.7271
4s24p45s-4s24p47s      0.0000    0.6539
4s24p45s-4s24p46d     -1.7292   -0.4938
4s24p44d-4s24p46s     -1.4518   -0.5676
4s24p44d-4s4p6        14.1601
4s24p44d-4s24p45d      0.0000    3.1951    2.6438    1.5448
4s24p44d-4s24p47s     -0.8689   -0.3577
4s24p44d-4s24p46d      0.0000    2.1319    1.8651    1.0920
4s24p46s-4s4p6        -0.2262
4s24p46s-4s24p45d     -1.2204   -0.3425
4s24p46s-4s24p47s      0.0000    0.3051
4s24p46s-4s24p46d     -0.8452   -0.2343
4s4p6   -4s24p45d      9.2432
4s4p6   -4s24p47s     -0.1441
4s4p6   -4s24p46d      6.5499
4s24p45d-4s24p47s     -0.6175   -0.2168
4s24p45d-4s24p46d      0.0000    1.4143    1.2091    0.7115
4s24p47s-4s24p46d     -0.4970   -0.1485

