Au I      5d106s    5d96s2    5d107s    5d108s    5d106d    5d107d  
 PARAMETER VALUES,  CYCLE NUMBER  0,  AVDEV=   0.112
    0.0000   14.0261    5.0998   54.4852   64.7424   61.9964    0.0232
   67.4919    0.0108  -19.8280   -1.5165   -1.0410
 PARAMETER VALUES,  CYCLE NUMBER  1,  AVDEV=   0.112
    0.0000   14.0261    5.0998   54.4852   64.7424   61.9964    0.0232
   67.4919    0.0108  -19.8280   -1.5165   -1.0410
 PARAMETER VALUES FOR RCG INPUT
Au I  5d106s            0.0000
Au I  5d96s2           14.0261   5.0998
Au I  5d107s           54.4852
Au I  5d108s           64.7424
Au I  5d106d           61.9964   0.0232
Au I  5d107d           67.4919   0.0108
5d106s  -5d96s2      -19.8280
5d96s2  -5d106d       -1.5165
5d96s2  -5d107d       -1.0410

Au I      5d106p    5d96s6p   5d107p    5d108p    5d105f  
 PARAMETER VALUES,  CYCLE NUMBER  0,  AVDEV=   3.806
   41.2677    2.2131   54.0121    5.1709    3.2893   12.5926   15.3308
    5.2081    3.9863   25.4748   60.8394    0.4710   66.7620    0.1901
   64.5392    0.0001  -20.2397  -11.0520  -10.0017    0.0000   -3.8958
   -3.7669    0.0000   -2.3129   -2.2690    0.5678    0.2137
 PARAMETER VALUES,  CYCLE NUMBER  1,  AVDEV=   2.199
   41.2008    2.2131   53.5870    3.9882    3.1116   12.1277    6.6183
    6.9864    0.0000   18.6014   61.4255    0.4710   66.8732    0.1901
   65.1620    0.0001  -20.2397  -11.0520  -10.0017    0.0000   -3.8958
   -3.7669    0.0000   -2.3129   -2.2690    0.5678    0.2137
 PARAMETER VALUES,  CYCLE NUMBER  2,  AVDEV=   1.910
   41.1931    2.2131   53.7030    3.0302    2.9747   11.5213    9.8014
   10.3049    0.0000   15.0738   57.8441    0.4710   67.0675    0.1901
   64.3726    0.0001  -20.2397  -11.0520  -10.0017    0.0000   -3.8958
   -3.7669    0.0000   -2.3129   -2.2690    0.5678    0.2137
 PARAMETER VALUES,  CYCLE NUMBER  3,  AVDEV=   1.759
   41.2719    2.2131   53.6628    3.1086    3.5483    7.8203   10.9927
    5.7374    0.0000   15.3544   60.3250    0.4710   67.3065    0.1901
   64.3853    0.0001  -20.2397  -11.0520  -10.0017    0.0000   -3.8958
   -3.7669    0.0000   -2.3129   -2.2690    0.5678    0.2137
 PARAMETER VALUES,  CYCLE NUMBER  4,  AVDEV=   1.725
   41.2642    2.2131   53.7512    3.0560    3.7918    3.7062   12.4336
    5.3934    0.0000   15.4959   60.3252    0.4710   66.4531    0.1901
   64.3794    0.0001  -20.2397  -11.0520  -10.0017    0.0000   -3.8958
   -3.7669    0.0000   -2.3129   -2.2690    0.5678    0.2137
 PARAMETER VALUES,  CYCLE NUMBER  5,  AVDEV=   1.720
   41.2909    2.2131   53.6724    3.1103    3.6701    2.5546   12.3329
    4.9512    0.0000   15.1140   61.2503    0.4710   66.6785    0.1901
   64.3765    0.0001  -20.2397  -11.0520  -10.0017    0.0000   -3.8958
   -3.7669    0.0000   -2.3129   -2.2690    0.5678    0.2137
 PARAMETER VALUES,  CYCLE NUMBER  6,  AVDEV=   1.873
   41.1054    2.2131   53.8222    2.9891    3.4166    3.4043    9.4163
    7.6341    0.0000   16.8575   57.4619    0.4710   66.4010    0.1901
   64.3757    0.0001  -20.2397  -11.0520  -10.0017    0.0000   -3.8958
   -3.7669    0.0000   -2.3129   -2.2690    0.5678    0.2137
 PARAMETER VALUES,  CYCLE NUMBER  7,  AVDEV=   1.768
   41.2364    2.2131   53.8002    2.9371    3.6565    2.6928   12.3019
    4.6992    0.0000   16.6364   60.2281    0.4710   66.6455    0.1901
   64.3734    0.0001  -20.2397  -11.0520  -10.0017    0.0000   -3.8958
   -3.7669    0.0000   -2.3129   -2.2690    0.5678    0.2137
 PARAMETER VALUES,  CYCLE NUMBER  8,  AVDEV=   1.722
   41.2627    2.2131   53.6588    3.1155    3.5954    2.3888   11.3903
    5.1292    0.0000   15.4272   61.0630    0.4710   66.7866    0.1901
   64.3729    0.0001  -20.2397  -11.0520  -10.0017    0.0000   -3.8958
   -3.7669    0.0000   -2.3129   -2.2690    0.5678    0.2137
 PARAMETER VALUES,  CYCLE NUMBER  9,  AVDEV=   1.743
   41.1747    2.2131   53.7965    3.0220    3.5294    2.9279   10.6417
    6.6374    0.0000   16.3471   58.9395    0.4710   66.4280    0.1901
   64.3742    0.0001  -20.2397  -11.0520  -10.0017    0.0000   -3.8958
   -3.7669    0.0000   -2.3129   -2.2690    0.5678    0.2137
 PARAMETER VALUES,  CYCLE NUMBER 10,  AVDEV=   1.777
   41.2916    2.2131   53.6808    3.0169    3.6300    2.8182   11.5082
    4.2200    0.0000   16.0212   61.6871    0.4710   66.6926    0.1901
   64.3737    0.0001  -20.2397  -11.0520  -10.0017    0.0000   -3.8958
   -3.7669    0.0000   -2.3129   -2.2690    0.5678    0.2137
 PARAMETER VALUES,  CYCLE NUMBER 11,  AVDEV=   1.958
   41.0282    2.2131   53.8285    2.8971    3.3488    4.0367    6.6037
    8.3008    0.0000   17.6971   56.9454    0.4710   66.6182    0.1901
   64.3738    0.0001  -20.2397  -11.0520  -10.0017    0.0000   -3.8958
   -3.7669    0.0000   -2.3129   -2.2690    0.5678    0.2137
 PARAMETER VALUES,  CYCLE NUMBER 12,  AVDEV=   1.820
   41.1711    2.2131   53.8579    2.8560    3.5740    3.0388   11.2307
    4.7448    0.0000   17.8147   59.6595    0.4710   66.6711    0.1901
   64.3720    0.0001  -20.2397  -11.0520  -10.0017    0.0000   -3.8958
   -3.7669    0.0000   -2.3129   -2.2690    0.5678    0.2137
 PARAMETER VALUES,  CYCLE NUMBER 13,  AVDEV=   1.738
   41.2499    2.2131   53.6608    3.0701    3.5987    2.3424   11.2744
    4.8633    0.0000   15.7908   61.2432    0.4710   66.8435    0.1901
   64.3712    0.0001  -20.2397  -11.0520  -10.0017    0.0000   -3.8958
   -3.7669    0.0000   -2.3129   -2.2690    0.5678    0.2137
 PARAMETER VALUES,  CYCLE NUMBER 14,  AVDEV=   1.800
   41.1222    2.2131   53.8238    2.9826    3.4740    3.2110    9.1786
    7.2166    0.0000   16.9413   58.1420    0.4710   66.4226    0.1901
   64.3730    0.0001  -20.2397  -11.0520  -10.0017    0.0000   -3.8958
   -3.7669    0.0000   -2.3129   -2.2690    0.5678    0.2137
 PARAMETER VALUES,  CYCLE NUMBER 15,  AVDEV=   1.801
   41.2434    2.2131   53.7743    2.9788    3.6472    2.4618   12.4377
    4.7209    0.0000   16.3239   60.2146    0.4710   66.6562    0.1901
   64.3725    0.0001  -20.2397  -11.0520  -10.0017    0.0000   -3.8958
   -3.7669    0.0000   -2.3129   -2.2690    0.5678    0.2137
 PARAMETER VALUES,  CYCLE NUMBER 16,  AVDEV=   1.774
   41.2321    2.2131   53.8206    3.0467    3.6898    1.2407   13.6039
    5.4189    0.0000   15.6038   58.9854    0.4710   66.6846    0.1901
   64.3717    0.0001  -20.2397  -11.0520  -10.0017    0.0000   -3.8958
   -3.7669    0.0000   -2.3129   -2.2690    0.5678    0.2137
 PARAMETER VALUES,  CYCLE NUMBER 17,  AVDEV=   1.798
   41.3043    2.2131   53.6547    3.1913    3.5184    2.2349   12.3749
    4.2427    0.0000   15.4025   60.8568    0.4710   66.6580    0.1901
   64.3724    0.0001  -20.2397  -11.0520  -10.0017    0.0000   -3.8958
   -3.7669    0.0000   -2.3129   -2.2690    0.5678    0.2137
 PARAMETER VALUES,  CYCLE NUMBER 18,  AVDEV=   1.829
   41.1181    2.2131   53.9113    2.9284    3.5154    2.0897   12.4265
    6.8792    0.0000   16.7786   56.6408    0.4710   66.5203    0.1901
   64.3721    0.0001  -20.2397  -11.0520  -10.0017    0.0000   -3.8958
   -3.7669    0.0000   -2.3129   -2.2690    0.5678    0.2137
 PARAMETER VALUES,  CYCLE NUMBER 19,  AVDEV=   1.746
   41.2331    2.2131   53.8967    2.9574    3.6550    1.1632   14.6702
    4.7975    0.0000   16.2920   58.2662    0.4710   66.6341    0.1901
   64.3701    0.0001  -20.2397  -11.0520  -10.0017    0.0000   -3.8958
   -3.7669    0.0000   -2.3129   -2.2690    0.5678    0.2137
 PARAMETER VALUES,  CYCLE NUMBER 20,  AVDEV=   1.716
   41.2921    2.2131   53.7985    3.1037    3.5901    1.0011   14.8514
    4.3133    0.0000   15.4660   59.1275    0.4710   66.7273    0.1901
   64.3689    0.0001  -20.2397  -11.0520  -10.0017    0.0000   -3.8958
   -3.7669    0.0000   -2.3129   -2.2690    0.5678    0.2137
 PARAMETER VALUES,  CYCLE NUMBER 21,  AVDEV=   1.716
   41.3206    2.2131   53.7875    3.1310    3.6008    0.8767   15.1551
    3.9543    0.0000   15.2989   59.4203    0.4710   66.6418    0.1901
   64.3691    0.0001  -20.2397  -11.0520  -10.0017    0.0000   -3.8958
   -3.7669    0.0000   -2.3129   -2.2690    0.5678    0.2137
 PARAMETER VALUES,  CYCLE NUMBER 22,  AVDEV=   1.714
   41.3230    2.2131   53.7823    3.1365    3.6022    0.7902   15.1740
    3.9785    0.0000   15.2123   59.4114    0.4710   66.6502    0.1901
   64.3692    0.0001  -20.2397  -11.0520  -10.0017    0.0000   -3.8958
   -3.7669    0.0000   -2.3129   -2.2690    0.5678    0.2137
 PARAMETER VALUES,  CYCLE NUMBER 23,  AVDEV=   1.713
   41.3223    2.2131   53.7832    3.1377    3.5985    0.8095   15.2119
    4.0166    0.0000   15.1997   59.3889    0.4710   66.6304    0.1901
   64.3693    0.0001  -20.2397  -11.0520  -10.0017    0.0000   -3.8958
   -3.7669    0.0000   -2.3129   -2.2690    0.5678    0.2137
 PARAMETER VALUES,  CYCLE NUMBER 24,  AVDEV=   1.712
   41.3226    2.2131   53.7814    3.1390    3.5950    0.8191   15.2328
    4.0360    0.0000   15.1777   59.3816    0.4710   66.6317    0.1901
   64.3694    0.0001  -20.2397  -11.0520  -10.0017    0.0000   -3.8958
   -3.7669    0.0000   -2.3129   -2.2690    0.5678    0.2137
 PARAMETER VALUES,  CYCLE NUMBER 25,  AVDEV=   1.712
   41.3227    2.2131   53.7815    3.1388    3.5928    0.8315   15.2623
    4.0443    0.0000   15.1720   59.3764    0.4710   66.6273    0.1901
   64.3695    0.0001  -20.2397  -11.0520  -10.0017    0.0000   -3.8958
   -3.7669    0.0000   -2.3129   -2.2690    0.5678    0.2137
 PARAMETER VALUES,  CYCLE NUMBER 26,  AVDEV=   1.712
   41.3229    2.2131   53.7811    3.1388    3.5910    0.8355   15.2791
    4.0484    0.0000   15.1657   59.3739    0.4710   66.6276    0.1901
   64.3695    0.0001  -20.2397  -11.0520  -10.0017    0.0000   -3.8958
   -3.7669    0.0000   -2.3129   -2.2690    0.5678    0.2137
 PARAMETER VALUES,  CYCLE NUMBER 27,  AVDEV=   1.712
   41.3231    2.2131   53.7811    3.1387    3.5899    0.8383   15.2937
    4.0499    0.0000   15.1635   59.3720    0.4710   66.6265    0.1901
   64.3695    0.0001  -20.2397  -11.0520  -10.0017    0.0000   -3.8958
   -3.7669    0.0000   -2.3129   -2.2690    0.5678    0.2137
 PARAMETER VALUES,  CYCLE NUMBER 28,  AVDEV=   1.712
   41.3232    2.2131   53.7810    3.1387    3.5891    0.8388   15.3026
    4.0505    0.0000   15.1613   59.3709    0.4710   66.6266    0.1901
   64.3695    0.0001  -20.2397  -11.0520  -10.0017    0.0000   -3.8958
   -3.7669    0.0000   -2.3129   -2.2690    0.5678    0.2137
 PARAMETER VALUES,  CYCLE NUMBER 29,  AVDEV=   1.711
   41.3232    2.2131   53.7811    3.1387    3.5886    0.8390   15.3093
    4.0506    0.0000   15.1604   59.3701    0.4710   66.6264    0.1901
   64.3695    0.0001  -20.2397  -11.0520  -10.0017    0.0000   -3.8958
   -3.7669    0.0000   -2.3129   -2.2690    0.5678    0.2137
 PARAMETER VALUES,  CYCLE NUMBER 30,  AVDEV=   1.711
   41.3233    2.2131   53.7810    3.1387    3.5883    0.8388   15.3136
    4.0505    0.0000   15.1595   59.3696    0.4710   66.6265    0.1901
   64.3695    0.0001  -20.2397  -11.0520  -10.0017    0.0000   -3.8958
   -3.7669    0.0000   -2.3129   -2.2690    0.5678    0.2137
 PARAMETER VALUES,  CYCLE NUMBER 31,  AVDEV=   1.711
   41.3233    2.2131   53.7811    3.1387    3.5881    0.8386   15.3167
    4.0504    0.0000   15.1591   59.3692    0.4710   66.6264    0.1901
   64.3695    0.0001  -20.2397  -11.0520  -10.0017    0.0000   -3.8958
   -3.7669    0.0000   -2.3129   -2.2690    0.5678    0.2137
 PARAMETER VALUES,  CYCLE NUMBER 32,  AVDEV=   1.711
   41.3234    2.2131   53.7811    3.1387    3.5879    0.8384   15.3187
    4.0503    0.0000   15.1587   59.3690    0.4710   66.6264    0.1901
   64.3695    0.0001  -20.2397  -11.0520  -10.0017    0.0000   -3.8958
   -3.7669    0.0000   -2.3129   -2.2690    0.5678    0.2137
 PARAMETER VALUES FOR RCG INPUT
Au I  5d106p           41.3234   2.2131
Au I  5d96s6p          53.7811   3.1387    3.5879    0.8384   15.3187 LS99999999
   4.0503    0.0000   15.1587
Au I  5d107p           59.3690   0.4710
Au I  5d108p           66.6264   0.1901
Au I  5d105f           64.3695   0.0001
5d106p  -5d96s6p     -20.2397  -11.0520  -10.0017
5d96s6p -5d107p        0.0000   -3.8958   -3.7669
5d96s6p -5d108p        0.0000   -2.3129   -2.2690
5d96s6p -5d105f        0.5678    0.2137

