Sb I      5p3       5p26p     5p27p     5p24f     5p28p   
 PARAMETER VALUES,  CYCLE NUMBER  0,  AVDEV=   0.683
   10.0848   30.7694    2.9257   60.8090   33.7779    3.4921    0.2167
    4.2341    1.0662    1.1357   69.3362   33.8469    3.5052    0.0723
    1.2687    0.3213    0.3559   70.9689   33.8828    3.5117    0.0001
    0.6759    0.0436    0.0282   71.4838   33.8702    3.5091    0.0342
    0.5678    0.1462    0.1643    0.8386    3.7311    0.4466    1.9605
   -1.0037    0.2977    1.2994    0.0000    1.8680    0.5845    0.6342
    1.0871   -0.0257    0.0000    1.1904    0.3939    0.4300    0.1217
   -0.0085    0.0000    0.7759    0.2168    0.2418    0.0988   -0.0044
 PARAMETER VALUES,  CYCLE NUMBER  1,  AVDEV=   0.623
   10.0950   30.3411    2.9678   60.7952   33.5705    3.4969    0.2326
    4.3260    0.9718    1.2256   69.1216   31.0433    3.6459    0.0153
    1.2114    0.2736    0.6284   70.9275   33.6059    3.4973    0.0085
    0.7255    0.1400    0.4781   70.3355   23.8703    3.4623    0.0000
    2.3380    0.0748    0.5428    0.8386    3.7311    0.4466    1.9605
   -1.0037    0.2977    1.2994    0.0000    1.8680    0.5845    0.6342
    1.0871   -0.0257    0.0000    1.1904    0.3939    0.4300    0.1217
   -0.0085    0.0000    0.7759    0.2168    0.2418    0.0988   -0.0044
 PARAMETER VALUES,  CYCLE NUMBER  2,  AVDEV=   0.557
   10.1111   29.6597    3.0331   60.7600   33.1408    3.5021    0.2857
    4.5188    0.8007    1.4160   68.9508   28.1332    3.8611    0.0000
    0.6402    0.1731    0.9755   70.8293   32.9346    3.4637    0.0196
    0.8869    0.3653    0.8099   69.5041   13.8705    3.5040    0.0000
    4.7376    0.2489    0.8052    0.8386    3.7311    0.4466    1.9605
   -1.0037    0.2977    1.2994    0.0000    1.8680    0.5845    0.6342
    1.0871   -0.0257    0.0000    1.1904    0.3939    0.4300    0.1217
   -0.0085    0.0000    0.7759    0.2168    0.2418    0.0988   -0.0044
 PARAMETER VALUES,  CYCLE NUMBER  3,  AVDEV=   0.549
   10.1688   27.2493    3.2541   60.7251   32.4856    3.4471    0.5404
    5.0230    0.3400    2.2611   68.3559   18.3051    4.6284    0.0000
    0.0000    0.0000    1.2604   70.4122   29.9110    3.3295    0.0659
    1.6733    1.2448    1.6225   69.2774    3.8713    3.7734    0.0000
    7.0672    0.5671    0.0000    0.8386    3.7311    0.4466    1.9605
   -1.0037    0.2977    1.2994    0.0000    1.8680    0.5845    0.6342
    1.0871   -0.0257    0.0000    1.1904    0.3939    0.4300    0.1217
   -0.0085    0.0000    0.7759    0.2168    0.2418    0.0988   -0.0044
 PARAMETER VALUES,  CYCLE NUMBER  4,  AVDEV=   0.483
   10.1852   26.5445    3.2901   60.6801   31.6244    3.4843    0.7991
    2.1538    0.2749    2.3032   69.6844   26.7474    4.9627    0.0000
    0.5579    0.0000    2.6607   70.4355   30.5568    3.2591    0.1195
    1.1384    1.5179    1.5373   68.7962    0.0000    3.0980    0.0000
    8.3818    0.0009    0.0000    0.8386    3.7311    0.4466    1.9605
   -1.0037    0.2977    1.2994    0.0000    1.8680    0.5845    0.6342
    1.0871   -0.0257    0.0000    1.1904    0.3939    0.4300    0.1217
   -0.0085    0.0000    0.7759    0.2168    0.2418    0.0988   -0.0044
 PARAMETER VALUES,  CYCLE NUMBER  5,  AVDEV=   0.481
   10.1835   26.5759    3.2866   60.6558   31.6250    3.4122    0.7217
    4.0237    0.3161    2.5493   69.0167   20.9275    4.9112    0.0000
    0.0000    0.0000    1.3716   70.4004   30.3071    3.2571    0.1081
    1.3187    1.3885    1.5521   69.9946    8.4991    3.9652    0.0000
   10.8063    0.1489    3.3614    0.8386    3.7311    0.4466    1.9605
   -1.0037    0.2977    1.2994    0.0000    1.8680    0.5845    0.6342
    1.0871   -0.0257    0.0000    1.1904    0.3939    0.4300    0.1217
   -0.0085    0.0000    0.7759    0.2168    0.2418    0.0988   -0.0044
 PARAMETER VALUES,  CYCLE NUMBER  6,  AVDEV=   0.552
   10.1841   26.5986    3.2854   60.7762   32.8170    3.4236    0.6877
    3.2348    0.3544    2.0137   69.3266   24.9641    4.9015    0.0000
    0.8123    0.0000    2.5431   70.4606   30.8249    3.2671    0.1144
    1.0902    1.3123    1.5702   70.0973   14.8092    4.8021    0.0000
    3.7665    0.0000    0.0000    0.8386    3.7311    0.4466    1.9605
   -1.0037    0.2977    1.2994    0.0000    1.8680    0.5845    0.6342
    1.0871   -0.0257    0.0000    1.1904    0.3939    0.4300    0.1217
   -0.0085    0.0000    0.7759    0.2168    0.2418    0.0988   -0.0044
 PARAMETER VALUES,  CYCLE NUMBER  7,  AVDEV=   0.591
   10.1834   26.6174    3.2837   60.7243   32.6121    3.3163    0.7099
    4.8139    0.2645    2.4946   69.6306   24.9807    5.2717    0.0000
    0.0000    0.0000    0.0000   70.4308   30.1135    3.3048    0.1076
    1.2619    1.1771    1.2760   70.2031    4.8105    3.8826    0.0000
   13.7049    0.0000    0.0000    0.8386    3.7311    0.4466    1.9605
   -1.0037    0.2977    1.2994    0.0000    1.8680    0.5845    0.6342
    1.0871   -0.0257    0.0000    1.1904    0.3939    0.4300    0.1217
   -0.0085    0.0000    0.7759    0.2168    0.2418    0.0988   -0.0044
 PARAMETER VALUES,  CYCLE NUMBER  8,  AVDEV=   0.549
   10.1836   26.6171    3.2841   60.8327   33.2576    3.4843    0.6588
    2.6641    0.3329    1.6976   69.8409   29.8013    5.0470    0.0000
    0.0000    0.0000    2.0381   70.3667   29.8997    3.2713    0.1141
    1.3595    1.1437    1.6144   70.5394    6.7964    3.8524    0.0000
   14.8608    0.4432    2.0857    0.8386    3.7311    0.4466    1.9605
   -1.0037    0.2977    1.2994    0.0000    1.8680    0.5845    0.6342
    1.0871   -0.0257    0.0000    1.1904    0.3939    0.4300    0.1217
   -0.0085    0.0000    0.7759    0.2168    0.2418    0.0988   -0.0044
 PARAMETER VALUES,  CYCLE NUMBER  9,  AVDEV=   0.548
   10.1835   26.6145    3.2841   60.7802   32.8885    3.4166    0.6578
    4.0614    0.3220    2.0268   69.6544   27.4140    5.0404    0.0000
    0.0000    0.0000    1.9004   70.1499   26.9756    3.3196    0.0667
    2.5446    1.3448    1.0222   70.7875    9.3634    3.7246    0.0000
   15.6818    0.0000    0.0000    0.8386    3.7311    0.4466    1.9605
   -1.0037    0.2977    1.2994    0.0000    1.8680    0.5845    0.6342
    1.0871   -0.0257    0.0000    1.1904    0.3939    0.4300    0.1217
   -0.0085    0.0000    0.7759    0.2168    0.2418    0.0988   -0.0044
 PARAMETER VALUES,  CYCLE NUMBER 10,  AVDEV=   0.809
   10.1827   26.6111    3.2839   60.8122   33.3059    3.3775    0.6661
    3.8962    0.3824    1.9990   69.4939   25.5595    5.0010    0.0000
    0.0000    0.0000    2.1164   70.5521   30.8110    3.3526    0.0901
    1.6169    1.2611    0.7707   69.9460    0.1586    5.5136    0.0000
    5.6823    0.5502    5.8045    0.8386    3.7311    0.4466    1.9605
   -1.0037    0.2977    1.2994    0.0000    1.8680    0.5845    0.6342
    1.0871   -0.0257    0.0000    1.1904    0.3939    0.4300    0.1217
   -0.0085    0.0000    0.7759    0.2168    0.2418    0.0988   -0.0044
 PARAMETER VALUES,  CYCLE NUMBER 11,  AVDEV=   0.715
   10.1832   26.6113    3.2847   60.8197   33.6847    3.3241    0.6863
    4.1553    0.3637    1.7736   69.4727   25.8681    4.8128    0.0000
    0.1149    0.0000    2.1765   70.7058   32.3185    3.3539    0.0942
    1.2003    1.2442    0.5968   70.3575    9.6696    5.3406    0.0000
    9.4758    0.0000    0.0000    0.8386    3.7311    0.4466    1.9605
   -1.0037    0.2977    1.2994    0.0000    1.8680    0.5845    0.6342
    1.0871   -0.0257    0.0000    1.1904    0.3939    0.4300    0.1217
   -0.0085    0.0000    0.7759    0.2168    0.2418    0.0988   -0.0044
 PARAMETER VALUES,  CYCLE NUMBER 12,  AVDEV=   0.762
   10.1836   26.6119    3.2849   60.7683   33.3104    3.3290    0.7169
    4.0129    0.2811    1.7130   69.0704   24.3864    4.2479    0.1621
    0.7509    0.0757    1.4780   70.7904   33.1951    3.3485    0.0956
    0.6972    1.4447    0.1594   70.8840   19.6692    5.8588    0.0000
    5.6866    0.4911    0.0000    0.8386    3.7311    0.4466    1.9605
   -1.0037    0.2977    1.2994    0.0000    1.8680    0.5845    0.6342
    1.0871   -0.0257    0.0000    1.1904    0.3939    0.4300    0.1217
   -0.0085    0.0000    0.7759    0.2168    0.2418    0.0988   -0.0044
 PARAMETER VALUES,  CYCLE NUMBER 13,  AVDEV=   0.769
   10.1836   26.6116    3.2851   60.7641   33.3108    3.3318    0.7182
    3.8652    0.2684    1.6260   69.1673   25.0968    4.2345    0.1481
    1.2936    0.1261    1.6743   70.7979   33.2607    3.3498    0.0959
    0.6923    1.4252    0.2449   69.6538    9.6692    5.2881    0.0000
    7.6699    0.5073    0.7347    0.8386    3.7311    0.4466    1.9605
   -1.0037    0.2977    1.2994    0.0000    1.8680    0.5845    0.6342
    1.0871   -0.0257    0.0000    1.1904    0.3939    0.4300    0.1217
   -0.0085    0.0000    0.7759    0.2168    0.2418    0.0988   -0.0044
 PARAMETER VALUES,  CYCLE NUMBER 14,  AVDEV=   0.707
   10.1837   26.6111    3.2858   60.8421   34.1461    3.3254    0.7358
    3.2386    0.3740    1.1669   68.7154   21.2565    3.7402    0.0767
    0.0000    0.1580    2.5107   70.7866   33.1172    3.3587    0.0983
    0.8038    1.2217    1.2001   70.5198    6.4802    4.5918    0.0000
   16.5708    0.0000    0.0000    0.8386    3.7311    0.4466    1.9605
   -1.0037    0.2977    1.2994    0.0000    1.8680    0.5845    0.6342
    1.0871   -0.0257    0.0000    1.1904    0.3939    0.4300    0.1217
   -0.0085    0.0000    0.7759    0.2168    0.2418    0.0988   -0.0044
 PARAMETER VALUES,  CYCLE NUMBER 15,  AVDEV=   0.557
   10.1827   26.6075    3.2854   60.7624   33.3688    3.3303    0.7325
    3.6114    0.3176    1.5189   68.6330   18.4864    3.8025    0.1587
    0.0000    0.2397    1.5950   70.7433   32.8617    3.3410    0.1037
    0.7618    1.2681    1.0382   70.8243   11.1575    4.3973    0.2036
   18.9713    0.6310    9.9996    0.8386    3.7311    0.4466    1.9605
   -1.0037    0.2977    1.2994    0.0000    1.8680    0.5845    0.6342
    1.0871   -0.0257    0.0000    1.1904    0.3939    0.4300    0.1217
   -0.0085    0.0000    0.7759    0.2168    0.2418    0.0988   -0.0044
 PARAMETER VALUES,  CYCLE NUMBER 16,  AVDEV=   0.750
   10.1830   26.6090    3.2852   60.7728   33.2690    3.3524    0.7226
    3.6641    0.3090    1.7293   68.7277   18.3982    3.9338    0.2461
    0.0000    0.3020    1.3432   70.7085   32.5391    3.3363    0.1043
    0.7954    1.3496    0.9712   70.8641    9.9377    4.7286    0.0000
   19.4790    0.0000    0.0000    0.8386    3.7311    0.4466    1.9605
   -1.0037    0.2977    1.2994    0.0000    1.8680    0.5845    0.6342
    1.0871   -0.0257    0.0000    1.1904    0.3939    0.4300    0.1217
   -0.0085    0.0000    0.7759    0.2168    0.2418    0.0988   -0.0044
 PARAMETER VALUES,  CYCLE NUMBER 17,  AVDEV=   0.703
   10.1831   26.6095    3.2853   60.7817   33.2928    3.3911    0.6893
    3.1514    0.2988    1.5351   68.9901   20.6860    3.9583    0.1425
    0.0000    0.3343    1.6060   70.7715   33.1541    3.3372    0.1058
    0.6870    1.3356    0.7648   69.5995    8.0989    4.8381    0.7961
   11.2881    0.1903    9.9995    0.8386    3.7311    0.4466    1.9605
   -1.0037    0.2977    1.2994    0.0000    1.8680    0.5845    0.6342
    1.0871   -0.0257    0.0000    1.1904    0.3939    0.4300    0.1217
   -0.0085    0.0000    0.7759    0.2168    0.2418    0.0988   -0.0044
 PARAMETER VALUES,  CYCLE NUMBER 18,  AVDEV=   0.626
   10.1819   26.6052    3.2850   60.7746   33.2728    3.3876    0.6808
    3.2361    0.3011    1.5001   68.9153   20.3865    3.9323    0.1277
    0.0000    0.2708    1.3788   70.7541   33.0887    3.3286    0.1083
    0.7416    1.3383    0.7714   71.0609    8.8622    4.4690    0.8389
   20.1553    1.4783   19.9993    0.8386    3.7311    0.4466    1.9605
   -1.0037    0.2977    1.2994    0.0000    1.8680    0.5845    0.6342
    1.0871   -0.0257    0.0000    1.1904    0.3939    0.4300    0.1217
   -0.0085    0.0000    0.7759    0.2168    0.2418    0.0988   -0.0044
 PARAMETER VALUES,  CYCLE NUMBER 19,  AVDEV=   0.690
   10.1813   26.6031    3.2850   60.7898   33.3026    3.3941    0.6701
    3.2276    0.3106    1.6042   68.9771   21.1411    3.9415    0.1243
    0.2033    0.3022    1.2095   70.7644   33.2095    3.3273    0.1095
    0.7690    1.3418    0.7541   71.1840   10.0064    3.5472    0.5953
   30.1552    2.4864   18.5736    0.8386    3.7311    0.4466    1.9605
   -1.0037    0.2977    1.2994    0.0000    1.8680    0.5845    0.6342
    1.0871   -0.0257    0.0000    1.1904    0.3939    0.4300    0.1217
   -0.0085    0.0000    0.7759    0.2168    0.2418    0.0988   -0.0044
 PARAMETER VALUES,  CYCLE NUMBER 20,  AVDEV=   0.660
   10.1802   26.5993    3.2847   60.7841   33.2619    3.3911    0.6673
    3.3008    0.3035    1.6277   69.0031   21.1275    3.9509    0.1199
    0.4022    0.3508    1.3691   70.7587   33.1787    3.3252    0.1098
    0.7847    1.3450    0.7772   72.7139    9.7992    3.3632    0.9982
   37.7746    4.1612   28.5736    0.8386    3.7311    0.4466    1.9605
   -1.0037    0.2977    1.2994    0.0000    1.8680    0.5845    0.6342
    1.0871   -0.0257    0.0000    1.1904    0.3939    0.4300    0.1217
   -0.0085    0.0000    0.7759    0.2168    0.2418    0.0988   -0.0044
 PARAMETER VALUES,  CYCLE NUMBER 21,  AVDEV=   0.652
   10.1811   26.6022    3.2849   60.7877   33.2676    3.3927    0.6657
    3.2963    0.3073    1.6421   69.0081   21.1238    3.9521    0.1206
    0.3740    0.3560    1.3860   70.7655   33.2345    3.3262    0.1097
    0.7884    1.3435    0.7699   70.7673    9.9649    3.3226    0.9487
   27.9080    2.1864   18.5736    0.8386    3.7311    0.4466    1.9605
   -1.0037    0.2977    1.2994    0.0000    1.8680    0.5845    0.6342
    1.0871   -0.0257    0.0000    1.1904    0.3939    0.4300    0.1217
   -0.0085    0.0000    0.7759    0.2168    0.2418    0.0988   -0.0044
 PARAMETER VALUES,  CYCLE NUMBER 22,  AVDEV=   0.617
   10.1822   26.6057    3.2851   60.7998   33.2913    3.3970    0.6586
    3.2910    0.3213    1.7009   69.0187   20.9796    3.9593    0.1268
    0.1885    0.3804    1.4316   70.8103   33.6172    3.3317    0.1096
    0.8099    1.3286    0.7145   68.8320   10.4334    3.0974    0.9109
   17.9081    0.2065    8.8376    0.8386    3.7311    0.4466    1.9605
   -1.0037    0.2977    1.2994    0.0000    1.8680    0.5845    0.6342
    1.0871   -0.0257    0.0000    1.1904    0.3939    0.4300    0.1217
   -0.0085    0.0000    0.7759    0.2168    0.2418    0.0988   -0.0044
 PARAMETER VALUES,  CYCLE NUMBER 23,  AVDEV=   0.686
   10.1829   26.6079    3.2854   60.8262   33.3397    3.4025    0.6470
    3.4176    0.3555    1.8409   69.0522   19.5205    4.1141    0.2625
    1.1516    0.5886    1.4335   70.9034   34.4947    3.3360    0.1120
    0.9143    1.3528    0.5698   67.6979   12.2801    2.4518    0.0000
   12.7826    0.0000    0.0000    0.8386    3.7311    0.4466    1.9605
   -1.0037    0.2977    1.2994    0.0000    1.8680    0.5845    0.6342
    1.0871   -0.0257    0.0000    1.1904    0.3939    0.4300    0.1217
   -0.0085    0.0000    0.7759    0.2168    0.2418    0.0988   -0.0044
 PARAMETER VALUES,  CYCLE NUMBER 24,  AVDEV=   0.534
   10.1830   26.6074    3.2861   60.8370   33.4713    3.3958    0.6766
    3.5118    0.3288    1.9225   69.1605   22.6082    3.6619    0.0000
    0.0000    0.5197    3.8453   71.0021   35.4523    3.3390    0.1146
    0.9316    1.3300    0.4377   67.8771   22.2797    1.3990    0.1785
   14.1009    0.0000    0.3649    0.8386    3.7311    0.4466    1.9605
   -1.0037    0.2977    1.2994    0.0000    1.8680    0.5845    0.6342
    1.0871   -0.0257    0.0000    1.1904    0.3939    0.4300    0.1217
   -0.0085    0.0000    0.7759    0.2168    0.2418    0.0988   -0.0044
 PARAMETER VALUES,  CYCLE NUMBER 25,  AVDEV=   0.753
   10.1826   26.6044    3.2861   60.7020   32.4027    3.3332    0.7172
    4.4962    0.2843    2.2582   69.6857   32.6074    3.1191    0.0000
    0.0000    0.0000    3.8708   71.0896   36.3540    3.3331    0.1166
    1.2192    1.4848    0.3044   68.5489   24.0211    1.2107    0.0000
   17.1737    0.5459    6.4764    0.8386    3.7311    0.4466    1.9605
   -1.0037    0.2977    1.2994    0.0000    1.8680    0.5845    0.6342
    1.0871   -0.0257    0.0000    1.1904    0.3939    0.4300    0.1217
   -0.0085    0.0000    0.7759    0.2168    0.2418    0.0988   -0.0044
 PARAMETER VALUES,  CYCLE NUMBER 26,  AVDEV=   0.717
   10.1827   26.6051    3.2861   60.6938   32.2740    3.3424    0.7188
    4.3361    0.2807    2.3152   68.6378   22.6075    3.0896    0.0000
    0.0000    0.0000    3.6183   71.1374   36.6819    3.3450    0.1206
    1.1151    1.4131    0.3534   68.6153   23.5197    1.2295    0.0000
   17.6571    0.6208    6.8662    0.8386    3.7311    0.4466    1.9605
   -1.0037    0.2977    1.2994    0.0000    1.8680    0.5845    0.6342
    1.0871   -0.0257    0.0000    1.1904    0.3939    0.4300    0.1217
   -0.0085    0.0000    0.7759    0.2168    0.2418    0.0988   -0.0044
 PARAMETER VALUES,  CYCLE NUMBER 27,  AVDEV=   0.671
   10.1829   26.6060    3.2862   60.6690   31.9973    3.3502    0.7231
    4.1560    0.2721    2.4331   67.7551   12.6076    3.0672    0.0000
    0.0000    0.0000    3.1077   71.1087   36.3967    3.3439    0.1198
    1.1877    1.4560    0.3646   68.6558   23.1438    1.2355    0.0000
   17.9995    0.6694    7.1326    0.8386    3.7311    0.4466    1.9605
   -1.0037    0.2977    1.2994    0.0000    1.8680    0.5845    0.6342
    1.0871   -0.0257    0.0000    1.1904    0.3939    0.4300    0.1217
   -0.0085    0.0000    0.7759    0.2168    0.2418    0.0988   -0.0044
 PARAMETER VALUES,  CYCLE NUMBER 28,  AVDEV=   0.672
   10.1833   26.6078    3.2864   60.5881   31.1797    3.3674    0.7435
    3.8195    0.2185    2.7159   67.1811    2.6078    3.0272    0.0000
    0.0000    0.0765    1.6847   71.0976   36.2935    3.3407    0.1196
    1.1465    1.5354    0.2136   68.6878   22.7560    1.2341    0.0000
   18.2736    0.6967    7.3279    0.8386    3.7311    0.4466    1.9605
   -1.0037    0.2977    1.2994    0.0000    1.8680    0.5845    0.6342
    1.0871   -0.0257    0.0000    1.1904    0.3939    0.4300    0.1217
   -0.0085    0.0000    0.7759    0.2168    0.2418    0.0988   -0.0044
 PARAMETER VALUES,  CYCLE NUMBER 29,  AVDEV=   1.151
   10.1821   26.6008    3.2864   60.4243   29.7455    3.3506    0.8154
    3.9188    0.0855    2.7721   67.4742    5.2132    2.9936    0.0000
    2.8344    0.2030    3.4076   71.0441   35.8195    3.3353    0.1178
    1.3214    1.5646    0.3893   68.4235   12.7564    0.0000    2.4473
   23.6618    1.5176   12.2537    0.8386    3.7311    0.4466    1.9605
   -1.0037    0.2977    1.2994    0.0000    1.8680    0.5845    0.6342
    1.0871   -0.0257    0.0000    1.1904    0.3939    0.4300    0.1217
   -0.0085    0.0000    0.7759    0.2168    0.2418    0.0988   -0.0044
 PARAMETER VALUES,  CYCLE NUMBER 30,  AVDEV=   0.988
   10.1823   26.5980    3.2872   60.7399   33.2728    3.1747    0.8678
    6.6620    0.3447    2.2514   67.3069   15.2124    2.7020    0.0253
    2.9871    0.0000    2.4453   71.0560   35.9215    3.3307    0.1139
    1.6856    1.6734    0.5754   68.1323   19.8311    1.4986    0.0000
   20.2764    0.7854    8.0542    0.8386    3.7311    0.4466    1.9605
   -1.0037    0.2977    1.2994    0.0000    1.8680    0.5845    0.6342
    1.0871   -0.0257    0.0000    1.1904    0.3939    0.4300    0.1217
   -0.0085    0.0000    0.7759    0.2168    0.2418    0.0988   -0.0044
 PARAMETER VALUES,  CYCLE NUMBER 31,  AVDEV=   1.688
   10.1817   26.5941    3.2875   60.6228   32.0959    3.2285    0.8244
    5.8853    0.2684    2.5429   67.3080   11.7136    2.4802    0.0000
    7.9876    0.1167    4.0619   71.0650   35.9125    3.3380    0.1163
    1.8450    1.6002    0.5824   67.0400    9.8315    0.0000    6.1215
   20.6614    0.2669    7.3389    0.8386    3.7311    0.4466    1.9605
   -1.0037    0.2977    1.2994    0.0000    1.8680    0.5845    0.6342
    1.0871   -0.0257    0.0000    1.1904    0.3939    0.4300    0.1217
   -0.0085    0.0000    0.7759    0.2168    0.2418    0.0988   -0.0044
 PARAMETER VALUES,  CYCLE NUMBER 32,  AVDEV=   1.179
   10.1822   26.5960    3.2881   60.5404   32.2537    3.3228    0.6855
    4.0972    0.1053    1.3130   66.6752    1.7141    0.8225    1.6017
   13.6970    0.8040   10.7700   70.2801   28.5967    3.2846    0.1330
    2.3992    2.2193    0.5065   67.4344   12.3731    0.0000    3.4019
   20.5778    0.0909    3.9283    0.8386    3.7311    0.4466    1.9605
   -1.0037    0.2977    1.2994    0.0000    1.8680    0.5845    0.6342
    1.0871   -0.0257    0.0000    1.1904    0.3939    0.4300    0.1217
   -0.0085    0.0000    0.7759    0.2168    0.2418    0.0988   -0.0044
 PARAMETER VALUES,  CYCLE NUMBER 33,  AVDEV=   0.923
   10.1813   26.6009    3.2867   60.9144   33.5844    3.6071    0.6140
    1.1310    0.5294    1.2163   66.6315    6.2879    1.5873    0.8634
    6.4122    0.0000    7.9691   69.8911   24.4492    3.2537    0.1593
    2.8532    2.7156    0.0700   68.2086    6.3688    1.2739    0.1899
   25.5015    1.6740   13.9274    0.8386    3.7311    0.4466    1.9605
   -1.0037    0.2977    1.2994    0.0000    1.8680    0.5845    0.6342
    1.0871   -0.0257    0.0000    1.1904    0.3939    0.4300    0.1217
   -0.0085    0.0000    0.7759    0.2168    0.2418    0.0988   -0.0044
 PARAMETER VALUES,  CYCLE NUMBER 34,  AVDEV=   0.757
   10.1820   26.6051    3.2861   61.1891   33.6807    3.6676    0.4021
    3.0166    0.7986    0.2080   66.2818   10.3952    0.6305    1.5845
    6.3459    0.0000    3.4780   69.8791   24.2405    3.2444    0.1491
    3.2979    2.7573    0.2798   67.8709   16.3680    0.5467    1.6374
   19.4773    0.0000    7.1100    0.8386    3.7311    0.4466    1.9605
   -1.0037    0.2977    1.2994    0.0000    1.8680    0.5845    0.6342
    1.0871   -0.0257    0.0000    1.1904    0.3939    0.4300    0.1217
   -0.0085    0.0000    0.7759    0.2168    0.2418    0.0988   -0.0044
 PARAMETER VALUES,  CYCLE NUMBER 35,  AVDEV=   0.753
   10.1816   26.6028    3.2857   61.1929   35.0078    3.5805    0.4967
    3.6165    0.5714    0.9517   66.6583   10.4380    1.2190    1.3661
    4.5811    0.0000    5.8268   70.0247   25.6038    3.2728    0.1555
    3.0203    2.4447    0.0000   67.3763    6.3685    1.5318    0.0000
   22.3774    0.8481   10.1171    0.8386    3.7311    0.4466    1.9605
   -1.0037    0.2977    1.2994    0.0000    1.8680    0.5845    0.6342
    1.0871   -0.0257    0.0000    1.1904    0.3939    0.4300    0.1217
   -0.0085    0.0000    0.7759    0.2168    0.2418    0.0988   -0.0044
 PARAMETER VALUES,  CYCLE NUMBER 36,  AVDEV=   0.617
   10.1818   26.5998    3.2866   61.1551   35.6953    3.4407    0.5495
    5.0356    0.4521    1.7075   67.1683   19.1270    0.8297    1.1586
    3.9366    0.0000    3.5650   70.1532   26.8236    3.2958    0.1609
    2.7852    2.1595    0.0000   67.3903   10.2952    0.6922    0.8655
   20.7021    0.7752    8.8250    0.8386    3.7311    0.4466    1.9605
   -1.0037    0.2977    1.2994    0.0000    1.8680    0.5845    0.6342
    1.0871   -0.0257    0.0000    1.1904    0.3939    0.4300    0.1217
   -0.0085    0.0000    0.7759    0.2168    0.2418    0.0988   -0.0044
 PARAMETER VALUES,  CYCLE NUMBER 37,  AVDEV=   0.425
   10.1815   26.6003    3.2859   61.1066   32.0534    3.6613    0.1500
    6.7865    0.5244    0.0000   67.2803   18.1270    0.1325    1.0321
    5.3420    0.0000    4.5258   69.9525   24.6525    3.2593    0.1537
    3.6183    2.7328    0.1444   67.9653   16.4440    0.0309    0.5127
   20.8913    0.1611   11.2119    0.8386    3.7311    0.4466    1.9605
   -1.0037    0.2977    1.2994    0.0000    1.8680    0.5845    0.6342
    1.0871   -0.0257    0.0000    1.1904    0.3939    0.4300    0.1217
   -0.0085    0.0000    0.7759    0.2168    0.2418    0.0988   -0.0044
 PARAMETER VALUES,  CYCLE NUMBER 38,  AVDEV=   2.240
   10.1829   26.6071    3.2853   61.0585   32.1986    3.6064    0.3184
    6.1651    0.4247    0.2375   67.6284   20.4093    0.0000    1.1427
    5.8658    0.0556    5.5610   70.0620   25.7987    3.2773    0.1709
    3.0641    2.4411    0.0000   65.8439    9.9663    7.4607    0.0000
   13.8978    0.0000    2.7206    0.8386    3.7311    0.4466    1.9605
   -1.0037    0.2977    1.2994    0.0000    1.8680    0.5845    0.6342
    1.0871   -0.0257    0.0000    1.1904    0.3939    0.4300    0.1217
   -0.0085    0.0000    0.7759    0.2168    0.2418    0.0988   -0.0044
 PARAMETER VALUES,  CYCLE NUMBER 39,  AVDEV=   1.683
   10.1830   26.6073    3.2852   60.9748   30.4194    4.1367    0.5099
    4.9312    0.3994    0.0000   67.2660   24.4332    0.0000    0.0000
   15.8650    1.1634    0.0973   69.6208   21.7801    3.2117    0.1486
    3.6324    3.0263    0.1821   64.9607    7.5461    1.1408    0.0000
   22.6811    0.0000   11.9214    0.8386    3.7311    0.4466    1.9605
   -1.0037    0.2977    1.2994    0.0000    1.8680    0.5845    0.6342
    1.0871   -0.0257    0.0000    1.1904    0.3939    0.4300    0.1217
   -0.0085    0.0000    0.7759    0.2168    0.2418    0.0988   -0.0044
 PARAMETER VALUES,  CYCLE NUMBER 40,  AVDEV=   0.995
   10.1855   26.6159    3.2860   61.0033   33.2970    3.8407    0.3679
    4.9861    0.2851    0.0000   67.2644   24.5995    1.2206    0.0000
    7.2138    0.0000    0.9777   69.8285   23.6066    3.2757    0.1545
    3.2294    2.6343    0.0000   65.4645   12.1266    0.5898    0.6713
   17.4158    0.0000    6.2704    0.8386    3.7311    0.4466    1.9605
   -1.0037    0.2977    1.2994    0.0000    1.8680    0.5845    0.6342
    1.0871   -0.0257    0.0000    1.1904    0.3939    0.4300    0.1217
   -0.0085    0.0000    0.7759    0.2168    0.2418    0.0988   -0.0044
 PARAMETER VALUES FOR RCG INPUT
Sb I  5p3              10.1855  26.6159    3.2860
Sb I  5p26p            61.0033  33.2970    3.8407    0.3679    4.9861 LS99999999
   0.2851    0.0000
Sb I  5p27p            67.2644  24.5995    1.2206    0.0000    7.2138 LS99999999
   0.0000    0.9777
Sb I  5p24f            69.8285  23.6066    3.2757    0.1545    3.2294 LS99999999
   2.6343    0.0000
Sb I  5p28p            65.4645  12.1266    0.5898    0.6713   17.4158 LS99999999
   0.0000    6.2704
5p3     -5p26p         0.8386    3.7311
5p3     -5p27p         0.4466    1.9605
5p3     -5p24f        -1.0037
5p3     -5p28p         0.2977    1.2994
5p26p   -5p27p         0.0000    1.8680    0.5845    0.6342
5p26p   -5p24f         1.0871   -0.0257
5p26p   -5p28p         0.0000    1.1904    0.3939    0.4300
5p27p   -5p24f         0.1217   -0.0085
5p27p   -5p28p         0.0000    0.7759    0.2168    0.2418
5p24f   -5p28p         0.0988   -0.0044

Sb I      5p26s     5p25d     5p27s     5p26d     5p28s     5p27d   
 PARAMETER VALUES,  CYCLE NUMBER  0,  AVDEV=   0.620
   51.9022   33.2574    3.4207    2.3145   62.4961   33.4046    3.4390
    0.0188    7.5809    5.6096    3.3651   65.9267   33.7559    3.4911
    0.4991   69.5962   33.7461    3.4891    0.0069    2.2003    1.7684
    1.0810   71.1436   33.8392    3.5039    0.2025   71.0616   33.8270
    3.5018    0.0034    1.0002    0.8326    0.5121   -5.9851   -1.9708
    0.0000    1.0518   -2.5566   -0.9845    0.0000    0.6635   -1.5652
   -0.6456   -1.9273   -0.9227    0.0000    3.5067    3.1326    1.8982
   -1.1608   -0.5886    0.0000    2.2618    2.1415    1.3019   -1.4703
   -0.4787    0.0000    0.3177   -0.9464   -0.3176   -0.7591   -0.3079
    0.0000    1.4036    1.2128    0.7437   -0.6047   -0.2048
 PARAMETER VALUES,  CYCLE NUMBER  1,  AVDEV=   0.536
   51.8564   32.4983    3.3714    2.3144   62.7550   35.2695    3.4924
    0.0089    8.4614    5.1850    3.1936   65.0487   24.7119    3.4372
    0.6471   68.5298   23.7464    3.6865    0.0000    1.4320    1.0741
    1.8733   70.9475   31.9052    3.4261    0.0000   72.1138   42.5352
    3.8769    0.0315    0.0000    0.0000    0.0344   -5.9851   -1.9708
    0.0000    1.0518   -2.5566   -0.9845    0.0000    0.6635   -1.5652
   -0.6456   -1.9273   -0.9227    0.0000    3.5067    3.1326    1.8982
   -1.1608   -0.5886    0.0000    2.2618    2.1415    1.3019   -1.4703
   -0.4787    0.0000    0.3177   -0.9464   -0.3176   -0.7591   -0.3079
    0.0000    1.4036    1.2128    0.7437   -0.6047   -0.2048
 PARAMETER VALUES,  CYCLE NUMBER  2,  AVDEV=   0.466
   51.7994   31.6470    3.3231    2.2912   63.3647   39.9972    3.4699
    0.0000   10.4374    5.1857    4.0600   64.4091   15.2844    3.4699
    0.6461   68.1913   18.2050    4.2633    0.0000    1.5910    0.4451
    2.5987   71.1020   34.7735    3.2653    0.0593   70.8032   32.5356
    4.0670    0.1947    0.0752    0.0000    0.0000   -5.9851   -1.9708
    0.0000    1.0518   -2.5566   -0.9845    0.0000    0.6635   -1.5652
   -0.6456   -1.9273   -0.9227    0.0000    3.5067    3.1326    1.8982
   -1.1608   -0.5886    0.0000    2.2618    2.1415    1.3019   -1.4703
   -0.4787    0.0000    0.3177   -0.9464   -0.3176   -0.7591   -0.3079
    0.0000    1.4036    1.2128    0.7437   -0.6047   -0.2048
 PARAMETER VALUES,  CYCLE NUMBER  3,  AVDEV=   0.388
   51.8592   32.1647    3.2875    2.2616   63.3880   39.3545    3.7355
    0.0454   10.0217    3.6300    5.9723   64.3721   14.5064    3.3678
    0.6389   68.3834   18.9961    4.2922    0.0000    0.9858    0.0770
    3.8282   72.3246   44.7730    3.3749    0.1101   70.6221   29.9609
    4.2145    0.1211    0.0000    0.0000    1.3792   -5.9851   -1.9708
    0.0000    1.0518   -2.5566   -0.9845    0.0000    0.6635   -1.5652
   -0.6456   -1.9273   -0.9227    0.0000    3.5067    3.1326    1.8982
   -1.1608   -0.5886    0.0000    2.2618    2.1415    1.3019   -1.4703
   -0.4787    0.0000    0.3177   -0.9464   -0.3176   -0.7591   -0.3079
    0.0000    1.4036    1.2128    0.7437   -0.6047   -0.2048
 PARAMETER VALUES,  CYCLE NUMBER  4,  AVDEV=   0.391
   51.8757   32.2879    3.2643    2.2586   63.4637   39.6206    3.7003
    0.0621   10.5082    3.2295    6.7987   64.2781   13.4057    3.2759
    0.7253   68.5119   18.4483    4.3798    0.0000    2.0474    0.3652
    4.8773   71.5167   36.5900    3.3900    0.0000   70.5247   30.7985
    4.8032    0.4413    1.4490    0.0000    0.0000   -5.9851   -1.9708
    0.0000    1.0518   -2.5566   -0.9845    0.0000    0.6635   -1.5652
   -0.6456   -1.9273   -0.9227    0.0000    3.5067    3.1326    1.8982
   -1.1608   -0.5886    0.0000    2.2618    2.1415    1.3019   -1.4703
   -0.4787    0.0000    0.3177   -0.9464   -0.3176   -0.7591   -0.3079
    0.0000    1.4036    1.2128    0.7437   -0.6047   -0.2048
 PARAMETER VALUES,  CYCLE NUMBER  5,  AVDEV=   0.376
   51.8850   32.3921    3.2453    2.2614   63.4117   38.9080    3.6848
    0.0867   10.6538    3.0056    7.0365   64.2507   13.2986    3.2149
    0.7346   68.4319   17.1310    4.5121    0.0000    0.7182    0.0000
    4.7982   72.5167   46.5894    3.3539    0.0000   71.5544   38.1396
    4.8290    0.3738    0.0000    0.0000    0.0000   -5.9851   -1.9708
    0.0000    1.0518   -2.5566   -0.9845    0.0000    0.6635   -1.5652
   -0.6456   -1.9273   -0.9227    0.0000    3.5067    3.1326    1.8982
   -1.1608   -0.5886    0.0000    2.2618    2.1415    1.3019   -1.4703
   -0.4787    0.0000    0.3177   -0.9464   -0.3176   -0.7591   -0.3079
    0.0000    1.4036    1.2128    0.7437   -0.6047   -0.2048
 PARAMETER VALUES,  CYCLE NUMBER  6,  AVDEV=   0.358
   51.8912   32.5328    3.2239    2.2717   63.3421   38.2931    3.6437
    0.0912   10.6297    2.8791    6.8213   64.4257   14.5989    3.2867
    0.7801   68.7959   15.1864    5.7265    0.0000    4.3896    1.0474
    4.7120   71.5307   36.5902    3.3809    0.0000   72.2186   44.0311
    4.6297    0.3165    0.0000    0.0000    0.8602   -5.9851   -1.9708
    0.0000    1.0518   -2.5566   -0.9845    0.0000    0.6635   -1.5652
   -0.6456   -1.9273   -0.9227    0.0000    3.5067    3.1326    1.8982
   -1.1608   -0.5886    0.0000    2.2618    2.1415    1.3019   -1.4703
   -0.4787    0.0000    0.3177   -0.9464   -0.3176   -0.7591   -0.3079
    0.0000    1.4036    1.2128    0.7437   -0.6047   -0.2048
 PARAMETER VALUES,  CYCLE NUMBER  7,  AVDEV=   0.349
   51.8744   32.2755    3.2382    2.2600   63.6947   41.6456    3.6506
    0.0943   10.3248    2.9607    6.9568   64.4643   14.8826    3.3098
    0.7794   68.7083   15.9025    5.4061    0.0000    2.6628    0.4459
    4.7138   72.6320   46.5411    3.4308    0.2044   70.8940   34.0315
    4.5361    0.3118    1.8101    0.0000    0.8798   -5.9851   -1.9708
    0.0000    1.0518   -2.5566   -0.9845    0.0000    0.6635   -1.5652
   -0.6456   -1.9273   -0.9227    0.0000    3.5067    3.1326    1.8982
   -1.1608   -0.5886    0.0000    2.2618    2.1415    1.3019   -1.4703
   -0.4787    0.0000    0.3177   -0.9464   -0.3176   -0.7591   -0.3079
    0.0000    1.4036    1.2128    0.7437   -0.6047   -0.2048
 PARAMETER VALUES,  CYCLE NUMBER  8,  AVDEV=   0.359
   51.8866   32.4871    3.2256    2.2551   63.4321   39.5976    3.6089
    0.0563   10.1253    2.9864    7.2982   64.5223   15.3281    3.3288
    0.7916   68.7207   16.0874    5.2141    0.0000    2.4331    0.3915
    5.0352   73.6498   56.5401    3.3704    0.0000   71.8788   40.1239
    4.8302    0.4151    0.2714    0.0000    0.0000   -5.9851   -1.9708
    0.0000    1.0518   -2.5566   -0.9845    0.0000    0.6635   -1.5652
   -0.6456   -1.9273   -0.9227    0.0000    3.5067    3.1326    1.8982
   -1.1608   -0.5886    0.0000    2.2618    2.1415    1.3019   -1.4703
   -0.4787    0.0000    0.3177   -0.9464   -0.3176   -0.7591   -0.3079
    0.0000    1.4036    1.2128    0.7437   -0.6047   -0.2048
 PARAMETER VALUES,  CYCLE NUMBER  9,  AVDEV=   0.358
   51.8844   32.4682    3.2258    2.2536   63.4699   39.9040    3.6083
    0.0549   10.1102    3.0147    7.3047   64.5230   15.3286    3.3317
    0.7882   68.7392   15.7762    5.3023    0.0000    2.2545    0.3205
    5.1312   72.5235   46.5403    3.3517    0.0000   71.9955   41.4329
    4.8250    0.3976    0.0000    0.0000    0.0000   -5.9851   -1.9708
    0.0000    1.0518   -2.5566   -0.9845    0.0000    0.6635   -1.5652
   -0.6456   -1.9273   -0.9227    0.0000    3.5067    3.1326    1.8982
   -1.1608   -0.5886    0.0000    2.2618    2.1415    1.3019   -1.4703
   -0.4787    0.0000    0.3177   -0.9464   -0.3176   -0.7591   -0.3079
    0.0000    1.4036    1.2128    0.7437   -0.6047   -0.2048
 PARAMETER VALUES,  CYCLE NUMBER 10,  AVDEV=   0.342
   51.8677   32.2519    3.2362    2.2439   63.7769   42.7626    3.6117
    0.0292    9.8446    3.1402    7.3165   64.5463   15.4757    3.3530
    0.7910   68.6990   15.8153    5.3111    0.0000    2.1475    0.1984
    4.7694   71.1824   36.5406    3.1395    0.3891   71.5524   37.9891
    4.7719    0.3702    0.0599    0.0000    0.0000   -5.9851   -1.9708
    0.0000    1.0518   -2.5566   -0.9845    0.0000    0.6635   -1.5652
   -0.6456   -1.9273   -0.9227    0.0000    3.5067    3.1326    1.8982
   -1.1608   -0.5886    0.0000    2.2618    2.1415    1.3019   -1.4703
   -0.4787    0.0000    0.3177   -0.9464   -0.3176   -0.7591   -0.3079
    0.0000    1.4036    1.2128    0.7437   -0.6047   -0.2048
 PARAMETER VALUES,  CYCLE NUMBER 11,  AVDEV=   0.341
   51.8829   32.4682    3.2266    2.2416   63.5990   41.2592    3.5787
    0.0025   10.0843    3.0605    7.5925   64.5829   15.8220    3.3597
    0.7783   68.7027   14.9503    5.2974    0.0000    0.7849    0.0000
    5.2666   70.2784   28.4067    3.0481    0.5833   72.6281   47.9881
    4.8307    0.3566    0.0000    0.0000    0.0000   -5.9851   -1.9708
    0.0000    1.0518   -2.5566   -0.9845    0.0000    0.6635   -1.5652
   -0.6456   -1.9273   -0.9227    0.0000    3.5067    3.1326    1.8982
   -1.1608   -0.5886    0.0000    2.2618    2.1415    1.3019   -1.4703
   -0.4787    0.0000    0.3177   -0.9464   -0.3176   -0.7591   -0.3079
    0.0000    1.4036    1.2128    0.7437   -0.6047   -0.2048
 PARAMETER VALUES,  CYCLE NUMBER 12,  AVDEV=   0.337
   51.8822   32.4939    3.2231    2.2391   63.5517   40.7057    3.5598
    0.0128   10.2201    3.1590    7.7078   64.5890   15.9888    3.3519
    0.7625   68.7288   14.2825    5.4594    0.0000    0.0448    0.0000
    6.0519   71.0762   36.0768    3.0586    0.9470   72.9796   49.3378
    4.9488    0.3346    0.0000    0.0000    0.0000   -5.9851   -1.9708
    0.0000    1.0518   -2.5566   -0.9845    0.0000    0.6635   -1.5652
   -0.6456   -1.9273   -0.9227    0.0000    3.5067    3.1326    1.8982
   -1.1608   -0.5886    0.0000    2.2618    2.1415    1.3019   -1.4703
   -0.4787    0.0000    0.3177   -0.9464   -0.3176   -0.7591   -0.3079
    0.0000    1.4036    1.2128    0.7437   -0.6047   -0.2048
 PARAMETER VALUES,  CYCLE NUMBER 13,  AVDEV=   0.328
   51.8903   32.5935    3.2192    2.2443   63.4180   39.5956    3.5629
    0.0294   10.2443    3.1364    7.6069   64.5665   15.7960    3.3406
    0.7650   68.5499   12.3465    5.1649    0.0000    0.0000    0.0000
    7.2079   72.3312   46.0764    3.1653    1.2802   73.7883   56.5599
    4.9850    0.3589    0.0000    0.0000    0.0000   -5.9851   -1.9708
    0.0000    1.0518   -2.5566   -0.9845    0.0000    0.6635   -1.5652
   -0.6456   -1.9273   -0.9227    0.0000    3.5067    3.1326    1.8982
   -1.1608   -0.5886    0.0000    2.2618    2.1415    1.3019   -1.4703
   -0.4787    0.0000    0.3177   -0.9464   -0.3176   -0.7591   -0.3079
    0.0000    1.4036    1.2128    0.7437   -0.6047   -0.2048
 PARAMETER VALUES,  CYCLE NUMBER 14,  AVDEV=   0.317
   51.8898   32.6132    3.2161    2.2472   63.3833   39.1888    3.5629
    0.0418   10.2305    3.1872    7.4923   64.5751   15.8459    3.3493
    0.7670   68.5283   11.0660    5.2817    0.0000    0.0000    0.0000
    8.1153   73.5881   56.0761    3.2454    1.4859   73.6253   55.2063
    4.9606    0.3483    0.0000    0.0000    0.0000   -5.9851   -1.9708
    0.0000    1.0518   -2.5566   -0.9845    0.0000    0.6635   -1.5652
   -0.6456   -1.9273   -0.9227    0.0000    3.5067    3.1326    1.8982
   -1.1608   -0.5886    0.0000    2.2618    2.1415    1.3019   -1.4703
   -0.4787    0.0000    0.3177   -0.9464   -0.3176   -0.7591   -0.3079
    0.0000    1.4036    1.2128    0.7437   -0.6047   -0.2048
 PARAMETER VALUES,  CYCLE NUMBER 15,  AVDEV=   0.316
   51.8906   32.6133    3.2164    2.2496   63.3803   39.2094    3.5632
    0.0584   10.1651    3.1887    7.4093   64.6015   16.0589    3.3606
    0.7675   68.5225   11.0937    5.2398    0.0000    0.0000    0.0000
    7.9749   74.8164   66.0758    3.2949    1.6229   73.6915   56.2046
    4.9246    0.3502    0.0000    0.0000    0.0000   -5.9851   -1.9708
    0.0000    1.0518   -2.5566   -0.9845    0.0000    0.6635   -1.5652
   -0.6456   -1.9273   -0.9227    0.0000    3.5067    3.1326    1.8982
   -1.1608   -0.5886    0.0000    2.2618    2.1415    1.3019   -1.4703
   -0.4787    0.0000    0.3177   -0.9464   -0.3176   -0.7591   -0.3079
    0.0000    1.4036    1.2128    0.7437   -0.6047   -0.2048
 PARAMETER VALUES,  CYCLE NUMBER 16,  AVDEV=   0.316
   51.8896   32.5909    3.2178    2.2509   63.3956   39.3300    3.5664
    0.0665   10.1420    3.1900    7.3537   64.6324   16.3204    3.3738
    0.7643   68.5704   11.3761    5.2879    0.0000    0.0000    0.0000
    7.6507   76.0252   76.0755    3.3255    1.7144   73.7800   57.2903
    4.8964    0.3494    0.0000    0.0000    0.0000   -5.9851   -1.9708
    0.0000    1.0518   -2.5566   -0.9845    0.0000    0.6635   -1.5652
   -0.6456   -1.9273   -0.9227    0.0000    3.5067    3.1326    1.8982
   -1.1608   -0.5886    0.0000    2.2618    2.1415    1.3019   -1.4703
   -0.4787    0.0000    0.3177   -0.9464   -0.3176   -0.7591   -0.3079
    0.0000    1.4036    1.2128    0.7437   -0.6047   -0.2048
 PARAMETER VALUES,  CYCLE NUMBER 17,  AVDEV=   0.316
   51.8884   32.5419    3.2219    2.2532   63.4394   39.7537    3.5728
    0.0887   10.0386    3.1469    7.2308   64.6620   16.5926    3.3846
    0.7654   68.5921   11.6747    5.2876    0.0000    0.0000    0.0000
    7.3612   76.3484   78.0401    3.3680    1.7613   73.7863   57.8642
    4.8249    0.3270    0.0000    0.0000    0.0000   -5.9851   -1.9708
    0.0000    1.0518   -2.5566   -0.9845    0.0000    0.6635   -1.5652
   -0.6456   -1.9273   -0.9227    0.0000    3.5067    3.1326    1.8982
   -1.1608   -0.5886    0.0000    2.2618    2.1415    1.3019   -1.4703
   -0.4787    0.0000    0.3177   -0.9464   -0.3176   -0.7591   -0.3079
    0.0000    1.4036    1.2128    0.7437   -0.6047   -0.2048
 PARAMETER VALUES,  CYCLE NUMBER 18,  AVDEV=   0.310
   51.8890   32.5597    3.2206    2.2524   63.4220   39.5654    3.5604
    0.0887   10.0932    3.1909    7.2485   64.6597   16.5731    3.3838
    0.7679   68.4820   10.5899    5.2762    0.0000    0.0000    0.0000
    8.4257   77.5442   88.0395    3.3859    1.8381   73.1367   51.4499
    4.8675    0.3232    0.0000    0.0000    0.0000   -5.9851   -1.9708
    0.0000    1.0518   -2.5566   -0.9845    0.0000    0.6635   -1.5652
   -0.6456   -1.9273   -0.9227    0.0000    3.5067    3.1326    1.8982
   -1.1608   -0.5886    0.0000    2.2618    2.1415    1.3019   -1.4703
   -0.4787    0.0000    0.3177   -0.9464   -0.3176   -0.7591   -0.3079
    0.0000    1.4036    1.2128    0.7437   -0.6047   -0.2048
 PARAMETER VALUES,  CYCLE NUMBER 19,  AVDEV=   0.312
   51.8889   32.5424    3.2224    2.2528   63.4454   39.8363    3.5627
    0.0926   10.0422    3.1710    7.2186   64.6492   16.4620    3.3806
    0.7777   68.4613   10.5102    5.2109    0.0000    0.0000    0.0000
    8.2789   78.7638   98.0392    3.4275    1.8680   73.1267   51.8409
    4.8279    0.3437    0.0000    0.0000    0.0000   -5.9851   -1.9708
    0.0000    1.0518   -2.5566   -0.9845    0.0000    0.6635   -1.5652
   -0.6456   -1.9273   -0.9227    0.0000    3.5067    3.1326    1.8982
   -1.1608   -0.5886    0.0000    2.2618    2.1415    1.3019   -1.4703
   -0.4787    0.0000    0.3177   -0.9464   -0.3176   -0.7591   -0.3079
    0.0000    1.4036    1.2128    0.7437   -0.6047   -0.2048
 PARAMETER VALUES,  CYCLE NUMBER 20,  AVDEV=   0.312
   51.8885   32.5365    3.2227    2.2527   63.4514   39.8825    3.5631
    0.0922   10.0436    3.1735    7.2156   64.6534   16.4942    3.3828
    0.7775   68.4697   10.5465    5.2237    0.0000    0.0000    0.0000
    8.2239   77.5362   88.0393    3.3734    1.8740   73.1556   52.0959
    4.8306    0.3462    0.0000    0.0000    0.0000   -5.9851   -1.9708
    0.0000    1.0518   -2.5566   -0.9845    0.0000    0.6635   -1.5652
   -0.6456   -1.9273   -0.9227    0.0000    3.5067    3.1326    1.8982
   -1.1608   -0.5886    0.0000    2.2618    2.1415    1.3019   -1.4703
   -0.4787    0.0000    0.3177   -0.9464   -0.3176   -0.7591   -0.3079
    0.0000    1.4036    1.2128    0.7437   -0.6047   -0.2048
 PARAMETER VALUES,  CYCLE NUMBER 21,  AVDEV=   0.313
   51.8880   32.5284    3.2232    2.2526   63.4595   39.9528    3.5633
    0.0918   10.0437    3.1743    7.2117   64.6482   16.4445    3.3812
    0.7797   68.4785   10.5916    5.2352    0.0000    0.0000    0.0000
    8.1592   78.7573   98.0392    3.4219    1.8823   73.1764   52.3044
    4.8303    0.3494    0.0000    0.0000    0.0000   -5.9851   -1.9708
    0.0000    1.0518   -2.5566   -0.9845    0.0000    0.6635   -1.5652
   -0.6456   -1.9273   -0.9227    0.0000    3.5067    3.1326    1.8982
   -1.1608   -0.5886    0.0000    2.2618    2.1415    1.3019   -1.4703
   -0.4787    0.0000    0.3177   -0.9464   -0.3176   -0.7591   -0.3079
    0.0000    1.4036    1.2128    0.7437   -0.6047   -0.2048
 PARAMETER VALUES,  CYCLE NUMBER 22,  AVDEV=   0.313
   51.8878   32.5241    3.2234    2.2525   63.4643   39.9945    3.5633
    0.0916   10.0440    3.1754    7.2115   64.6504   16.4620    3.3823
    0.7795   68.4831   10.6323    5.2406    0.0000    0.0000    0.0000
    8.1146   77.5301   88.0392    3.3686    1.8865   73.1973   52.4781
    4.8330    0.3507    0.0000    0.0000    0.0000   -5.9851   -1.9708
    0.0000    1.0518   -2.5566   -0.9845    0.0000    0.6635   -1.5652
   -0.6456   -1.9273   -0.9227    0.0000    3.5067    3.1326    1.8982
   -1.1608   -0.5886    0.0000    2.2618    2.1415    1.3019   -1.4703
   -0.4787    0.0000    0.3177   -0.9464   -0.3176   -0.7591   -0.3079
    0.0000    1.4036    1.2128    0.7437   -0.6047   -0.2048
 PARAMETER VALUES,  CYCLE NUMBER 23,  AVDEV=   0.314
   51.8871   32.5127    3.2242    2.2522   63.4766   40.1065    3.5636
    0.0911   10.0403    3.1745    7.2095   64.6439   16.4028    3.3803
    0.7817   68.4894   10.6868    5.2466    0.0000    0.0000    0.0000
    8.0461   78.7502   98.0391    3.4161    1.8942   73.1972   52.5167
    4.8300    0.3533    0.0000    0.0000    0.0000   -5.9851   -1.9708
    0.0000    1.0518   -2.5566   -0.9845    0.0000    0.6635   -1.5652
   -0.6456   -1.9273   -0.9227    0.0000    3.5067    3.1326    1.8982
   -1.1608   -0.5886    0.0000    2.2618    2.1415    1.3019   -1.4703
   -0.4787    0.0000    0.3177   -0.9464   -0.3176   -0.7591   -0.3079
    0.0000    1.4036    1.2128    0.7437   -0.6047   -0.2048
 PARAMETER VALUES,  CYCLE NUMBER 24,  AVDEV=   0.315
   51.8867   32.5058    3.2246    2.2520   63.4844   40.1773    3.5637
    0.0907   10.0399    3.1751    7.2103   64.6441   16.4024    3.3806
    0.7818   68.4941   10.7456    5.2507    0.0000    0.0000    0.0000
    7.9874   77.5219   88.0392    3.3615    1.8988   73.2176   52.6822
    4.8332    0.3544    0.0000    0.0000    0.0000   -5.9851   -1.9708
    0.0000    1.0518   -2.5566   -0.9845    0.0000    0.6635   -1.5652
   -0.6456   -1.9273   -0.9227    0.0000    3.5067    3.1326    1.8982
   -1.1608   -0.5886    0.0000    2.2618    2.1415    1.3019   -1.4703
   -0.4787    0.0000    0.3177   -0.9464   -0.3176   -0.7591   -0.3079
    0.0000    1.4036    1.2128    0.7437   -0.6047   -0.2048
 PARAMETER VALUES,  CYCLE NUMBER 25,  AVDEV=   0.315
   51.8854   32.4825    3.2261    2.2514   63.5104   40.4180    3.5645
    0.0896   10.0281    3.1724    7.2082   64.6335   16.3071    3.3771
    0.7849   68.5000   10.8188    5.2544    0.0000    0.0000    0.0000
    7.8904   78.7395   98.0391    3.4062    1.9070   73.1810   52.4493
    4.8241    0.3567    0.0000    0.0000    0.0000   -5.9851   -1.9708
    0.0000    1.0518   -2.5566   -0.9845    0.0000    0.6635   -1.5652
   -0.6456   -1.9273   -0.9227    0.0000    3.5067    3.1326    1.8982
   -1.1608   -0.5886    0.0000    2.2618    2.1415    1.3019   -1.4703
   -0.4787    0.0000    0.3177   -0.9464   -0.3176   -0.7591   -0.3079
    0.0000    1.4036    1.2128    0.7437   -0.6047   -0.2048
 PARAMETER VALUES,  CYCLE NUMBER 26,  AVDEV=   0.318
   51.8819   32.4233    3.2297    2.2497   63.5769   41.0301    3.5655
    0.0854   10.0146    3.1720    7.2114   64.6082   16.0782    3.3688
    0.7907   68.5199   11.1361    5.2674    0.0000    0.0000    0.0000
    7.5603   79.9367  108.0388    3.4228    1.9288   73.2149   52.7605
    4.8297    0.3576    0.0000    0.0000    0.0000   -5.9851   -1.9708
    0.0000    1.0518   -2.5566   -0.9845    0.0000    0.6635   -1.5652
   -0.6456   -1.9273   -0.9227    0.0000    3.5067    3.1326    1.8982
   -1.1608   -0.5886    0.0000    2.2618    2.1415    1.3019   -1.4703
   -0.4787    0.0000    0.3177   -0.9464   -0.3176   -0.7591   -0.3079
    0.0000    1.4036    1.2128    0.7437   -0.6047   -0.2048
 PARAMETER VALUES,  CYCLE NUMBER 27,  AVDEV=   0.323
   51.8725   32.2659    3.2392    2.2442   63.7714   42.8335    3.5716
    0.0715    9.9358    3.1350    7.2285   64.5407   15.4856    3.3449
    0.8008   68.5295   11.5867    5.2585    0.0000    0.0000    0.0000
    7.0568   80.1925  109.5115    3.5029    1.8529   73.0964   51.9966
    4.8079    0.3325    0.0000    0.0000    0.0000   -5.9851   -1.9708
    0.0000    1.0518   -2.5566   -0.9845    0.0000    0.6635   -1.5652
   -0.6456   -1.9273   -0.9227    0.0000    3.5067    3.1326    1.8982
   -1.1608   -0.5886    0.0000    2.2618    2.1415    1.3019   -1.4703
   -0.4787    0.0000    0.3177   -0.9464   -0.3176   -0.7591   -0.3079
    0.0000    1.4036    1.2128    0.7437   -0.6047   -0.2048
 PARAMETER VALUES,  CYCLE NUMBER 28,  AVDEV=   0.322
   51.8728   32.2733    3.2387    2.2439   63.7666   42.7877    3.5709
    0.0702    9.9384    3.1341    7.2395   64.5432   15.5099    3.3456
    0.7994   68.5166   11.4595    5.2542    0.0000    0.0000    0.0000
    7.1788   81.4101  119.5114    3.5415    1.8575   73.0184   51.2773
    4.8066    0.3308    0.0000    0.0000    0.0000   -5.9851   -1.9708
    0.0000    1.0518   -2.5566   -0.9845    0.0000    0.6635   -1.5652
   -0.6456   -1.9273   -0.9227    0.0000    3.5067    3.1326    1.8982
   -1.1608   -0.5886    0.0000    2.2618    2.1415    1.3019   -1.4703
   -0.4787    0.0000    0.3177   -0.9464   -0.3176   -0.7591   -0.3079
    0.0000    1.4036    1.2128    0.7437   -0.6047   -0.2048
 PARAMETER VALUES,  CYCLE NUMBER 29,  AVDEV=   0.320
   51.8732   32.2829    3.2380    2.2437   63.7601   42.7281    3.5702
    0.0687    9.9395    3.1315    7.2519   64.5473   15.5480    3.3469
    0.7977   68.5018   11.3114    5.2485    0.0000    0.0000    0.0000
    7.3166   82.6256  129.5114    3.5752    1.8616   72.9377   50.5382
    4.8048    0.3297    0.0000    0.0000    0.0000   -5.9851   -1.9708
    0.0000    1.0518   -2.5566   -0.9845    0.0000    0.6635   -1.5652
   -0.6456   -1.9273   -0.9227    0.0000    3.5067    3.1326    1.8982
   -1.1608   -0.5886    0.0000    2.2618    2.1415    1.3019   -1.4703
   -0.4787    0.0000    0.3177   -0.9464   -0.3176   -0.7591   -0.3079
    0.0000    1.4036    1.2128    0.7437   -0.6047   -0.2048
 PARAMETER VALUES,  CYCLE NUMBER 30,  AVDEV=   0.318
   51.8740   32.2999    3.2367    2.2434   63.7481   42.6194    3.5699
    0.0660    9.9378    3.1227    7.2701   64.5555   15.6220    3.3495
    0.7947   68.4842   11.1092    5.2411    0.0000    0.0000    0.0000
    7.4899   83.8385  139.5112    3.6041    1.8646   72.8584   49.8262
    4.8017    0.3306    0.0000    0.0000    0.0000   -5.9851   -1.9708
    0.0000    1.0518   -2.5566   -0.9845    0.0000    0.6635   -1.5652
   -0.6456   -1.9273   -0.9227    0.0000    3.5067    3.1326    1.8982
   -1.1608   -0.5886    0.0000    2.2618    2.1415    1.3019   -1.4703
   -0.4787    0.0000    0.3177   -0.9464   -0.3176   -0.7591   -0.3079
    0.0000    1.4036    1.2128    0.7437   -0.6047   -0.2048
 PARAMETER VALUES,  CYCLE NUMBER 31,  AVDEV=   0.318
   51.8741   32.3018    3.2366    2.2434   63.7466   42.6059    3.5700
    0.0657    9.9380    3.1206    7.2717   64.5562   15.6289    3.3497
    0.7943   68.4861   11.1168    5.2421    0.0000    0.0000    0.0000
    7.4781   85.0500  149.5112    3.6306    1.8665   72.8718   49.9513
    4.8019    0.3314    0.0000    0.0000    0.0000   -5.9851   -1.9708
    0.0000    1.0518   -2.5566   -0.9845    0.0000    0.6635   -1.5652
   -0.6456   -1.9273   -0.9227    0.0000    3.5067    3.1326    1.8982
   -1.1608   -0.5886    0.0000    2.2618    2.1415    1.3019   -1.4703
   -0.4787    0.0000    0.3177   -0.9464   -0.3176   -0.7591   -0.3079
    0.0000    1.4036    1.2128    0.7437   -0.6047   -0.2048
 PARAMETER VALUES,  CYCLE NUMBER 32,  AVDEV=   0.319
   51.8745   32.3087    3.2362    2.2434   63.7411   42.5573    3.5705
    0.0646    9.9385    3.1134    7.2779   64.5599   15.6623    3.3508
    0.7928   68.4915   11.1340    5.2452    0.0000    0.0000    0.0000
    7.4482   86.2546  159.5111    3.6481    1.8708   72.9118   50.3230
    4.8024    0.3342    0.0000    0.0000    0.0000   -5.9851   -1.9708
    0.0000    1.0518   -2.5566   -0.9845    0.0000    0.6635   -1.5652
   -0.6456   -1.9273   -0.9227    0.0000    3.5067    3.1326    1.8982
   -1.1608   -0.5886    0.0000    2.2618    2.1415    1.3019   -1.4703
   -0.4787    0.0000    0.3177   -0.9464   -0.3176   -0.7591   -0.3079
    0.0000    1.4036    1.2128    0.7437   -0.6047   -0.2048
 PARAMETER VALUES,  CYCLE NUMBER 33,  AVDEV=   0.318
   51.8747   32.3115    3.2360    2.2434   63.7391   42.5391    3.5706
    0.0642    9.9388    3.1111    7.2807   64.5616   15.6772    3.3513
    0.7921   68.4921   11.1311    5.2455    0.0000    0.0000    0.0000
    7.4495   85.0414  149.5111    3.6222    1.8708   72.9173   50.3732
    4.8025    0.3347    0.0000    0.0000    0.0000   -5.9851   -1.9708
    0.0000    1.0518   -2.5566   -0.9845    0.0000    0.6635   -1.5652
   -0.6456   -1.9273   -0.9227    0.0000    3.5067    3.1326    1.8982
   -1.1608   -0.5886    0.0000    2.2618    2.1415    1.3019   -1.4703
   -0.4787    0.0000    0.3177   -0.9464   -0.3176   -0.7591   -0.3079
    0.0000    1.4036    1.2128    0.7437   -0.6047   -0.2048
 PARAMETER VALUES,  CYCLE NUMBER 34,  AVDEV=   0.318
   51.8749   32.3155    3.2357    2.2434   63.7361   42.5121    3.5707
    0.0635    9.9394    3.1075    7.2848   64.5635   15.6943    3.3518
    0.7913   68.4930   11.1294    5.2461    0.0000    0.0000    0.0000
    7.4499   86.2514  159.5111    3.6454    1.8722   72.9250   50.4445
    4.8025    0.3355    0.0000    0.0000    0.0000   -5.9851   -1.9708
    0.0000    1.0518   -2.5566   -0.9845    0.0000    0.6635   -1.5652
   -0.6456   -1.9273   -0.9227    0.0000    3.5067    3.1326    1.8982
   -1.1608   -0.5886    0.0000    2.2618    2.1415    1.3019   -1.4703
   -0.4787    0.0000    0.3177   -0.9464   -0.3176   -0.7591   -0.3079
    0.0000    1.4036    1.2128    0.7437   -0.6047   -0.2048
 PARAMETER VALUES,  CYCLE NUMBER 35,  AVDEV=   0.318
   51.8752   32.3194    3.2355    2.2433   63.7332   42.4862    3.5708
    0.0629    9.9400    3.1043    7.2891   64.5658   15.7151    3.3526
    0.7903   68.4936   11.1270    5.2465    0.0000    0.0000    0.0000
    7.4525   85.0375  149.5111    3.6187    1.8723   72.9309   50.4974
    4.8027    0.3361    0.0000    0.0000    0.0000   -5.9851   -1.9708
    0.0000    1.0518   -2.5566   -0.9845    0.0000    0.6635   -1.5652
   -0.6456   -1.9273   -0.9227    0.0000    3.5067    3.1326    1.8982
   -1.1608   -0.5886    0.0000    2.2618    2.1415    1.3019   -1.4703
   -0.4787    0.0000    0.3177   -0.9464   -0.3176   -0.7591   -0.3079
    0.0000    1.4036    1.2128    0.7437   -0.6047   -0.2048
 PARAMETER VALUES,  CYCLE NUMBER 36,  AVDEV=   0.318
   51.8753   32.3217    3.2353    2.2433   63.7315   42.4710    3.5708
    0.0625    9.9406    3.1023    7.2916   64.5667   15.7236    3.3528
    0.7899   68.4941   11.1275    5.2468    0.0000    0.0000    0.0000
    7.4528   86.2487  159.5111    3.6432    1.8733   72.9343   50.5280
    4.8027    0.3364    0.0000    0.0000    0.0000   -5.9851   -1.9708
    0.0000    1.0518   -2.5566   -0.9845    0.0000    0.6635   -1.5652
   -0.6456   -1.9273   -0.9227    0.0000    3.5067    3.1326    1.8982
   -1.1608   -0.5886    0.0000    2.2618    2.1415    1.3019   -1.4703
   -0.4787    0.0000    0.3177   -0.9464   -0.3176   -0.7591   -0.3079
    0.0000    1.4036    1.2128    0.7437   -0.6047   -0.2048
 PARAMETER VALUES,  CYCLE NUMBER 37,  AVDEV=   0.318
   51.8757   32.3289    3.2348    2.2433   63.7263   42.4240    3.5709
    0.0614    9.9422    3.0965    7.2999   64.5707   15.7602    3.3540
    0.7882   68.4953   11.1266    5.2475    0.0000    0.0000    0.0000
    7.4576   85.0329  149.5112    3.6139    1.8737   72.9429   50.6036
    4.8030    0.3373    0.0000    0.0000    0.0000   -5.9851   -1.9708
    0.0000    1.0518   -2.5566   -0.9845    0.0000    0.6635   -1.5652
   -0.6456   -1.9273   -0.9227    0.0000    3.5067    3.1326    1.8982
   -1.1608   -0.5886    0.0000    2.2618    2.1415    1.3019   -1.4703
   -0.4787    0.0000    0.3177   -0.9464   -0.3176   -0.7591   -0.3079
    0.0000    1.4036    1.2128    0.7437   -0.6047   -0.2048
 PARAMETER VALUES,  CYCLE NUMBER 38,  AVDEV=   0.318
   51.8758   32.3302    3.2347    2.2432   63.7253   42.4153    3.5709
    0.0611    9.9427    3.0953    7.3015   64.5710   15.7636    3.3540
    0.7880   68.4956   11.1283    5.2477    0.0000    0.0000    0.0000
    7.4575   86.2447  159.5112    3.6391    1.8743   72.9444   50.6174
    4.8030    0.3374    0.0000    0.0000    0.0000   -5.9851   -1.9708
    0.0000    1.0518   -2.5566   -0.9845    0.0000    0.6635   -1.5652
   -0.6456   -1.9273   -0.9227    0.0000    3.5067    3.1326    1.8982
   -1.1608   -0.5886    0.0000    2.2618    2.1415    1.3019   -1.4703
   -0.4787    0.0000    0.3177   -0.9464   -0.3176   -0.7591   -0.3079
    0.0000    1.4036    1.2128    0.7437   -0.6047   -0.2048
 PARAMETER VALUES,  CYCLE NUMBER 39,  AVDEV=   0.318
   51.8764   32.3422    3.2339    2.2431   63.7167   42.3374    3.5709
    0.0590    9.9466    3.0858    7.3163   64.5772   15.8197    3.3558
    0.7854   68.4976   11.1356    5.2487    0.0000    0.0000    0.0000
    7.4646   87.4490  169.5109    3.6534    1.8757   72.9550   50.7069
    4.8036    0.3382    0.0000    0.0000    0.0000   -5.9851   -1.9708
    0.0000    1.0518   -2.5566   -0.9845    0.0000    0.6635   -1.5652
   -0.6456   -1.9273   -0.9227    0.0000    3.5067    3.1326    1.8982
   -1.1608   -0.5886    0.0000    2.2618    2.1415    1.3019   -1.4703
   -0.4787    0.0000    0.3177   -0.9464   -0.3176   -0.7591   -0.3079
    0.0000    1.4036    1.2128    0.7437   -0.6047   -0.2048
 PARAMETER VALUES,  CYCLE NUMBER 40,  AVDEV=   0.318
   51.8765   32.3435    3.2338    2.2431   63.7158   42.3293    3.5709
    0.0588    9.9471    3.0849    7.3183   64.5781   15.8278    3.3561
    0.7850   68.4977   11.1367    5.2488    0.0000    0.0000    0.0000
    7.4661   86.2379  159.5109    3.6309    1.8752   72.9555   50.7105
    4.8037    0.3382    0.0000    0.0000    0.0000   -5.9851   -1.9708
    0.0000    1.0518   -2.5566   -0.9845    0.0000    0.6635   -1.5652
   -0.6456   -1.9273   -0.9227    0.0000    3.5067    3.1326    1.8982
   -1.1608   -0.5886    0.0000    2.2618    2.1415    1.3019   -1.4703
   -0.4787    0.0000    0.3177   -0.9464   -0.3176   -0.7591   -0.3079
    0.0000    1.4036    1.2128    0.7437   -0.6047   -0.2048
 PARAMETER VALUES FOR RCG INPUT
Sb I  5p26s            51.8765  32.3435    3.2338    2.2431
Sb I  5p25d            63.7158  42.3293    3.5709    0.0588    9.9471 LS99999999
   3.0849    7.3183
Sb I  5p27s            64.5781  15.8278    3.3561    0.7850
Sb I  5p26d            68.4977  11.1367    5.2488    0.0000    0.0000 LS99999999
   0.0000    7.4661
Sb I  5p28s            86.2379 159.5109    3.6309    1.8752
Sb I  5p27d            72.9555  50.7105    4.8037    0.3382    0.0000 LS99999999
   0.0000    0.0000
5p26s   -5p25d        -5.9851   -1.9708
5p26s   -5p27s         0.0000    1.0518
5p26s   -5p26d        -2.5566   -0.9845
5p26s   -5p28s         0.0000    0.6635
5p26s   -5p27d        -1.5652   -0.6456
5p25d   -5p27s        -1.9273   -0.9227
5p25d   -5p26d         0.0000    3.5067    3.1326    1.8982
5p25d   -5p28s        -1.1608   -0.5886
5p25d   -5p27d         0.0000    2.2618    2.1415    1.3019
5p27s   -5p26d        -1.4703   -0.4787
5p27s   -5p28s         0.0000    0.3177
5p27s   -5p27d        -0.9464   -0.3176
5p26d   -5p28s        -0.7591   -0.3079
5p26d   -5p27d         0.0000    1.4036    1.2128    0.7437
5p28s   -5p27d        -0.6047   -0.2048

