Xe I      5p6       5p56p     5p57p     5p58p     5p54f     5p55f   
 PARAMETER VALUES,  CYCLE NUMBER  0,  AVDEV=   1.441
    0.3909   81.9850    6.7732    0.2600    4.2314    0.6579    0.8448
   91.2814    6.7854    0.0825    1.1761    0.1960    0.2564   95.1530
    6.7886    0.0380    0.5101    0.0883    0.1163   93.5486    6.7910
    0.0001    0.4278    0.0147    0.0094   96.6197    6.7911    0.0000
    0.2265    0.0123    0.0079    0.6564    3.1855    0.3504    1.6777
    0.2330    1.1107   -0.6361   -0.5866    0.0000    1.8129    0.3589
    0.4647    0.0000    1.1422    0.2407    0.3126    0.8122    0.0003
    0.6603   -0.0008    0.0000    0.7131    0.1316    0.1727    0.0369
    0.0017    0.1404    0.0010    0.0534    0.0015    0.0377    0.0010
    0.0000    0.2571    0.0135    0.0087
 PARAMETER VALUES,  CYCLE NUMBER  1,  AVDEV=   1.062
    0.3912   81.9403    6.7661    0.2562    4.3244    0.6306    0.2855
   91.1091    6.2533    0.0000    1.8180    0.2638    0.0000   94.7597
    5.3622    0.0497    0.5235    0.0618    0.1409   93.3322    5.1549
    0.3656    0.7946    1.5002   10.0088   96.7039    6.4953    0.1835
    0.0000    1.1678    2.0804    0.6564    3.1855    0.3504    1.6777
    0.2330    1.1107   -0.6361   -0.5866    0.0000    1.8129    0.3589
    0.4647    0.0000    1.1422    0.2407    0.3126    0.8122    0.0003
    0.6603   -0.0008    0.0000    0.7131    0.1316    0.1727    0.0369
    0.0017    0.1404    0.0010    0.0534    0.0015    0.0377    0.0010
    0.0000    0.2571    0.0135    0.0087
 PARAMETER VALUES,  CYCLE NUMBER  2,  AVDEV=   0.948
    0.3911   81.8673    6.6507    0.4012    4.2491    0.6390    0.7832
   91.2848    5.8489    0.0000    2.8386    0.3542    0.0000   94.6223
    4.8628    0.0533    0.5126    0.0554    0.1523   93.1098    4.1811
    0.2890    0.0000    0.0000   17.5908   97.1554    6.3855    0.2355
    0.0000   11.1673    1.4813    0.6564    3.1855    0.3504    1.6777
    0.2330    1.1107   -0.6361   -0.5866    0.0000    1.8129    0.3589
    0.4647    0.0000    1.1422    0.2407    0.3126    0.8122    0.0003
    0.6603   -0.0008    0.0000    0.7131    0.1316    0.1727    0.0369
    0.0017    0.1404    0.0010    0.0534    0.0015    0.0377    0.0010
    0.0000    0.2571    0.0135    0.0087
 PARAMETER VALUES,  CYCLE NUMBER  3,  AVDEV=   0.948
    0.3911   81.8680    6.6521    0.4001    4.2501    0.6388    0.7792
   91.2899    5.8574    0.0000    2.8255    0.3532    0.0000   94.6214
    4.8596    0.0533    0.5128    0.0553    0.1524   93.1061    4.1643
    0.2867    0.0000    0.0000   17.7241   96.7282    6.3837    0.2353
    0.0000    1.1673    1.4717    0.6564    3.1855    0.3504    1.6777
    0.2330    1.1107   -0.6361   -0.5866    0.0000    1.8129    0.3589
    0.4647    0.0000    1.1422    0.2407    0.3126    0.8122    0.0003
    0.6603   -0.0008    0.0000    0.7131    0.1316    0.1727    0.0369
    0.0017    0.1404    0.0010    0.0534    0.0015    0.0377    0.0010
    0.0000    0.2571    0.0135    0.0087
 PARAMETER VALUES,  CYCLE NUMBER  4,  AVDEV=   0.835
    0.3912   81.7231    6.3935    0.1360    4.5996    0.6505    0.0000
   91.3509    5.6748    0.0000    3.0184    0.4266    0.0000   94.5586
    4.6317    0.0553    0.5099    0.0471    0.1551   92.8459    2.9593
    0.1152    0.0000    0.0020   27.2250   97.1546    6.3473    0.2464
    0.0000   11.1666    2.0878    0.6564    3.1855    0.3504    1.6777
    0.2330    1.1107   -0.6361   -0.5866    0.0000    1.8129    0.3589
    0.4647    0.0000    1.1422    0.2407    0.3126    0.8122    0.0003
    0.6603   -0.0008    0.0000    0.7131    0.1316    0.1727    0.0369
    0.0017    0.1404    0.0010    0.0534    0.0015    0.0377    0.0010
    0.0000    0.2571    0.0135    0.0087
 PARAMETER VALUES,  CYCLE NUMBER  5,  AVDEV=   0.835
    0.3912   81.7249    6.3967    0.1381    4.5964    0.6500    0.0079
   91.3524    5.6788    0.0000    3.0053    0.4258    0.0000   94.5584
    4.6308    0.0553    0.5099    0.0471    0.1552   92.8436    2.9482
    0.1137    0.0000    0.0052   27.2762   96.7275    6.3459    0.2461
    0.0000    1.1666    2.0698    0.6564    3.1855    0.3504    1.6777
    0.2330    1.1107   -0.6361   -0.5866    0.0000    1.8129    0.3589
    0.4647    0.0000    1.1422    0.2407    0.3126    0.8122    0.0003
    0.6603   -0.0008    0.0000    0.7131    0.1316    0.1727    0.0369
    0.0017    0.1404    0.0010    0.0534    0.0015    0.0377    0.0010
    0.0000    0.2571    0.0135    0.0087
 PARAMETER VALUES,  CYCLE NUMBER  6,  AVDEV=   0.755
    0.3911   81.8672    6.6561    0.3190    4.2562    0.6103    0.7333
   91.3053    5.7138    0.0000    1.5845    0.3841    0.0000   94.5343
    4.5449    0.0573    0.5135    0.0466    0.1630   92.6140    1.8766
    0.0000    0.0000    0.3074   32.1936   97.1584    6.3287    0.2535
    0.0000   11.1659    2.0095    0.6564    3.1855    0.3504    1.6777
    0.2330    1.1107   -0.6361   -0.5866    0.0000    1.8129    0.3589
    0.4647    0.0000    1.1422    0.2407    0.3126    0.8122    0.0003
    0.6603   -0.0008    0.0000    0.7131    0.1316    0.1727    0.0369
    0.0017    0.1404    0.0010    0.0534    0.0015    0.0377    0.0010
    0.0000    0.2571    0.0135    0.0087
 PARAMETER VALUES,  CYCLE NUMBER  7,  AVDEV=   0.756
    0.3911   81.8666    6.6547    0.3190    4.2552    0.6102    0.7333
   91.3064    5.7173    0.0000    1.5652    0.3836    0.0000   94.5342
    4.5445    0.0573    0.5136    0.0466    0.1629   92.6130    1.8711
    0.0000    0.0000    0.3086   32.2070   96.7314    6.3272    0.2531
    0.0000    1.1659    1.9909    0.6564    3.1855    0.3504    1.6777
    0.2330    1.1107   -0.6361   -0.5866    0.0000    1.8129    0.3589
    0.4647    0.0000    1.1422    0.2407    0.3126    0.8122    0.0003
    0.6603   -0.0008    0.0000    0.7131    0.1316    0.1727    0.0369
    0.0017    0.1404    0.0010    0.0534    0.0015    0.0377    0.0010
    0.0000    0.2571    0.0135    0.0087
 PARAMETER VALUES,  CYCLE NUMBER  8,  AVDEV=   0.755
    0.3907   81.7783    6.4815    0.3209    4.1589    0.6081    0.7593
   91.2485    5.7467    0.0000    0.0000    0.3788    0.0000   94.5278
    4.5186    0.0561    0.5200    0.0459    0.1525   92.5426    1.4971
    0.0000    0.0000    0.3736   33.1120   97.1597    6.3229    0.2540
    0.0000   11.1652    2.0759    0.6564    3.1855    0.3504    1.6777
    0.2330    1.1107   -0.6361   -0.5866    0.0000    1.8129    0.3589
    0.4647    0.0000    1.1422    0.2407    0.3126    0.8122    0.0003
    0.6603   -0.0008    0.0000    0.7131    0.1316    0.1727    0.0369
    0.0017    0.1404    0.0010    0.0534    0.0015    0.0377    0.0010
    0.0000    0.2571    0.0135    0.0087
 PARAMETER VALUES,  CYCLE NUMBER  9,  AVDEV=   0.757
    0.3907   81.7849    6.4934    0.3282    4.1474    0.6068    0.7920
   91.2019    5.7789    0.0000    0.0232    0.3746    0.0000   94.5276
    4.5182    0.0562    0.5202    0.0458    0.1530   92.5417    1.4923
    0.0000    0.0000    0.3743   33.1214   97.5884    6.3227    0.2540
    0.0000   21.1652    2.0733    0.6564    3.1855    0.3504    1.6777
    0.2330    1.1107   -0.6361   -0.5866    0.0000    1.8129    0.3589
    0.4647    0.0000    1.1422    0.2407    0.3126    0.8122    0.0003
    0.6603   -0.0008    0.0000    0.7131    0.1316    0.1727    0.0369
    0.0017    0.1404    0.0010    0.0534    0.0015    0.0377    0.0010
    0.0000    0.2571    0.0135    0.0087
 PARAMETER VALUES,  CYCLE NUMBER 10,  AVDEV=   0.757
    0.3907   81.7860    6.4954    0.3291    4.1462    0.6067    0.7953
   91.1929    5.7858    0.0000    0.0269    0.3734    0.0000   94.5276
    4.5181    0.0562    0.5202    0.0458    0.1531   92.5415    1.4911
    0.0000    0.0000    0.3743   33.1237   98.0170    6.3227    0.2540
    0.0000   31.1652    2.0729    0.6564    3.1855    0.3504    1.6777
    0.2330    1.1107   -0.6361   -0.5866    0.0000    1.8129    0.3589
    0.4647    0.0000    1.1422    0.2407    0.3126    0.8122    0.0003
    0.6603   -0.0008    0.0000    0.7131    0.1316    0.1727    0.0369
    0.0017    0.1404    0.0010    0.0534    0.0015    0.0377    0.0010
    0.0000    0.2571    0.0135    0.0087
 PARAMETER VALUES,  CYCLE NUMBER 11,  AVDEV=   0.757
    0.3907   81.7864    6.4962    0.3295    4.1457    0.6066    0.7965
   91.1889    5.7889    0.0000    0.0285    0.3729    0.0000   94.5275
    4.5181    0.0562    0.5202    0.0458    0.1531   92.5414    1.4906
    0.0000    0.0000    0.3744   33.1247   98.4456    6.3227    0.2541
    0.0000   41.1652    2.0727    0.6564    3.1855    0.3504    1.6777
    0.2330    1.1107   -0.6361   -0.5866    0.0000    1.8129    0.3589
    0.4647    0.0000    1.1422    0.2407    0.3126    0.8122    0.0003
    0.6603   -0.0008    0.0000    0.7131    0.1316    0.1727    0.0369
    0.0017    0.1404    0.0010    0.0534    0.0015    0.0377    0.0010
    0.0000    0.2571    0.0135    0.0087
 PARAMETER VALUES,  CYCLE NUMBER 12,  AVDEV=   0.757
    0.3907   81.7866    6.4966    0.3297    4.1455    0.6066    0.7971
   91.1866    5.7906    0.0000    0.0294    0.3726    0.0000   94.5275
    4.5179    0.0562    0.5202    0.0458    0.1532   92.5414    1.4903
    0.0000    0.0000    0.3744   33.1253   98.8741    6.3226    0.2541
    0.0000   51.1652    2.0726    0.6564    3.1855    0.3504    1.6777
    0.2330    1.1107   -0.6361   -0.5866    0.0000    1.8129    0.3589
    0.4647    0.0000    1.1422    0.2407    0.3126    0.8122    0.0003
    0.6603   -0.0008    0.0000    0.7131    0.1316    0.1727    0.0369
    0.0017    0.1404    0.0010    0.0534    0.0015    0.0377    0.0010
    0.0000    0.2571    0.0135    0.0087
 PARAMETER VALUES,  CYCLE NUMBER 13,  AVDEV=   0.757
    0.3907   81.7867    6.4969    0.3298    4.1454    0.6066    0.7975
   91.1851    5.7917    0.0000    0.0300    0.3724    0.0000   94.5270
    4.5170    0.0562    0.5202    0.0458    0.1532   92.5413    1.4901
    0.0000    0.0000    0.3744   33.1257   99.3027    6.3226    0.2541
    0.0000   61.1652    2.0725    0.6564    3.1855    0.3504    1.6777
    0.2330    1.1107   -0.6361   -0.5866    0.0000    1.8129    0.3589
    0.4647    0.0000    1.1422    0.2407    0.3126    0.8122    0.0003
    0.6603   -0.0008    0.0000    0.7131    0.1316    0.1727    0.0369
    0.0017    0.1404    0.0010    0.0534    0.0015    0.0377    0.0010
    0.0000    0.2571    0.0135    0.0087
 PARAMETER VALUES,  CYCLE NUMBER 14,  AVDEV=   0.757
    0.3907   81.7868    6.4971    0.3299    4.1453    0.6065    0.7977
   91.1841    5.7925    0.0000    0.0304    0.3722    0.0000   94.5268
    4.5165    0.0562    0.5202    0.0458    0.1532   92.5413    1.4900
    0.0000    0.0000    0.3744   33.1259   99.7313    6.3226    0.2541
    0.0000   71.1652    2.0725    0.6564    3.1855    0.3504    1.6777
    0.2330    1.1107   -0.6361   -0.5866    0.0000    1.8129    0.3589
    0.4647    0.0000    1.1422    0.2407    0.3126    0.8122    0.0003
    0.6603   -0.0008    0.0000    0.7131    0.1316    0.1727    0.0369
    0.0017    0.1404    0.0010    0.0534    0.0015    0.0377    0.0010
    0.0000    0.2571    0.0135    0.0087
 PARAMETER VALUES,  CYCLE NUMBER 15,  AVDEV=   0.757
    0.3907   81.7869    6.4972    0.3299    4.1452    0.6065    0.7978
   91.1834    5.7930    0.0000    0.0307    0.3721    0.0000   94.5267
    4.5164    0.0562    0.5202    0.0458    0.1532   92.5413    1.4899
    0.0000    0.0000    0.3744   33.1261  100.1598    6.3226    0.2541
    0.0000   81.1652    2.0725    0.6564    3.1855    0.3504    1.6777
    0.2330    1.1107   -0.6361   -0.5866    0.0000    1.8129    0.3589
    0.4647    0.0000    1.1422    0.2407    0.3126    0.8122    0.0003
    0.6603   -0.0008    0.0000    0.7131    0.1316    0.1727    0.0369
    0.0017    0.1404    0.0010    0.0534    0.0015    0.0377    0.0010
    0.0000    0.2571    0.0135    0.0087
 PARAMETER VALUES,  CYCLE NUMBER 16,  AVDEV=   0.757
    0.3907   81.7870    6.4973    0.3300    4.1451    0.6065    0.7979
   91.1828    5.7935    0.0000    0.0309    0.3720    0.0000   94.5267
    4.5164    0.0562    0.5202    0.0458    0.1532   92.5413    1.4898
    0.0000    0.0000    0.3744   33.1263  100.5884    6.3226    0.2541
    0.0000   91.1652    2.0725    0.6564    3.1855    0.3504    1.6777
    0.2330    1.1107   -0.6361   -0.5866    0.0000    1.8129    0.3589
    0.4647    0.0000    1.1422    0.2407    0.3126    0.8122    0.0003
    0.6603   -0.0008    0.0000    0.7131    0.1316    0.1727    0.0369
    0.0017    0.1404    0.0010    0.0534    0.0015    0.0377    0.0010
    0.0000    0.2571    0.0135    0.0087
 PARAMETER VALUES,  CYCLE NUMBER 17,  AVDEV=   0.757
    0.3907   81.7870    6.4974    0.3300    4.1451    0.6065    0.7980
   91.1824    5.7938    0.0000    0.0311    0.3720    0.0000   94.5267
    4.5164    0.0562    0.5202    0.0458    0.1532   92.5413    1.4897
    0.0000    0.0000    0.3744   33.1264  101.0170    6.3226    0.2541
    0.0000  101.1652    2.0724    0.6564    3.1855    0.3504    1.6777
    0.2330    1.1107   -0.6361   -0.5866    0.0000    1.8129    0.3589
    0.4647    0.0000    1.1422    0.2407    0.3126    0.8122    0.0003
    0.6603   -0.0008    0.0000    0.7131    0.1316    0.1727    0.0369
    0.0017    0.1404    0.0010    0.0534    0.0015    0.0377    0.0010
    0.0000    0.2571    0.0135    0.0087
 PARAMETER VALUES,  CYCLE NUMBER 18,  AVDEV=   0.757
    0.3907   81.7870    6.4975    0.3301    4.1451    0.6065    0.7981
   91.1820    5.7941    0.0000    0.0313    0.3719    0.0000   94.5267
    4.5164    0.0562    0.5202    0.0458    0.1532   92.5413    1.4897
    0.0000    0.0000    0.3744   33.1265  101.4456    6.3226    0.2541
    0.0000  111.1652    2.0724    0.6564    3.1855    0.3504    1.6777
    0.2330    1.1107   -0.6361   -0.5866    0.0000    1.8129    0.3589
    0.4647    0.0000    1.1422    0.2407    0.3126    0.8122    0.0003
    0.6603   -0.0008    0.0000    0.7131    0.1316    0.1727    0.0369
    0.0017    0.1404    0.0010    0.0534    0.0015    0.0377    0.0010
    0.0000    0.2571    0.0135    0.0087
 PARAMETER VALUES,  CYCLE NUMBER 19,  AVDEV=   0.757
    0.3907   81.7871    6.4975    0.3301    4.1450    0.6065    0.7981
   91.1817    5.7943    0.0000    0.0314    0.3719    0.0000   94.5267
    4.5164    0.0562    0.5202    0.0458    0.1532   92.5412    1.4896
    0.0000    0.0000    0.3744   33.1266  101.8741    6.3226    0.2541
    0.0000  121.1652    2.0724    0.6564    3.1855    0.3504    1.6777
    0.2330    1.1107   -0.6361   -0.5866    0.0000    1.8129    0.3589
    0.4647    0.0000    1.1422    0.2407    0.3126    0.8122    0.0003
    0.6603   -0.0008    0.0000    0.7131    0.1316    0.1727    0.0369
    0.0017    0.1404    0.0010    0.0534    0.0015    0.0377    0.0010
    0.0000    0.2571    0.0135    0.0087
 PARAMETER VALUES,  CYCLE NUMBER 20,  AVDEV=   0.757
    0.3907   81.7871    6.4976    0.3301    4.1450    0.6065    0.7981
   91.1814    5.7945    0.0000    0.0315    0.3719    0.0000   94.5267
    4.5164    0.0562    0.5202    0.0458    0.1532   92.5412    1.4896
    0.0000    0.0000    0.3744   33.1267  102.3027    6.3226    0.2541
    0.0000  131.1652    2.0724    0.6564    3.1855    0.3504    1.6777
    0.2330    1.1107   -0.6361   -0.5866    0.0000    1.8129    0.3589
    0.4647    0.0000    1.1422    0.2407    0.3126    0.8122    0.0003
    0.6603   -0.0008    0.0000    0.7131    0.1316    0.1727    0.0369
    0.0017    0.1404    0.0010    0.0534    0.0015    0.0377    0.0010
    0.0000    0.2571    0.0135    0.0087
 PARAMETER VALUES,  CYCLE NUMBER 21,  AVDEV=   0.757
    0.3907   81.7871    6.4976    0.3301    4.1450    0.6065    0.7982
   91.1812    5.7947    0.0000    0.0316    0.3718    0.0000   94.5267
    4.5163    0.0562    0.5202    0.0458    0.1532   92.5412    1.4896
    0.0000    0.0000    0.3744   33.1267  102.7313    6.3226    0.2541
    0.0000  141.1652    2.0724    0.6564    3.1855    0.3504    1.6777
    0.2330    1.1107   -0.6361   -0.5866    0.0000    1.8129    0.3589
    0.4647    0.0000    1.1422    0.2407    0.3126    0.8122    0.0003
    0.6603   -0.0008    0.0000    0.7131    0.1316    0.1727    0.0369
    0.0017    0.1404    0.0010    0.0534    0.0015    0.0377    0.0010
    0.0000    0.2571    0.0135    0.0087
 PARAMETER VALUES,  CYCLE NUMBER 22,  AVDEV=   0.757
    0.3907   81.7871    6.4977    0.3301    4.1450    0.6065    0.7982
   91.1810    5.7948    0.0000    0.0316    0.3718    0.0000   94.5267
    4.5163    0.0562    0.5202    0.0458    0.1532   92.5412    1.4896
    0.0000    0.0000    0.3744   33.1268  103.1598    6.3226    0.2541
    0.0000  151.1652    2.0724    0.6564    3.1855    0.3504    1.6777
    0.2330    1.1107   -0.6361   -0.5866    0.0000    1.8129    0.3589
    0.4647    0.0000    1.1422    0.2407    0.3126    0.8122    0.0003
    0.6603   -0.0008    0.0000    0.7131    0.1316    0.1727    0.0369
    0.0017    0.1404    0.0010    0.0534    0.0015    0.0377    0.0010
    0.0000    0.2571    0.0135    0.0087
 PARAMETER VALUES,  CYCLE NUMBER 23,  AVDEV=   0.757
    0.3907   81.7871    6.4977    0.3301    4.1450    0.6065    0.7982
   91.1809    5.7949    0.0000    0.0317    0.3718    0.0000   94.5267
    4.5163    0.0562    0.5202    0.0458    0.1532   92.5412    1.4895
    0.0000    0.0000    0.3744   33.1268  103.5884    6.3226    0.2541
    0.0000  161.1652    2.0724    0.6564    3.1855    0.3504    1.6777
    0.2330    1.1107   -0.6361   -0.5866    0.0000    1.8129    0.3589
    0.4647    0.0000    1.1422    0.2407    0.3126    0.8122    0.0003
    0.6603   -0.0008    0.0000    0.7131    0.1316    0.1727    0.0369
    0.0017    0.1404    0.0010    0.0534    0.0015    0.0377    0.0010
    0.0000    0.2571    0.0135    0.0087
 PARAMETER VALUES,  CYCLE NUMBER 24,  AVDEV=   0.758
    0.3907   81.7871    6.4977    0.3302    4.1450    0.6065    0.7982
   91.1807    5.7950    0.0000    0.0318    0.3718    0.0000   94.5267
    4.5163    0.0562    0.5202    0.0458    0.1532   92.5412    1.4895
    0.0000    0.0000    0.3744   33.1268  104.0170    6.3226    0.2541
    0.0000  171.1652    2.0724    0.6564    3.1855    0.3504    1.6777
    0.2330    1.1107   -0.6361   -0.5866    0.0000    1.8129    0.3589
    0.4647    0.0000    1.1422    0.2407    0.3126    0.8122    0.0003
    0.6603   -0.0008    0.0000    0.7131    0.1316    0.1727    0.0369
    0.0017    0.1404    0.0010    0.0534    0.0015    0.0377    0.0010
    0.0000    0.2571    0.0135    0.0087
 PARAMETER VALUES,  CYCLE NUMBER 25,  AVDEV=   0.758
    0.3907   81.7872    6.4977    0.3302    4.1449    0.6065    0.7983
   91.1806    5.7951    0.0000    0.0318    0.3717    0.0000   94.5267
    4.5163    0.0562    0.5202    0.0458    0.1532   92.5412    1.4895
    0.0000    0.0000    0.3744   33.1269  104.4456    6.3226    0.2541
    0.0000  181.1652    2.0724    0.6564    3.1855    0.3504    1.6777
    0.2330    1.1107   -0.6361   -0.5866    0.0000    1.8129    0.3589
    0.4647    0.0000    1.1422    0.2407    0.3126    0.8122    0.0003
    0.6603   -0.0008    0.0000    0.7131    0.1316    0.1727    0.0369
    0.0017    0.1404    0.0010    0.0534    0.0015    0.0377    0.0010
    0.0000    0.2571    0.0135    0.0087
 PARAMETER VALUES,  CYCLE NUMBER 26,  AVDEV=   0.758
    0.3907   81.7872    6.4978    0.3302    4.1449    0.6065    0.7983
   91.1805    5.7952    0.0000    0.0319    0.3717    0.0000   94.5267
    4.5163    0.0562    0.5202    0.0458    0.1532   92.5412    1.4895
    0.0000    0.0000    0.3744   33.1269  104.8741    6.3226    0.2541
    0.0000  191.1652    2.0724    0.6564    3.1855    0.3504    1.6777
    0.2330    1.1107   -0.6361   -0.5866    0.0000    1.8129    0.3589
    0.4647    0.0000    1.1422    0.2407    0.3126    0.8122    0.0003
    0.6603   -0.0008    0.0000    0.7131    0.1316    0.1727    0.0369
    0.0017    0.1404    0.0010    0.0534    0.0015    0.0377    0.0010
    0.0000    0.2571    0.0135    0.0087
 PARAMETER VALUES,  CYCLE NUMBER 27,  AVDEV=   0.758
    0.3907   81.7872    6.4978    0.3302    4.1449    0.6065    0.7983
   91.1804    5.7953    0.0000    0.0319    0.3717    0.0000   94.5267
    4.5163    0.0562    0.5202    0.0458    0.1532   92.5412    1.4895
    0.0000    0.0000    0.3744   33.1269  105.3027    6.3226    0.2541
    0.0000  201.1652    2.0724    0.6564    3.1855    0.3504    1.6777
    0.2330    1.1107   -0.6361   -0.5866    0.0000    1.8129    0.3589
    0.4647    0.0000    1.1422    0.2407    0.3126    0.8122    0.0003
    0.6603   -0.0008    0.0000    0.7131    0.1316    0.1727    0.0369
    0.0017    0.1404    0.0010    0.0534    0.0015    0.0377    0.0010
    0.0000    0.2571    0.0135    0.0087
 PARAMETER VALUES,  CYCLE NUMBER 28,  AVDEV=   0.758
    0.3907   81.7872    6.4978    0.3302    4.1449    0.6065    0.7983
   91.1803    5.7954    0.0000    0.0319    0.3717    0.0000   94.5267
    4.5163    0.0562    0.5202    0.0458    0.1532   92.5412    1.4895
    0.0000    0.0000    0.3745   33.1270  105.7313    6.3226    0.2541
    0.0000  211.1652    2.0724    0.6564    3.1855    0.3504    1.6777
    0.2330    1.1107   -0.6361   -0.5866    0.0000    1.8129    0.3589
    0.4647    0.0000    1.1422    0.2407    0.3126    0.8122    0.0003
    0.6603   -0.0008    0.0000    0.7131    0.1316    0.1727    0.0369
    0.0017    0.1404    0.0010    0.0534    0.0015    0.0377    0.0010
    0.0000    0.2571    0.0135    0.0087
 PARAMETER VALUES,  CYCLE NUMBER 29,  AVDEV=   0.758
    0.3907   81.7872    6.4978    0.3302    4.1449    0.6065    0.7983
   91.1802    5.7954    0.0000    0.0320    0.3717    0.0000   94.5267
    4.5163    0.0562    0.5202    0.0458    0.1532   92.5412    1.4894
    0.0000    0.0000    0.3745   33.1270  106.1598    6.3226    0.2541
    0.0000  221.1652    2.0724    0.6564    3.1855    0.3504    1.6777
    0.2330    1.1107   -0.6361   -0.5866    0.0000    1.8129    0.3589
    0.4647    0.0000    1.1422    0.2407    0.3126    0.8122    0.0003
    0.6603   -0.0008    0.0000    0.7131    0.1316    0.1727    0.0369
    0.0017    0.1404    0.0010    0.0534    0.0015    0.0377    0.0010
    0.0000    0.2571    0.0135    0.0087
 PARAMETER VALUES,  CYCLE NUMBER 30,  AVDEV=   0.758
    0.3907   81.7872    6.4978    0.3302    4.1449    0.6065    0.7983
   91.1801    5.7955    0.0000    0.0320    0.3717    0.0000   94.5267
    4.5163    0.0562    0.5202    0.0458    0.1532   92.5412    1.4894
    0.0000    0.0000    0.3745   33.1270  106.5884    6.3226    0.2541
    0.0000  231.1652    2.0724    0.6564    3.1855    0.3504    1.6777
    0.2330    1.1107   -0.6361   -0.5866    0.0000    1.8129    0.3589
    0.4647    0.0000    1.1422    0.2407    0.3126    0.8122    0.0003
    0.6603   -0.0008    0.0000    0.7131    0.1316    0.1727    0.0369
    0.0017    0.1404    0.0010    0.0534    0.0015    0.0377    0.0010
    0.0000    0.2571    0.0135    0.0087
 PARAMETER VALUES,  CYCLE NUMBER 31,  AVDEV=   0.758
    0.3907   81.7872    6.4978    0.3302    4.1449    0.6065    0.7983
   91.1800    5.7955    0.0000    0.0320    0.3717    0.0000   94.5267
    4.5163    0.0562    0.5202    0.0458    0.1532   92.5412    1.4894
    0.0000    0.0000    0.3745   33.1270  107.0170    6.3226    0.2541
    0.0000  241.1652    2.0724    0.6564    3.1855    0.3504    1.6777
    0.2330    1.1107   -0.6361   -0.5866    0.0000    1.8129    0.3589
    0.4647    0.0000    1.1422    0.2407    0.3126    0.8122    0.0003
    0.6603   -0.0008    0.0000    0.7131    0.1316    0.1727    0.0369
    0.0017    0.1404    0.0010    0.0534    0.0015    0.0377    0.0010
    0.0000    0.2571    0.0135    0.0087
 PARAMETER VALUES,  CYCLE NUMBER 32,  AVDEV=   0.758
    0.3907   81.7872    6.4978    0.3302    4.1449    0.6065    0.7983
   91.1800    5.7956    0.0000    0.0321    0.3717    0.0000   94.5267
    4.5163    0.0562    0.5202    0.0458    0.1532   92.5412    1.4894
    0.0000    0.0000    0.3745   33.1270  107.4456    6.3226    0.2541
    0.0000  251.1652    2.0724    0.6564    3.1855    0.3504    1.6777
    0.2330    1.1107   -0.6361   -0.5866    0.0000    1.8129    0.3589
    0.4647    0.0000    1.1422    0.2407    0.3126    0.8122    0.0003
    0.6603   -0.0008    0.0000    0.7131    0.1316    0.1727    0.0369
    0.0017    0.1404    0.0010    0.0534    0.0015    0.0377    0.0010
    0.0000    0.2571    0.0135    0.0087
 PARAMETER VALUES,  CYCLE NUMBER 33,  AVDEV=   0.758
    0.3907   81.7872    6.4979    0.3302    4.1449    0.6065    0.7983
   91.1799    5.7956    0.0000    0.0321    0.3717    0.0000   94.5267
    4.5163    0.0562    0.5202    0.0458    0.1532   92.5412    1.4894
    0.0000    0.0000    0.3745   33.1270  107.8741    6.3226    0.2541
    0.0000  261.1652    2.0724    0.6564    3.1855    0.3504    1.6777
    0.2330    1.1107   -0.6361   -0.5866    0.0000    1.8129    0.3589
    0.4647    0.0000    1.1422    0.2407    0.3126    0.8122    0.0003
    0.6603   -0.0008    0.0000    0.7131    0.1316    0.1727    0.0369
    0.0017    0.1404    0.0010    0.0534    0.0015    0.0377    0.0010
    0.0000    0.2571    0.0135    0.0087
 PARAMETER VALUES,  CYCLE NUMBER 34,  AVDEV=   0.758
    0.3907   81.7872    6.4979    0.3302    4.1449    0.6065    0.7983
   91.1799    5.7957    0.0000    0.0321    0.3716    0.0000   94.5267
    4.5163    0.0562    0.5202    0.0458    0.1532   92.5412    1.4894
    0.0000    0.0000    0.3745   33.1271  108.3027    6.3226    0.2541
    0.0000  271.1652    2.0724    0.6564    3.1855    0.3504    1.6777
    0.2330    1.1107   -0.6361   -0.5866    0.0000    1.8129    0.3589
    0.4647    0.0000    1.1422    0.2407    0.3126    0.8122    0.0003
    0.6603   -0.0008    0.0000    0.7131    0.1316    0.1727    0.0369
    0.0017    0.1404    0.0010    0.0534    0.0015    0.0377    0.0010
    0.0000    0.2571    0.0135    0.0087
 PARAMETER VALUES,  CYCLE NUMBER 35,  AVDEV=   0.758
    0.3907   81.7872    6.4979    0.3302    4.1449    0.6065    0.7984
   91.1798    5.7957    0.0000    0.0321    0.3716    0.0000   94.5267
    4.5163    0.0562    0.5202    0.0458    0.1532   92.5412    1.4894
    0.0000    0.0000    0.3745   33.1271  108.7313    6.3226    0.2541
    0.0000  281.1652    2.0724    0.6564    3.1855    0.3504    1.6777
    0.2330    1.1107   -0.6361   -0.5866    0.0000    1.8129    0.3589
    0.4647    0.0000    1.1422    0.2407    0.3126    0.8122    0.0003
    0.6603   -0.0008    0.0000    0.7131    0.1316    0.1727    0.0369
    0.0017    0.1404    0.0010    0.0534    0.0015    0.0377    0.0010
    0.0000    0.2571    0.0135    0.0087
 PARAMETER VALUES,  CYCLE NUMBER 36,  AVDEV=   0.758
    0.3907   81.7872    6.4979    0.3302    4.1449    0.6065    0.7984
   91.1798    5.7958    0.0000    0.0321    0.3716    0.0000   94.5267
    4.5163    0.0562    0.5202    0.0458    0.1532   92.5412    1.4894
    0.0000    0.0000    0.3745   33.1271  109.1598    6.3226    0.2541
    0.0000  291.1652    2.0724    0.6564    3.1855    0.3504    1.6777
    0.2330    1.1107   -0.6361   -0.5866    0.0000    1.8129    0.3589
    0.4647    0.0000    1.1422    0.2407    0.3126    0.8122    0.0003
    0.6603   -0.0008    0.0000    0.7131    0.1316    0.1727    0.0369
    0.0017    0.1404    0.0010    0.0534    0.0015    0.0377    0.0010
    0.0000    0.2571    0.0135    0.0087
 PARAMETER VALUES,  CYCLE NUMBER 37,  AVDEV=   0.758
    0.3907   81.7872    6.4979    0.3302    4.1449    0.6065    0.7984
   91.1797    5.7958    0.0000    0.0322    0.3716    0.0000   94.5267
    4.5163    0.0562    0.5202    0.0458    0.1532   92.5412    1.4894
    0.0000    0.0000    0.3745   33.1271  109.5884    6.3226    0.2541
    0.0000  301.1652    2.0724    0.6564    3.1855    0.3504    1.6777
    0.2330    1.1107   -0.6361   -0.5866    0.0000    1.8129    0.3589
    0.4647    0.0000    1.1422    0.2407    0.3126    0.8122    0.0003
    0.6603   -0.0008    0.0000    0.7131    0.1316    0.1727    0.0369
    0.0017    0.1404    0.0010    0.0534    0.0015    0.0377    0.0010
    0.0000    0.2571    0.0135    0.0087
 PARAMETER VALUES,  CYCLE NUMBER 38,  AVDEV=   0.758
    0.3907   81.7872    6.4979    0.3302    4.1449    0.6065    0.7984
   91.1797    5.7958    0.0000    0.0322    0.3716    0.0000   94.5267
    4.5163    0.0562    0.5202    0.0458    0.1532   92.5412    1.4894
    0.0000    0.0000    0.3745   33.1271  110.0170    6.3226    0.2541
    0.0000  311.1652    2.0724    0.6564    3.1855    0.3504    1.6777
    0.2330    1.1107   -0.6361   -0.5866    0.0000    1.8129    0.3589
    0.4647    0.0000    1.1422    0.2407    0.3126    0.8122    0.0003
    0.6603   -0.0008    0.0000    0.7131    0.1316    0.1727    0.0369
    0.0017    0.1404    0.0010    0.0534    0.0015    0.0377    0.0010
    0.0000    0.2571    0.0135    0.0087
 PARAMETER VALUES,  CYCLE NUMBER 39,  AVDEV=   0.758
    0.3907   81.7872    6.4979    0.3302    4.1449    0.6065    0.7984
   91.1796    5.7959    0.0000    0.0322    0.3716    0.0000   94.5267
    4.5163    0.0562    0.5202    0.0458    0.1532   92.5412    1.4894
    0.0000    0.0000    0.3745   33.1271  110.4456    6.3226    0.2541
    0.0000  321.1652    2.0723    0.6564    3.1855    0.3504    1.6777
    0.2330    1.1107   -0.6361   -0.5866    0.0000    1.8129    0.3589
    0.4647    0.0000    1.1422    0.2407    0.3126    0.8122    0.0003
    0.6603   -0.0008    0.0000    0.7131    0.1316    0.1727    0.0369
    0.0017    0.1404    0.0010    0.0534    0.0015    0.0377    0.0010
    0.0000    0.2571    0.0135    0.0087
 PARAMETER VALUES,  CYCLE NUMBER 40,  AVDEV=   0.758
    0.3907   81.7872    6.4979    0.3302    4.1449    0.6065    0.7984
   91.1796    5.7959    0.0000    0.0322    0.3716    0.0000   94.5267
    4.5163    0.0562    0.5202    0.0458    0.1532   92.5412    1.4894
    0.0000    0.0000    0.3745   33.1271  110.8741    6.3226    0.2541
    0.0000  331.1652    2.0723    0.6564    3.1855    0.3504    1.6777
    0.2330    1.1107   -0.6361   -0.5866    0.0000    1.8129    0.3589
    0.4647    0.0000    1.1422    0.2407    0.3126    0.8122    0.0003
    0.6603   -0.0008    0.0000    0.7131    0.1316    0.1727    0.0369
    0.0017    0.1404    0.0010    0.0534    0.0015    0.0377    0.0010
    0.0000    0.2571    0.0135    0.0087
 PARAMETER VALUES FOR RCG INPUT
Xe I  5p6               0.3907
Xe I  5p56p            81.7872   6.4979    0.3302    4.1449    0.6065 LS99999999
   0.7984
Xe I  5p57p            91.1796   5.7959    0.0000    0.0322    0.3716 LS99999999
   0.0000
Xe I  5p58p            94.5267   4.5163    0.0562    0.5202    0.0458 LS99999999
   0.1532
Xe I  5p54f            92.5412   1.4894    0.0000    0.0000    0.3745 LS99999999
  33.1271
Xe I  5p55f           110.8741   6.3226    0.2541    0.0000  331.1652 LS99999999
   2.0723
5p6     -5p56p         0.6564    3.1855
5p6     -5p57p         0.3504    1.6777
5p6     -5p58p         0.2330    1.1107
5p6     -5p54f        -0.6361
5p6     -5p55f        -0.5866
5p56p   -5p57p         0.0000    1.8129    0.3589    0.4647
5p56p   -5p58p         0.0000    1.1422    0.2407    0.3126
5p56p   -5p54f         0.8122    0.0003
5p56p   -5p55f         0.6603   -0.0008
5p57p   -5p58p         0.0000    0.7131    0.1316    0.1727
5p57p   -5p54f         0.0369    0.0017
5p57p   -5p55f         0.1404    0.0010
5p58p   -5p54f         0.0534    0.0015
5p58p   -5p55f         0.0377    0.0010
5p54f   -5p55f         0.0000    0.2571    0.0135    0.0087

Xe I      5p56s     5p57s     5p58s     5p55d     5p56d     5p57d   
 PARAMETER VALUES,  CYCLE NUMBER  0,  AVDEV=   1.571
   71.1245    6.7089    2.1661   87.9664    6.7732    0.4507   92.1942
    6.7841    0.1790   84.8668    6.6907    0.0539    9.9589    8.2928
    4.9633   91.1425    6.7623    0.0171    2.6682    2.3736    1.4421
   95.6776    6.7783    0.0080    1.1700    1.0682    0.6524    0.0000
    0.9765    0.0000    0.6122   -6.3523   -1.8155   -2.5895   -0.8603
   -1.5478   -0.5518    0.0000    0.2840   -2.0993   -0.8430   -1.4353
   -0.4107   -0.9035   -0.2656   -1.2625   -0.5338   -0.7550   -0.2618
   -0.5711   -0.1696    0.0000    4.6190    4.4237    2.6689    0.0000
    2.9587    2.9616    1.7916    0.0000    1.6996    1.5919    0.9697
 PARAMETER VALUES,  CYCLE NUMBER  1,  AVDEV=   0.879
   71.0913    6.8317    2.1579   88.1085    5.9826    0.0000   92.1293
    6.7841    0.1790   84.8448    6.9359    0.0169    9.0977    7.5904
    6.0514   90.7285    3.2121    0.0000    3.0671    5.6220    1.4593
   97.0237    9.1760    0.3257    0.0000    0.0000   10.6515    0.0000
    0.9765    0.0000    0.6122   -6.3523   -1.8155   -2.5895   -0.8603
   -1.5478   -0.5518    0.0000    0.2840   -2.0993   -0.8430   -1.4353
   -0.4107   -0.9035   -0.2656   -1.2625   -0.5338   -0.7550   -0.2618
   -0.5711   -0.1696    0.0000    4.6190    4.4237    2.6689    0.0000
    2.9587    2.9616    1.7916    0.0000    1.6996    1.5919    0.9697
 PARAMETER VALUES,  CYCLE NUMBER  2,  AVDEV=   0.748
   71.1480    6.9664    2.0482   88.2583    5.8168    0.0000   91.9600
    6.7841    0.1790   85.0708    7.4799    0.0888   10.1278    6.2223
    5.6311   90.7847    2.5054    0.0744    2.6798    7.1434    0.7004
   96.6680    8.0873    0.4601    0.0000    0.0000   20.6508    0.0000
    0.9765    0.0000    0.6122   -6.3523   -1.8155   -2.5895   -0.8603
   -1.5478   -0.5518    0.0000    0.2840   -2.0993   -0.8430   -1.4353
   -0.4107   -0.9035   -0.2656   -1.2625   -0.5338   -0.7550   -0.2618
   -0.5711   -0.1696    0.0000    4.6190    4.4237    2.6689    0.0000
    2.9587    2.9616    1.7916    0.0000    1.6996    1.5919    0.9697
 PARAMETER VALUES,  CYCLE NUMBER  3,  AVDEV=   0.671
   71.1707    7.0111    2.0199   88.3137    5.8742    0.0000   91.4890
    6.7841    0.1790   84.9479    7.2073    0.1354   10.3255    6.0090
    6.0331   90.9680    2.3964    0.0718    2.1865    7.4046    0.0000
   96.9136    7.5017    0.3975    0.0000    0.0000   30.6504    0.0000
    0.9765    0.0000    0.6122   -6.3523   -1.8155   -2.5895   -0.8603
   -1.5478   -0.5518    0.0000    0.2840   -2.0993   -0.8430   -1.4353
   -0.4107   -0.9035   -0.2656   -1.2625   -0.5338   -0.7550   -0.2618
   -0.5711   -0.1696    0.0000    4.6190    4.4237    2.6689    0.0000
    2.9587    2.9616    1.7916    0.0000    1.6996    1.5919    0.9697
 PARAMETER VALUES,  CYCLE NUMBER  4,  AVDEV=   0.666
   71.1671    7.0047    2.0264   88.3121    5.8530    0.0000   91.4211
    6.7841    0.1790   84.9453    7.1972    0.1298   10.3145    6.0493
    6.0320   90.9980    2.3585    0.0687    2.1509    7.6112    0.0000
   97.2884    7.4238    0.3668    0.0000    0.0000   40.6502    0.0000
    0.9765    0.0000    0.6122   -6.3523   -1.8155   -2.5895   -0.8603
   -1.5478   -0.5518    0.0000    0.2840   -2.0993   -0.8430   -1.4353
   -0.4107   -0.9035   -0.2656   -1.2625   -0.5338   -0.7550   -0.2618
   -0.5711   -0.1696    0.0000    4.6190    4.4237    2.6689    0.0000
    2.9587    2.9616    1.7916    0.0000    1.6996    1.5919    0.9697
 PARAMETER VALUES,  CYCLE NUMBER  5,  AVDEV=   0.664
   71.1659    7.0025    2.0284   88.3120    5.8493    0.0000   91.4072
    6.7841    0.1790   84.9468    7.1994    0.1272   10.3134    6.0677
    6.0209   90.9959    2.3513    0.0681    2.1429    7.5300    0.0000
   97.7427    7.4780    0.3616    0.0000    0.0000   50.6502    0.0000
    0.9765    0.0000    0.6122   -6.3523   -1.8155   -2.5895   -0.8603
   -1.5478   -0.5518    0.0000    0.2840   -2.0993   -0.8430   -1.4353
   -0.4107   -0.9035   -0.2656   -1.2625   -0.5338   -0.7550   -0.2618
   -0.5711   -0.1696    0.0000    4.6190    4.4237    2.6689    0.0000
    2.9587    2.9616    1.7916    0.0000    1.6996    1.5919    0.9697
 PARAMETER VALUES,  CYCLE NUMBER  6,  AVDEV=   0.663
   71.1650    7.0008    2.0302   88.3116    5.8431    0.0000   91.3860
    6.7841    0.1790   84.9462    7.1966    0.1254   10.3122    6.0846
    6.0190   91.0026    2.3397    0.0674    2.1304    7.5510    0.0000
   98.1691    7.4795    0.3518    0.0000    0.0000   60.6501    0.0000
    0.9765    0.0000    0.6122   -6.3523   -1.8155   -2.5895   -0.8603
   -1.5478   -0.5518    0.0000    0.2840   -2.0993   -0.8430   -1.4353
   -0.4107   -0.9035   -0.2656   -1.2625   -0.5338   -0.7550   -0.2618
   -0.5711   -0.1696    0.0000    4.6190    4.4237    2.6689    0.0000
    2.9587    2.9616    1.7916    0.0000    1.6996    1.5919    0.9697
 PARAMETER VALUES,  CYCLE NUMBER  7,  AVDEV=   0.662
   71.1644    6.9998    2.0313   88.3114    5.8394    0.0000   91.3730
    6.7841    0.1790   84.9460    7.1951    0.1242   10.3118    6.0956
    6.0171   91.0059    2.3326    0.0670    2.1224    7.5524    0.0000
   98.5997    7.4865    0.3460    0.0000    0.0000   70.6501    0.0000
    0.9765    0.0000    0.6122   -6.3523   -1.8155   -2.5895   -0.8603
   -1.5478   -0.5518    0.0000    0.2840   -2.0993   -0.8430   -1.4353
   -0.4107   -0.9035   -0.2656   -1.2625   -0.5338   -0.7550   -0.2618
   -0.5711   -0.1696    0.0000    4.6190    4.4237    2.6689    0.0000
    2.9587    2.9616    1.7916    0.0000    1.6996    1.5919    0.9697
 PARAMETER VALUES,  CYCLE NUMBER  8,  AVDEV=   0.661
   71.1641    6.9992    2.0320   88.3113    5.8366    0.0000   91.3632
    6.7841    0.1790   84.9457    7.1939    0.1235   10.3116    6.1036
    6.0158   91.0085    2.3273    0.0667    2.1161    7.5546    0.0000
   99.0295    7.4906    0.3416    0.0000    0.0000   80.6501    0.0000
    0.9765    0.0000    0.6122   -6.3523   -1.8155   -2.5895   -0.8603
   -1.5478   -0.5518    0.0000    0.2840   -2.0993   -0.8430   -1.4353
   -0.4107   -0.9035   -0.2656   -1.2625   -0.5338   -0.7550   -0.2618
   -0.5711   -0.1696    0.0000    4.6190    4.4237    2.6689    0.0000
    2.9587    2.9616    1.7916    0.0000    1.6996    1.5919    0.9697
 PARAMETER VALUES,  CYCLE NUMBER  9,  AVDEV=   0.661
   71.1638    6.9987    2.0326   88.3112    5.8345    0.0000   91.3557
    6.7841    0.1790   84.9455    7.1928    0.1229   10.3116    6.1096
    6.0149   91.0105    2.3232    0.0666    2.1112    7.5564    0.0000
   99.4589    7.4936    0.3382    0.0000    0.0000   90.6500    0.0000
    0.9765    0.0000    0.6122   -6.3523   -1.8155   -2.5895   -0.8603
   -1.5478   -0.5518    0.0000    0.2840   -2.0993   -0.8430   -1.4353
   -0.4107   -0.9035   -0.2656   -1.2625   -0.5338   -0.7550   -0.2618
   -0.5711   -0.1696    0.0000    4.6190    4.4237    2.6689    0.0000
    2.9587    2.9616    1.7916    0.0000    1.6996    1.5919    0.9697
 PARAMETER VALUES,  CYCLE NUMBER 10,  AVDEV=   0.661
   71.1636    6.9983    2.0330   88.3112    5.8328    0.0000   91.3497
    6.7841    0.1790   84.9452    7.1920    0.1225   10.3117    6.1143
    6.0142   91.0120    2.3199    0.0664    2.1071    7.5578    0.0000
   99.8882    7.4958    0.3354    0.0000    0.0000  100.6500    0.0000
    0.9765    0.0000    0.6122   -6.3523   -1.8155   -2.5895   -0.8603
   -1.5478   -0.5518    0.0000    0.2840   -2.0993   -0.8430   -1.4353
   -0.4107   -0.9035   -0.2656   -1.2625   -0.5338   -0.7550   -0.2618
   -0.5711   -0.1696    0.0000    4.6190    4.4237    2.6689    0.0000
    2.9587    2.9616    1.7916    0.0000    1.6996    1.5919    0.9697
 PARAMETER VALUES,  CYCLE NUMBER 11,  AVDEV=   0.660
   71.1634    6.9981    2.0333   88.3111    5.8315    0.0000   91.3447
    6.7841    0.1790   84.9451    7.1912    0.1222   10.3118    6.1182
    6.0137   91.0134    2.3171    0.0663    2.1038    7.5590    0.0000
  100.3174    7.4975    0.3332    0.0000    0.0000  110.6500    0.0000
    0.9765    0.0000    0.6122   -6.3523   -1.8155   -2.5895   -0.8603
   -1.5478   -0.5518    0.0000    0.2840   -2.0993   -0.8430   -1.4353
   -0.4107   -0.9035   -0.2656   -1.2625   -0.5338   -0.7550   -0.2618
   -0.5711   -0.1696    0.0000    4.6190    4.4237    2.6689    0.0000
    2.9587    2.9616    1.7916    0.0000    1.6996    1.5919    0.9697
 PARAMETER VALUES,  CYCLE NUMBER 12,  AVDEV=   0.660
   71.1633    6.9978    2.0336   88.3111    5.8303    0.0000   91.3405
    6.7841    0.1790   84.9449    7.1906    0.1219   10.3119    6.1214
    6.0133   91.0144    2.3149    0.0662    2.1009    7.5599    0.0000
  100.7464    7.4989    0.3313    0.0000    0.0000  120.6500    0.0000
    0.9765    0.0000    0.6122   -6.3523   -1.8155   -2.5895   -0.8603
   -1.5478   -0.5518    0.0000    0.2840   -2.0993   -0.8430   -1.4353
   -0.4107   -0.9035   -0.2656   -1.2625   -0.5338   -0.7550   -0.2618
   -0.5711   -0.1696    0.0000    4.6190    4.4237    2.6689    0.0000
    2.9587    2.9616    1.7916    0.0000    1.6996    1.5919    0.9697
 PARAMETER VALUES,  CYCLE NUMBER 13,  AVDEV=   0.660
   71.1632    6.9976    2.0338   88.3110    5.8293    0.0000   91.3370
    6.7841    0.1790   84.9447    7.1900    0.1217   10.3120    6.1241
    6.0129   91.0154    2.3129    0.0661    2.0984    7.5607    0.0000
  101.1754    7.5000    0.3297    0.0000    0.0000  130.6500    0.0000
    0.9765    0.0000    0.6122   -6.3523   -1.8155   -2.5895   -0.8603
   -1.5478   -0.5518    0.0000    0.2840   -2.0993   -0.8430   -1.4353
   -0.4107   -0.9035   -0.2656   -1.2625   -0.5338   -0.7550   -0.2618
   -0.5711   -0.1696    0.0000    4.6190    4.4237    2.6689    0.0000
    2.9587    2.9616    1.7916    0.0000    1.6996    1.5919    0.9697
 PARAMETER VALUES,  CYCLE NUMBER 14,  AVDEV=   0.660
   71.1631    6.9975    2.0340   88.3110    5.8285    0.0000   91.3339
    6.7841    0.1790   84.9446    7.1895    0.1215   10.3121    6.1264
    6.0126   91.0162    2.3112    0.0661    2.0963    7.5614    0.0000
  101.6043    7.5010    0.3283    0.0000    0.0000  140.6500    0.0000
    0.9765    0.0000    0.6122   -6.3523   -1.8155   -2.5895   -0.8603
   -1.5478   -0.5518    0.0000    0.2840   -2.0993   -0.8430   -1.4353
   -0.4107   -0.9035   -0.2656   -1.2625   -0.5338   -0.7550   -0.2618
   -0.5711   -0.1696    0.0000    4.6190    4.4237    2.6689    0.0000
    2.9587    2.9616    1.7916    0.0000    1.6996    1.5919    0.9697
 PARAMETER VALUES,  CYCLE NUMBER 15,  AVDEV=   0.660
   71.1630    6.9974    2.0342   88.3110    5.8277    0.0000   91.3312
    6.7841    0.1790   84.9445    7.1891    0.1214   10.3122    6.1284
    6.0123   91.0169    2.3097    0.0660    2.0944    7.5620    0.0000
  102.0332    7.5018    0.3271    0.0000    0.0000  150.6500    0.0000
    0.9765    0.0000    0.6122   -6.3523   -1.8155   -2.5895   -0.8603
   -1.5478   -0.5518    0.0000    0.2840   -2.0993   -0.8430   -1.4353
   -0.4107   -0.9035   -0.2656   -1.2625   -0.5338   -0.7550   -0.2618
   -0.5711   -0.1696    0.0000    4.6190    4.4237    2.6689    0.0000
    2.9587    2.9616    1.7916    0.0000    1.6996    1.5919    0.9697
 PARAMETER VALUES,  CYCLE NUMBER 16,  AVDEV=   0.659
   71.1630    6.9973    2.0343   88.3110    5.8271    0.0000   91.3288
    6.7841    0.1790   84.9444    7.1887    0.1212   10.3123    6.1302
    6.0121   91.0175    2.3084    0.0660    2.0927    7.5625    0.0000
  102.4621    7.5025    0.3260    0.0000    0.0000  160.6500    0.0000
    0.9765    0.0000    0.6122   -6.3523   -1.8155   -2.5895   -0.8603
   -1.5478   -0.5518    0.0000    0.2840   -2.0993   -0.8430   -1.4353
   -0.4107   -0.9035   -0.2656   -1.2625   -0.5338   -0.7550   -0.2618
   -0.5711   -0.1696    0.0000    4.6190    4.4237    2.6689    0.0000
    2.9587    2.9616    1.7916    0.0000    1.6996    1.5919    0.9697
 PARAMETER VALUES,  CYCLE NUMBER 17,  AVDEV=   0.659
   71.1629    6.9972    2.0345   88.3109    5.8265    0.0000   91.3266
    6.7841    0.1790   84.9443    7.1883    0.1211   10.3124    6.1317
    6.0119   91.0181    2.3072    0.0659    2.0912    7.5630    0.0000
  102.8909    7.5031    0.3250    0.0000    0.0000  170.6500    0.0000
    0.9765    0.0000    0.6122   -6.3523   -1.8155   -2.5895   -0.8603
   -1.5478   -0.5518    0.0000    0.2840   -2.0993   -0.8430   -1.4353
   -0.4107   -0.9035   -0.2656   -1.2625   -0.5338   -0.7550   -0.2618
   -0.5711   -0.1696    0.0000    4.6190    4.4237    2.6689    0.0000
    2.9587    2.9616    1.7916    0.0000    1.6996    1.5919    0.9697
 PARAMETER VALUES,  CYCLE NUMBER 18,  AVDEV=   0.659
   71.1629    6.9971    2.0346   88.3109    5.8260    0.0000   91.3247
    6.7841    0.1790   84.9442    7.1880    0.1210   10.3125    6.1331
    6.0117   91.0186    2.3062    0.0659    2.0898    7.5634    0.0000
  103.3197    7.5036    0.3242    0.0000    0.0000  180.6500    0.0000
    0.9765    0.0000    0.6122   -6.3523   -1.8155   -2.5895   -0.8603
   -1.5478   -0.5518    0.0000    0.2840   -2.0993   -0.8430   -1.4353
   -0.4107   -0.9035   -0.2656   -1.2625   -0.5338   -0.7550   -0.2618
   -0.5711   -0.1696    0.0000    4.6190    4.4237    2.6689    0.0000
    2.9587    2.9616    1.7916    0.0000    1.6996    1.5919    0.9697
 PARAMETER VALUES,  CYCLE NUMBER 19,  AVDEV=   0.659
   71.1628    6.9970    2.0347   88.3109    5.8255    0.0000   91.3230
    6.7841    0.1790   84.9441    7.1877    0.1209   10.3126    6.1344
    6.0116   91.0190    2.3052    0.0659    2.0886    7.5638    0.0000
  103.7485    7.5041    0.3234    0.0000    0.0000  190.6499    0.0000
    0.9765    0.0000    0.6122   -6.3523   -1.8155   -2.5895   -0.8603
   -1.5478   -0.5518    0.0000    0.2840   -2.0993   -0.8430   -1.4353
   -0.4107   -0.9035   -0.2656   -1.2625   -0.5338   -0.7550   -0.2618
   -0.5711   -0.1696    0.0000    4.6190    4.4237    2.6689    0.0000
    2.9587    2.9616    1.7916    0.0000    1.6996    1.5919    0.9697
 PARAMETER VALUES,  CYCLE NUMBER 20,  AVDEV=   0.659
   71.1628    6.9969    2.0348   88.3109    5.8251    0.0000   91.3214
    6.7841    0.1790   84.9440    7.1874    0.1208   10.3127    6.1355
    6.0114   91.0194    2.3044    0.0658    2.0875    7.5641    0.0000
  104.1772    7.5045    0.3227    0.0000    0.0000  200.6499    0.0000
    0.9765    0.0000    0.6122   -6.3523   -1.8155   -2.5895   -0.8603
   -1.5478   -0.5518    0.0000    0.2840   -2.0993   -0.8430   -1.4353
   -0.4107   -0.9035   -0.2656   -1.2625   -0.5338   -0.7550   -0.2618
   -0.5711   -0.1696    0.0000    4.6190    4.4237    2.6689    0.0000
    2.9587    2.9616    1.7916    0.0000    1.6996    1.5919    0.9697
 PARAMETER VALUES,  CYCLE NUMBER 21,  AVDEV=   0.659
   71.1628    6.9969    2.0349   88.3109    5.8247    0.0000   91.3200
    6.7841    0.1790   84.9439    7.1872    0.1208   10.3128    6.1366
    6.0113   91.0198    2.3036    0.0658    2.0864    7.5644    0.0000
  104.6060    7.5049    0.3221    0.0000    0.0000  210.6499    0.0000
    0.9765    0.0000    0.6122   -6.3523   -1.8155   -2.5895   -0.8603
   -1.5478   -0.5518    0.0000    0.2840   -2.0993   -0.8430   -1.4353
   -0.4107   -0.9035   -0.2656   -1.2625   -0.5338   -0.7550   -0.2618
   -0.5711   -0.1696    0.0000    4.6190    4.4237    2.6689    0.0000
    2.9587    2.9616    1.7916    0.0000    1.6996    1.5919    0.9697
 PARAMETER VALUES,  CYCLE NUMBER 22,  AVDEV=   0.659
   71.1627    6.9968    2.0349   88.3109    5.8243    0.0000   91.3186
    6.7841    0.1790   84.9439    7.1869    0.1207   10.3129    6.1375
    6.0112   91.0202    2.3028    0.0658    2.0855    7.5647    0.0000
  105.0347    7.5052    0.3215    0.0000    0.0000  220.6499    0.0000
    0.9765    0.0000    0.6122   -6.3523   -1.8155   -2.5895   -0.8603
   -1.5478   -0.5518    0.0000    0.2840   -2.0993   -0.8430   -1.4353
   -0.4107   -0.9035   -0.2656   -1.2625   -0.5338   -0.7550   -0.2618
   -0.5711   -0.1696    0.0000    4.6190    4.4237    2.6689    0.0000
    2.9587    2.9616    1.7916    0.0000    1.6996    1.5919    0.9697
 PARAMETER VALUES,  CYCLE NUMBER 23,  AVDEV=   0.659
   71.1627    6.9968    2.0350   88.3109    5.8240    0.0000   91.3174
    6.7841    0.1790   84.9438    7.1867    0.1206   10.3129    6.1384
    6.0111   91.0205    2.3022    0.0658    2.0846    7.5650    0.0000
  105.4634    7.5055    0.3209    0.0000    0.0000  230.6499    0.0000
    0.9765    0.0000    0.6122   -6.3523   -1.8155   -2.5895   -0.8603
   -1.5478   -0.5518    0.0000    0.2840   -2.0993   -0.8430   -1.4353
   -0.4107   -0.9035   -0.2656   -1.2625   -0.5338   -0.7550   -0.2618
   -0.5711   -0.1696    0.0000    4.6190    4.4237    2.6689    0.0000
    2.9587    2.9616    1.7916    0.0000    1.6996    1.5919    0.9697
 PARAMETER VALUES,  CYCLE NUMBER 24,  AVDEV=   0.659
   71.1627    6.9967    2.0351   88.3109    5.8237    0.0000   91.3163
    6.7841    0.1790   84.9437    7.1865    0.1206   10.3130    6.1392
    6.0110   91.0208    2.3016    0.0657    2.0838    7.5652    0.0000
  105.8921    7.5058    0.3204    0.0000    0.0000  240.6499    0.0000
    0.9765    0.0000    0.6122   -6.3523   -1.8155   -2.5895   -0.8603
   -1.5478   -0.5518    0.0000    0.2840   -2.0993   -0.8430   -1.4353
   -0.4107   -0.9035   -0.2656   -1.2625   -0.5338   -0.7550   -0.2618
   -0.5711   -0.1696    0.0000    4.6190    4.4237    2.6689    0.0000
    2.9587    2.9616    1.7916    0.0000    1.6996    1.5919    0.9697
 PARAMETER VALUES,  CYCLE NUMBER 25,  AVDEV=   0.659
   71.1626    6.9967    2.0351   88.3108    5.8234    0.0000   91.3152
    6.7841    0.1790   84.9437    7.1863    0.1205   10.3131    6.1399
    6.0109   91.0211    2.3010    0.0657    2.0830    7.5654    0.0000
  106.3208    7.5060    0.3199    0.0000    0.0000  250.6499    0.0000
    0.9765    0.0000    0.6122   -6.3523   -1.8155   -2.5895   -0.8603
   -1.5478   -0.5518    0.0000    0.2840   -2.0993   -0.8430   -1.4353
   -0.4107   -0.9035   -0.2656   -1.2625   -0.5338   -0.7550   -0.2618
   -0.5711   -0.1696    0.0000    4.6190    4.4237    2.6689    0.0000
    2.9587    2.9616    1.7916    0.0000    1.6996    1.5919    0.9697
 PARAMETER VALUES,  CYCLE NUMBER 26,  AVDEV=   0.659
   71.1626    6.9966    2.0352   88.3108    5.8232    0.0000   91.3143
    6.7841    0.1790   84.9436    7.1862    0.1205   10.3131    6.1406
    6.0109   91.0213    2.3004    0.0657    2.0823    7.5656    0.0000
  106.7495    7.5063    0.3195    0.0000    0.0000  260.6499    0.0000
    0.9765    0.0000    0.6122   -6.3523   -1.8155   -2.5895   -0.8603
   -1.5478   -0.5518    0.0000    0.2840   -2.0993   -0.8430   -1.4353
   -0.4107   -0.9035   -0.2656   -1.2625   -0.5338   -0.7550   -0.2618
   -0.5711   -0.1696    0.0000    4.6190    4.4237    2.6689    0.0000
    2.9587    2.9616    1.7916    0.0000    1.6996    1.5919    0.9697
 PARAMETER VALUES,  CYCLE NUMBER 27,  AVDEV=   0.659
   71.1626    6.9966    2.0352   88.3108    5.8229    0.0000   91.3134
    6.7841    0.1790   84.9436    7.1860    0.1204   10.3132    6.1413
    6.0108   91.0215    2.2999    0.0657    2.0817    7.5658    0.0000
  107.1782    7.5065    0.3191    0.0000    0.0000  270.6499    0.0000
    0.9765    0.0000    0.6122   -6.3523   -1.8155   -2.5895   -0.8603
   -1.5478   -0.5518    0.0000    0.2840   -2.0993   -0.8430   -1.4353
   -0.4107   -0.9035   -0.2656   -1.2625   -0.5338   -0.7550   -0.2618
   -0.5711   -0.1696    0.0000    4.6190    4.4237    2.6689    0.0000
    2.9587    2.9616    1.7916    0.0000    1.6996    1.5919    0.9697
 PARAMETER VALUES,  CYCLE NUMBER 28,  AVDEV=   0.659
   71.1626    6.9966    2.0353   88.3108    5.8227    0.0000   91.3125
    6.7841    0.1790   84.9435    7.1858    0.1204   10.3132    6.1419
    6.0107   91.0218    2.2995    0.0657    2.0810    7.5660    0.0000
  107.6069    7.5067    0.3187    0.0000    0.0000  280.6499    0.0000
    0.9765    0.0000    0.6122   -6.3523   -1.8155   -2.5895   -0.8603
   -1.5478   -0.5518    0.0000    0.2840   -2.0993   -0.8430   -1.4353
   -0.4107   -0.9035   -0.2656   -1.2625   -0.5338   -0.7550   -0.2618
   -0.5711   -0.1696    0.0000    4.6190    4.4237    2.6689    0.0000
    2.9587    2.9616    1.7916    0.0000    1.6996    1.5919    0.9697
 PARAMETER VALUES,  CYCLE NUMBER 29,  AVDEV=   0.659
   71.1626    6.9965    2.0353   88.3108    5.8225    0.0000   91.3117
    6.7841    0.1790   84.9435    7.1857    0.1204   10.3133    6.1424
    6.0107   91.0220    2.2990    0.0657    2.0805    7.5662    0.0000
  108.0356    7.5068    0.3184    0.0000    0.0000  290.6499    0.0000
    0.9765    0.0000    0.6122   -6.3523   -1.8155   -2.5895   -0.8603
   -1.5478   -0.5518    0.0000    0.2840   -2.0993   -0.8430   -1.4353
   -0.4107   -0.9035   -0.2656   -1.2625   -0.5338   -0.7550   -0.2618
   -0.5711   -0.1696    0.0000    4.6190    4.4237    2.6689    0.0000
    2.9587    2.9616    1.7916    0.0000    1.6996    1.5919    0.9697
 PARAMETER VALUES,  CYCLE NUMBER 30,  AVDEV=   0.659
   71.1626    6.9965    2.0353   88.3108    5.8223    0.0000   91.3109
    6.7841    0.1790   84.9434    7.1856    0.1203   10.3133    6.1430
    6.0106   91.0222    2.2986    0.0656    2.0799    7.5663    0.0000
  108.4642    7.5070    0.3180    0.0000    0.0000  300.6499    0.0000
    0.9765    0.0000    0.6122   -6.3523   -1.8155   -2.5895   -0.8603
   -1.5478   -0.5518    0.0000    0.2840   -2.0993   -0.8430   -1.4353
   -0.4107   -0.9035   -0.2656   -1.2625   -0.5338   -0.7550   -0.2618
   -0.5711   -0.1696    0.0000    4.6190    4.4237    2.6689    0.0000
    2.9587    2.9616    1.7916    0.0000    1.6996    1.5919    0.9697
 PARAMETER VALUES,  CYCLE NUMBER 31,  AVDEV=   0.659
   71.1625    6.9965    2.0354   88.3108    5.8221    0.0000   91.3102
    6.7841    0.1790   84.9434    7.1854    0.1203   10.3134    6.1435
    6.0106   91.0224    2.2982    0.0656    2.0794    7.5665    0.0000
  108.8929    7.5072    0.3177    0.0000    0.0000  310.6499    0.0000
    0.9765    0.0000    0.6122   -6.3523   -1.8155   -2.5895   -0.8603
   -1.5478   -0.5518    0.0000    0.2840   -2.0993   -0.8430   -1.4353
   -0.4107   -0.9035   -0.2656   -1.2625   -0.5338   -0.7550   -0.2618
   -0.5711   -0.1696    0.0000    4.6190    4.4237    2.6689    0.0000
    2.9587    2.9616    1.7916    0.0000    1.6996    1.5919    0.9697
 PARAMETER VALUES,  CYCLE NUMBER 32,  AVDEV=   0.658
   71.1625    6.9965    2.0354   88.3108    5.8219    0.0000   91.3096
    6.7841    0.1790   84.9434    7.1853    0.1203   10.3134    6.1439
    6.0105   91.0225    2.2978    0.0656    2.0789    7.5666    0.0000
  109.3215    7.5073    0.3174    0.0000    0.0000  320.6499    0.0000
    0.9765    0.0000    0.6122   -6.3523   -1.8155   -2.5895   -0.8603
   -1.5478   -0.5518    0.0000    0.2840   -2.0993   -0.8430   -1.4353
   -0.4107   -0.9035   -0.2656   -1.2625   -0.5338   -0.7550   -0.2618
   -0.5711   -0.1696    0.0000    4.6190    4.4237    2.6689    0.0000
    2.9587    2.9616    1.7916    0.0000    1.6996    1.5919    0.9697
 PARAMETER VALUES,  CYCLE NUMBER 33,  AVDEV=   0.658
   71.1625    6.9964    2.0355   88.3108    5.8217    0.0000   91.3089
    6.7841    0.1790   84.9433    7.1852    0.1202   10.3135    6.1444
    6.0105   91.0227    2.2975    0.0656    2.0784    7.5667    0.0000
  109.7502    7.5075    0.3171    0.0000    0.0000  330.6499    0.0000
    0.9765    0.0000    0.6122   -6.3523   -1.8155   -2.5895   -0.8603
   -1.5478   -0.5518    0.0000    0.2840   -2.0993   -0.8430   -1.4353
   -0.4107   -0.9035   -0.2656   -1.2625   -0.5338   -0.7550   -0.2618
   -0.5711   -0.1696    0.0000    4.6190    4.4237    2.6689    0.0000
    2.9587    2.9616    1.7916    0.0000    1.6996    1.5919    0.9697
 PARAMETER VALUES,  CYCLE NUMBER 34,  AVDEV=   0.658
   71.1625    6.9964    2.0355   88.3108    5.8216    0.0000   91.3083
    6.7841    0.1790   84.9433    7.1851    0.1202   10.3135    6.1448
    6.0104   91.0229    2.2972    0.0656    2.0780    7.5669    0.0000
  110.1788    7.5076    0.3168    0.0000    0.0000  340.6499    0.0000
    0.9765    0.0000    0.6122   -6.3523   -1.8155   -2.5895   -0.8603
   -1.5478   -0.5518    0.0000    0.2840   -2.0993   -0.8430   -1.4353
   -0.4107   -0.9035   -0.2656   -1.2625   -0.5338   -0.7550   -0.2618
   -0.5711   -0.1696    0.0000    4.6190    4.4237    2.6689    0.0000
    2.9587    2.9616    1.7916    0.0000    1.6996    1.5919    0.9697
 PARAMETER VALUES,  CYCLE NUMBER 35,  AVDEV=   0.658
   71.1625    6.9964    2.0355   88.3108    5.8214    0.0000   91.3078
    6.7841    0.1790   84.9433    7.1850    0.1202   10.3136    6.1452
    6.0104   91.0230    2.2969    0.0656    2.0776    7.5670    0.0000
  110.6075    7.5077    0.3166    0.0000    0.0000  350.6499    0.0000
    0.9765    0.0000    0.6122   -6.3523   -1.8155   -2.5895   -0.8603
   -1.5478   -0.5518    0.0000    0.2840   -2.0993   -0.8430   -1.4353
   -0.4107   -0.9035   -0.2656   -1.2625   -0.5338   -0.7550   -0.2618
   -0.5711   -0.1696    0.0000    4.6190    4.4237    2.6689    0.0000
    2.9587    2.9616    1.7916    0.0000    1.6996    1.5919    0.9697
 PARAMETER VALUES,  CYCLE NUMBER 36,  AVDEV=   0.658
   71.1625    6.9964    2.0355   88.3108    5.8213    0.0000   91.3072
    6.7841    0.1790   84.9432    7.1849    0.1202   10.3136    6.1456
    6.0103   91.0231    2.2966    0.0656    2.0772    7.5671    0.0000
  111.0361    7.5078    0.3163    0.0000    0.0000  360.6499    0.0000
    0.9765    0.0000    0.6122   -6.3523   -1.8155   -2.5895   -0.8603
   -1.5478   -0.5518    0.0000    0.2840   -2.0993   -0.8430   -1.4353
   -0.4107   -0.9035   -0.2656   -1.2625   -0.5338   -0.7550   -0.2618
   -0.5711   -0.1696    0.0000    4.6190    4.4237    2.6689    0.0000
    2.9587    2.9616    1.7916    0.0000    1.6996    1.5919    0.9697
 PARAMETER VALUES,  CYCLE NUMBER 37,  AVDEV=   0.658
   71.1625    6.9964    2.0356   88.3108    5.8211    0.0000   91.3067
    6.7841    0.1790   84.9432    7.1848    0.1201   10.3137    6.1459
    6.0103   91.0233    2.2963    0.0656    2.0768    7.5672    0.0000
  111.4647    7.5079    0.3161    0.0000    0.0000  370.6499    0.0000
    0.9765    0.0000    0.6122   -6.3523   -1.8155   -2.5895   -0.8603
   -1.5478   -0.5518    0.0000    0.2840   -2.0993   -0.8430   -1.4353
   -0.4107   -0.9035   -0.2656   -1.2625   -0.5338   -0.7550   -0.2618
   -0.5711   -0.1696    0.0000    4.6190    4.4237    2.6689    0.0000
    2.9587    2.9616    1.7916    0.0000    1.6996    1.5919    0.9697
 PARAMETER VALUES,  CYCLE NUMBER 38,  AVDEV=   0.658
   71.1624    6.9963    2.0356   88.3108    5.8210    0.0000   91.3062
    6.7841    0.1790   84.9432    7.1847    0.1201   10.3137    6.1463
    6.0103   91.0234    2.2960    0.0656    2.0765    7.5673    0.0000
  111.8934    7.5080    0.3159    0.0000    0.0000  380.6499    0.0000
    0.9765    0.0000    0.6122   -6.3523   -1.8155   -2.5895   -0.8603
   -1.5478   -0.5518    0.0000    0.2840   -2.0993   -0.8430   -1.4353
   -0.4107   -0.9035   -0.2656   -1.2625   -0.5338   -0.7550   -0.2618
   -0.5711   -0.1696    0.0000    4.6190    4.4237    2.6689    0.0000
    2.9587    2.9616    1.7916    0.0000    1.6996    1.5919    0.9697
 PARAMETER VALUES,  CYCLE NUMBER 39,  AVDEV=   0.658
   71.1624    6.9963    2.0356   88.3108    5.8209    0.0000   91.3057
    6.7841    0.1790   84.9431    7.1846    0.1201   10.3137    6.1466
    6.0102   91.0235    2.2957    0.0656    2.0761    7.5674    0.0000
  112.3220    7.5081    0.3157    0.0000    0.0000  390.6499    0.0000
    0.9765    0.0000    0.6122   -6.3523   -1.8155   -2.5895   -0.8603
   -1.5478   -0.5518    0.0000    0.2840   -2.0993   -0.8430   -1.4353
   -0.4107   -0.9035   -0.2656   -1.2625   -0.5338   -0.7550   -0.2618
   -0.5711   -0.1696    0.0000    4.6190    4.4237    2.6689    0.0000
    2.9587    2.9616    1.7916    0.0000    1.6996    1.5919    0.9697
 PARAMETER VALUES,  CYCLE NUMBER 40,  AVDEV=   0.658
   71.1624    6.9963    2.0356   88.3108    5.8208    0.0000   91.3053
    6.7841    0.1790   84.9431    7.1845    0.1201   10.3138    6.1469
    6.0102   91.0236    2.2955    0.0656    2.0758    7.5675    0.0000
  112.7506    7.5082    0.3155    0.0000    0.0000  400.6499    0.0000
    0.9765    0.0000    0.6122   -6.3523   -1.8155   -2.5895   -0.8603
   -1.5478   -0.5518    0.0000    0.2840   -2.0993   -0.8430   -1.4353
   -0.4107   -0.9035   -0.2656   -1.2625   -0.5338   -0.7550   -0.2618
   -0.5711   -0.1696    0.0000    4.6190    4.4237    2.6689    0.0000
    2.9587    2.9616    1.7916    0.0000    1.6996    1.5919    0.9697
 PARAMETER VALUES FOR RCG INPUT
Xe I  5p56s            71.1624   6.9963    2.0356
Xe I  5p57s            88.3108   5.8208    0.0000
Xe I  5p58s            91.3053   6.7841    0.1790
Xe I  5p55d            84.9431   7.1845    0.1201   10.3138    6.1469 LS99999999
   6.0102
Xe I  5p56d            91.0236   2.2955    0.0656    2.0758    7.5675 LS99999999
   0.0000
Xe I  5p57d           112.7506   7.5082    0.3155    0.0000    0.0000 LS99999999
 400.6499
5p56s   -5p57s         0.0000    0.9765
5p56s   -5p58s         0.0000    0.6122
5p56s   -5p55d        -6.3523   -1.8155
5p56s   -5p56d        -2.5895   -0.8603
5p56s   -5p57d        -1.5478   -0.5518
5p57s   -5p58s         0.0000    0.2840
5p57s   -5p55d        -2.0993   -0.8430
5p57s   -5p56d        -1.4353   -0.4107
5p57s   -5p57d        -0.9035   -0.2656
5p58s   -5p55d        -1.2625   -0.5338
5p58s   -5p56d        -0.7550   -0.2618
5p58s   -5p57d        -0.5711   -0.1696
5p55d   -5p56d         0.0000    4.6190    4.4237    2.6689
5p55d   -5p57d         0.0000    2.9587    2.9616    1.7916
5p56d   -5p57d         0.0000    1.6996    1.5919    0.9697

