Cu I      3d104s    3d94s2    3d105s    3d106s    3d107s    3d104d  
3d105d  
 PARAMETER VALUES,  CYCLE NUMBER  0,  AVDEV=   0.004
    0.0000   12.0245    0.8100   43.1372   52.8488   56.6714   49.9369
    0.0016   55.3888    0.0008   -3.1925   -1.4071   -0.9832
 PARAMETER VALUES,  CYCLE NUMBER  1,  AVDEV=   0.004
    0.0000   12.0245    0.8100   43.1372   52.8488   56.6714   49.9369
    0.0016   55.3888    0.0008   -3.1925   -1.4071   -0.9832
 PARAMETER VALUES FOR RCG INPUT
Cu I  3d104s            0.0000
Cu I  3d94s2           12.0245   0.8100
Cu I  3d105s           43.1372
Cu I  3d106s           52.8488
Cu I  3d107s           56.6714
Cu I  3d104d           49.9369   0.0016
Cu I  3d105d           55.3888   0.0008
3d104s  -3d94s2       -3.1925
3d94s2  -3d104d       -1.4071
3d94s2  -3d105d       -0.9832

Cu I      3d104p    3d94s4p   3d105p    3d106p    3d107p    3d104f  
3d105f  
 PARAMETER VALUES,  CYCLE NUMBER  0,  AVDEV=   1.796
   31.4204    0.1430   46.6929    0.8130    0.2605    8.1805    7.4677
    2.9693    2.3262   28.9542   49.4798    0.0358   54.9709    0.0148
   57.3324    0.0075   55.4280    0.0000   56.3408    0.0000   -3.1575
   -7.2962   -7.5180    0.0000   -2.8289   -3.0377    0.0000   -1.6996
   -1.8416    0.0000   -1.1770   -1.2802   -0.2864   -0.1104   -0.2542
   -0.1002
 PARAMETER VALUES,  CYCLE NUMBER  1,  AVDEV=   0.429
   31.4771    0.1430   46.7872    0.3317    0.2447    9.4192    8.3034
    3.8177    4.2402   21.6396   49.5637    0.0358   55.1287    0.0148
   57.5783    0.0075   55.4289    0.0000   56.3419    0.0000   -3.1575
   -7.2962   -7.5180    0.0000   -2.8289   -3.0377    0.0000   -1.6996
   -1.8416    0.0000   -1.1770   -1.2802   -0.2864   -0.1104   -0.2542
   -0.1002
 PARAMETER VALUES,  CYCLE NUMBER  2,  AVDEV=   0.398
   31.4991    0.1430   46.7337    0.4895    0.1646    9.3424    7.6107
    3.5428    4.0983   21.4293   49.6187    0.0358   55.2582    0.0148
   57.5446    0.0075   55.4320    0.0000   56.3638    0.0000   -3.1575
   -7.2962   -7.5180    0.0000   -2.8289   -3.0377    0.0000   -1.6996
   -1.8416    0.0000   -1.1770   -1.2802   -0.2864   -0.1104   -0.2542
   -0.1002
 PARAMETER VALUES,  CYCLE NUMBER  3,  AVDEV=   0.413
   31.5024    0.1430   46.6970    0.5151    0.1539    9.5390    7.4831
    3.5786    4.0583   21.2317   49.6286    0.0358   55.2897    0.0148
   57.6007    0.0075   55.4329    0.0000   56.6244    0.0000   -3.1575
   -7.2962   -7.5180    0.0000   -2.8289   -3.0377    0.0000   -1.6996
   -1.8416    0.0000   -1.1770   -1.2802   -0.2864   -0.1104   -0.2542
   -0.1002
 PARAMETER VALUES,  CYCLE NUMBER  4,  AVDEV=   0.407
   31.5010    0.1430   46.7216    0.4833    0.1430    9.4664    7.5232
    3.5615    4.1113   21.3456   49.6229    0.0358   55.2783    0.0148
   57.5496    0.0075   55.4336    0.0000   56.4878    0.0000   -3.1575
   -7.2962   -7.5180    0.0000   -2.8289   -3.0377    0.0000   -1.6996
   -1.8416    0.0000   -1.1770   -1.2802   -0.2864   -0.1104   -0.2542
   -0.1002
 PARAMETER VALUES,  CYCLE NUMBER  5,  AVDEV=   0.407
   31.5007    0.1430   46.7211    0.4866    0.1407    9.4766    7.4833
    3.5684    4.1536   21.3454   49.6240    0.0358   55.2788    0.0148
   57.5502    0.0075   55.4336    0.0000   56.4853    0.0000   -3.1575
   -7.2962   -7.5180    0.0000   -2.8289   -3.0377    0.0000   -1.6996
   -1.8416    0.0000   -1.1770   -1.2802   -0.2864   -0.1104   -0.2542
   -0.1002
 PARAMETER VALUES,  CYCLE NUMBER  6,  AVDEV=   0.407
   31.5005    0.1430   46.7224    0.4843    0.1396    9.4781    7.4755
    3.5715    4.1722   21.3504   49.6240    0.0358   55.2783    0.0148
   57.5490    0.0075   55.4336    0.0000   56.4791    0.0000   -3.1575
   -7.2962   -7.5180    0.0000   -2.8289   -3.0377    0.0000   -1.6996
   -1.8416    0.0000   -1.1770   -1.2802   -0.2864   -0.1104   -0.2542
   -0.1002
 PARAMETER VALUES,  CYCLE NUMBER  7,  AVDEV=   0.408
   31.5007    0.1430   46.7144    0.4953    0.1438    9.5044    7.4473
    3.5850    4.1716   21.3150   49.6262    0.0358   55.2822    0.0148
   57.5596    0.0075   55.4335    0.0000   56.5255    0.0000   -3.1575
   -7.2962   -7.5180    0.0000   -2.8289   -3.0377    0.0000   -1.6996
   -1.8416    0.0000   -1.1770   -1.2802   -0.2864   -0.1104   -0.2542
   -0.1002
 PARAMETER VALUES,  CYCLE NUMBER  8,  AVDEV=   0.407
   31.5003    0.1430   46.7259    0.4796    0.1385    9.4667    7.4835
    3.5685    4.1780   21.3666   49.6231    0.0358   55.2765    0.0148
   57.5425    0.0075   55.4337    0.0000   56.4594    0.0000   -3.1575
   -7.2962   -7.5180    0.0000   -2.8289   -3.0377    0.0000   -1.6996
   -1.8416    0.0000   -1.1770   -1.2802   -0.2864   -0.1104   -0.2542
   -0.1002
 PARAMETER VALUES,  CYCLE NUMBER  9,  AVDEV=   0.409
   31.5009    0.1430   46.7089    0.5021    0.1469    9.5222    7.4346
    3.5932    4.1654   21.2897   49.6276    0.0358   55.2851    0.0148
   57.5673    0.0075   55.4335    0.0000   56.5591    0.0000   -3.1575
   -7.2962   -7.5180    0.0000   -2.8289   -3.0377    0.0000   -1.6996
   -1.8416    0.0000   -1.1770   -1.2802   -0.2864   -0.1104   -0.2542
   -0.1002
 PARAMETER VALUES,  CYCLE NUMBER 10,  AVDEV=   0.407
   31.5003    0.1430   46.7263    0.4785    0.1389    9.4651    7.4883
    3.5690    4.1759   21.3681   49.6230    0.0358   55.2764    0.0148
   57.5404    0.0075   55.4337    0.0000   56.4590    0.0000   -3.1575
   -7.2962   -7.5180    0.0000   -2.8289   -3.0377    0.0000   -1.6996
   -1.8416    0.0000   -1.1770   -1.2802   -0.2864   -0.1104   -0.2542
   -0.1002
 PARAMETER VALUES,  CYCLE NUMBER 11,  AVDEV=   0.409
   31.5009    0.1430   46.7078    0.5034    0.1478    9.5255    7.4339
    3.5952    4.1627   21.2844   49.6279    0.0358   55.2856    0.0148
   57.5684    0.0075   55.4336    0.0000   56.5667    0.0000   -3.1575
   -7.2962   -7.5180    0.0000   -2.8289   -3.0377    0.0000   -1.6996
   -1.8416    0.0000   -1.1770   -1.2802   -0.2864   -0.1104   -0.2542
   -0.1002
 PARAMETER VALUES,  CYCLE NUMBER 12,  AVDEV=   0.407
   31.5003    0.1430   46.7263    0.4783    0.1392    9.4646    7.4902
    3.5692    4.1745   21.3682   49.6229    0.0358   55.2764    0.0148
   57.5398    0.0075   55.4338    0.0000   56.4596    0.0000   -3.1575
   -7.2962   -7.5180    0.0000   -2.8289   -3.0377    0.0000   -1.6996
   -1.8416    0.0000   -1.1770   -1.2802   -0.2864   -0.1104   -0.2542
   -0.1002
 PARAMETER VALUES,  CYCLE NUMBER 13,  AVDEV=   0.409
   31.5009    0.1430   46.7080    0.5031    0.1479    9.5246    7.4355
    3.5950    4.1618   21.2850   49.6278    0.0358   55.2856    0.0148
   57.5680    0.0075   55.4336    0.0000   56.5661    0.0000   -3.1575
   -7.2962   -7.5180    0.0000   -2.8289   -3.0377    0.0000   -1.6996
   -1.8416    0.0000   -1.1770   -1.2802   -0.2864   -0.1104   -0.2542
   -0.1002
 PARAMETER VALUES,  CYCLE NUMBER 14,  AVDEV=   0.407
   31.5003    0.1430   46.7262    0.4785    0.1394    9.4648    7.4905
    3.5693    4.1738   21.3677   49.6229    0.0358   55.2765    0.0148
   57.5400    0.0075   55.4338    0.0000   56.4603    0.0000   -3.1575
   -7.2962   -7.5180    0.0000   -2.8289   -3.0377    0.0000   -1.6996
   -1.8416    0.0000   -1.1770   -1.2802   -0.2864   -0.1104   -0.2542
   -0.1002
 PARAMETER VALUES,  CYCLE NUMBER 15,  AVDEV=   0.409
   31.5009    0.1430   46.7085    0.5024    0.1477    9.5228    7.4373
    3.5941    4.1619   21.2875   49.6276    0.0358   55.2853    0.0148
   57.5673    0.0075   55.4336    0.0000   56.5629    0.0000   -3.1575
   -7.2962   -7.5180    0.0000   -2.8289   -3.0377    0.0000   -1.6996
   -1.8416    0.0000   -1.1770   -1.2802   -0.2864   -0.1104   -0.2542
   -0.1002
 PARAMETER VALUES,  CYCLE NUMBER 16,  AVDEV=   0.407
   31.5003    0.1430   46.7261    0.4787    0.1394    9.4651    7.4901
    3.5693    4.1735   21.3671   49.6230    0.0358   55.2765    0.0148
   57.5403    0.0075   55.4338    0.0000   56.4608    0.0000   -3.1575
   -7.2962   -7.5180    0.0000   -2.8289   -3.0377    0.0000   -1.6996
   -1.8416    0.0000   -1.1770   -1.2802   -0.2864   -0.1104   -0.2542
   -0.1002
 PARAMETER VALUES,  CYCLE NUMBER 17,  AVDEV=   0.409
   31.5009    0.1430   46.7090    0.5018    0.1474    9.5212    7.4386
    3.5933    4.1622   21.2896   49.6275    0.0358   55.2850    0.0148
   57.5666    0.0075   55.4336    0.0000   56.5600    0.0000   -3.1575
   -7.2962   -7.5180    0.0000   -2.8289   -3.0377    0.0000   -1.6996
   -1.8416    0.0000   -1.1770   -1.2802   -0.2864   -0.1104   -0.2542
   -0.1002
 PARAMETER VALUES,  CYCLE NUMBER 18,  AVDEV=   0.407
   31.5003    0.1430   46.7260    0.4788    0.1393    9.4654    7.4896
    3.5692    4.1736   21.3668   49.6230    0.0358   55.2766    0.0148
   57.5406    0.0075   55.4338    0.0000   56.4611    0.0000   -3.1575
   -7.2962   -7.5180    0.0000   -2.8289   -3.0377    0.0000   -1.6996
   -1.8416    0.0000   -1.1770   -1.2802   -0.2864   -0.1104   -0.2542
   -0.1002
 PARAMETER VALUES,  CYCLE NUMBER 19,  AVDEV=   0.409
   31.5009    0.1430   46.7093    0.5014    0.1472    9.5202    7.4392
    3.5928    4.1626   21.2910   49.6274    0.0358   55.2849    0.0148
   57.5663    0.0075   55.4336    0.0000   56.5581    0.0000   -3.1575
   -7.2962   -7.5180    0.0000   -2.8289   -3.0377    0.0000   -1.6996
   -1.8416    0.0000   -1.1770   -1.2802   -0.2864   -0.1104   -0.2542
   -0.1002
 PARAMETER VALUES,  CYCLE NUMBER 20,  AVDEV=   0.407
   31.5003    0.1430   46.7259    0.4789    0.1393    9.4656    7.4892
    3.5692    4.1737   21.3666   49.6230    0.0358   55.2766    0.0148
   57.5408    0.0075   55.4338    0.0000   56.4613    0.0000   -3.1575
   -7.2962   -7.5180    0.0000   -2.8289   -3.0377    0.0000   -1.6996
   -1.8416    0.0000   -1.1770   -1.2802   -0.2864   -0.1104   -0.2542
   -0.1002
 PARAMETER VALUES,  CYCLE NUMBER 21,  AVDEV=   0.409
   31.5009    0.1430   46.7095    0.5012    0.1471    9.5197    7.4396
    3.5925    4.1628   21.2919   49.6274    0.0358   55.2848    0.0148
   57.5661    0.0075   55.4336    0.0000   56.5570    0.0000   -3.1575
   -7.2962   -7.5180    0.0000   -2.8289   -3.0377    0.0000   -1.6996
   -1.8416    0.0000   -1.1770   -1.2802   -0.2864   -0.1104   -0.2542
   -0.1002
 PARAMETER VALUES,  CYCLE NUMBER 22,  AVDEV=   0.407
   31.5003    0.1430   46.7259    0.4790    0.1393    9.4657    7.4890
    3.5692    4.1737   21.3664   49.6230    0.0358   55.2766    0.0148
   57.5409    0.0075   55.4338    0.0000   56.4614    0.0000   -3.1575
   -7.2962   -7.5180    0.0000   -2.8289   -3.0377    0.0000   -1.6996
   -1.8416    0.0000   -1.1770   -1.2802   -0.2864   -0.1104   -0.2542
   -0.1002
 PARAMETER VALUES,  CYCLE NUMBER 23,  AVDEV=   0.409
   31.5009    0.1430   46.7096    0.5011    0.1470    9.5194    7.4397
    3.5923    4.1630   21.2923   49.6274    0.0358   55.2848    0.0148
   57.5659    0.0075   55.4336    0.0000   56.5564    0.0000   -3.1575
   -7.2962   -7.5180    0.0000   -2.8289   -3.0377    0.0000   -1.6996
   -1.8416    0.0000   -1.1770   -1.2802   -0.2864   -0.1104   -0.2542
   -0.1002
 PARAMETER VALUES,  CYCLE NUMBER 24,  AVDEV=   0.407
   31.5003    0.1430   46.7259    0.4790    0.1393    9.4658    7.4888
    3.5692    4.1738   21.3664   49.6230    0.0358   55.2766    0.0148
   57.5409    0.0075   55.4338    0.0000   56.4614    0.0000   -3.1575
   -7.2962   -7.5180    0.0000   -2.8289   -3.0377    0.0000   -1.6996
   -1.8416    0.0000   -1.1770   -1.2802   -0.2864   -0.1104   -0.2542
   -0.1002
 PARAMETER VALUES,  CYCLE NUMBER 25,  AVDEV=   0.409
   31.5009    0.1430   46.7096    0.5010    0.1470    9.5193    7.4398
    3.5922    4.1631   21.2925   49.6274    0.0358   55.2847    0.0148
   57.5659    0.0075   55.4336    0.0000   56.5560    0.0000   -3.1575
   -7.2962   -7.5180    0.0000   -2.8289   -3.0377    0.0000   -1.6996
   -1.8416    0.0000   -1.1770   -1.2802   -0.2864   -0.1104   -0.2542
   -0.1002
 PARAMETER VALUES,  CYCLE NUMBER 26,  AVDEV=   0.407
   31.5003    0.1430   46.7259    0.4791    0.1393    9.4658    7.4887
    3.5692    4.1739   21.3663   49.6230    0.0358   55.2766    0.0148
   57.5410    0.0075   55.4338    0.0000   56.4614    0.0000   -3.1575
   -7.2962   -7.5180    0.0000   -2.8289   -3.0377    0.0000   -1.6996
   -1.8416    0.0000   -1.1770   -1.2802   -0.2864   -0.1104   -0.2542
   -0.1002
 PARAMETER VALUES,  CYCLE NUMBER 27,  AVDEV=   0.409
   31.5009    0.1430   46.7096    0.5010    0.1469    9.5192    7.4399
    3.5922    4.1631   21.2927   49.6274    0.0358   55.2847    0.0148
   57.5658    0.0075   55.4336    0.0000   56.5558    0.0000   -3.1575
   -7.2962   -7.5180    0.0000   -2.8289   -3.0377    0.0000   -1.6996
   -1.8416    0.0000   -1.1770   -1.2802   -0.2864   -0.1104   -0.2542
   -0.1002
 PARAMETER VALUES,  CYCLE NUMBER 28,  AVDEV=   0.407
   31.5003    0.1430   46.7259    0.4791    0.1393    9.4659    7.4887
    3.5692    4.1739   21.3663   49.6230    0.0358   55.2766    0.0148
   57.5410    0.0075   55.4338    0.0000   56.4615    0.0000   -3.1575
   -7.2962   -7.5180    0.0000   -2.8289   -3.0377    0.0000   -1.6996
   -1.8416    0.0000   -1.1770   -1.2802   -0.2864   -0.1104   -0.2542
   -0.1002
 PARAMETER VALUES,  CYCLE NUMBER 29,  AVDEV=   0.409
   31.5009    0.1430   46.7097    0.5009    0.1469    9.5191    7.4399
    3.5921    4.1632   21.2928   49.6274    0.0358   55.2847    0.0148
   57.5658    0.0075   55.4336    0.0000   56.5556    0.0000   -3.1575
   -7.2962   -7.5180    0.0000   -2.8289   -3.0377    0.0000   -1.6996
   -1.8416    0.0000   -1.1770   -1.2802   -0.2864   -0.1104   -0.2542
   -0.1002
 PARAMETER VALUES,  CYCLE NUMBER 30,  AVDEV=   0.407
   31.5003    0.1430   46.7259    0.4791    0.1393    9.4659    7.4886
    3.5692    4.1739   21.3663   49.6230    0.0358   55.2766    0.0148
   57.5410    0.0075   55.4338    0.0000   56.4615    0.0000   -3.1575
   -7.2962   -7.5180    0.0000   -2.8289   -3.0377    0.0000   -1.6996
   -1.8416    0.0000   -1.1770   -1.2802   -0.2864   -0.1104   -0.2542
   -0.1002
 PARAMETER VALUES,  CYCLE NUMBER 31,  AVDEV=   0.409
   31.5009    0.1430   46.7097    0.5009    0.1469    9.5190    7.4400
    3.5921    4.1632   21.2930   49.6273    0.0358   55.2847    0.0148
   57.5658    0.0075   55.4336    0.0000   56.5554    0.0000   -3.1575
   -7.2962   -7.5180    0.0000   -2.8289   -3.0377    0.0000   -1.6996
   -1.8416    0.0000   -1.1770   -1.2802   -0.2864   -0.1104   -0.2542
   -0.1002
 PARAMETER VALUES,  CYCLE NUMBER 32,  AVDEV=   0.407
   31.5003    0.1430   46.7259    0.4791    0.1393    9.4659    7.4886
    3.5692    4.1739   21.3662   49.6230    0.0358   55.2766    0.0148
   57.5410    0.0075   55.4338    0.0000   56.4615    0.0000   -3.1575
   -7.2962   -7.5180    0.0000   -2.8289   -3.0377    0.0000   -1.6996
   -1.8416    0.0000   -1.1770   -1.2802   -0.2864   -0.1104   -0.2542
   -0.1002
 PARAMETER VALUES,  CYCLE NUMBER 33,  AVDEV=   0.409
   31.5009    0.1430   46.7097    0.5009    0.1469    9.5189    7.4400
    3.5920    4.1633   21.2931   49.6273    0.0358   55.2847    0.0148
   57.5657    0.0075   55.4336    0.0000   56.5552    0.0000   -3.1575
   -7.2962   -7.5180    0.0000   -2.8289   -3.0377    0.0000   -1.6996
   -1.8416    0.0000   -1.1770   -1.2802   -0.2864   -0.1104   -0.2542
   -0.1002
 PARAMETER VALUES,  CYCLE NUMBER 34,  AVDEV=   0.407
   31.5003    0.1430   46.7259    0.4791    0.1393    9.4659    7.4885
    3.5692    4.1739   21.3662   49.6230    0.0358   55.2766    0.0148
   57.5411    0.0075   55.4338    0.0000   56.4616    0.0000   -3.1575
   -7.2962   -7.5180    0.0000   -2.8289   -3.0377    0.0000   -1.6996
   -1.8416    0.0000   -1.1770   -1.2802   -0.2864   -0.1104   -0.2542
   -0.1002
 PARAMETER VALUES,  CYCLE NUMBER 35,  AVDEV=   0.409
   31.5009    0.1430   46.7098    0.5008    0.1469    9.5188    7.4401
    3.5920    4.1633   21.2932   49.6273    0.0358   55.2846    0.0148
   57.5657    0.0075   55.4336    0.0000   56.5551    0.0000   -3.1575
   -7.2962   -7.5180    0.0000   -2.8289   -3.0377    0.0000   -1.6996
   -1.8416    0.0000   -1.1770   -1.2802   -0.2864   -0.1104   -0.2542
   -0.1002
 PARAMETER VALUES,  CYCLE NUMBER 36,  AVDEV=   0.407
   31.5003    0.1430   46.7258    0.4791    0.1393    9.4660    7.4885
    3.5692    4.1739   21.3662   49.6230    0.0358   55.2766    0.0148
   57.5411    0.0075   55.4338    0.0000   56.4616    0.0000   -3.1575
   -7.2962   -7.5180    0.0000   -2.8289   -3.0377    0.0000   -1.6996
   -1.8416    0.0000   -1.1770   -1.2802   -0.2864   -0.1104   -0.2542
   -0.1002
 PARAMETER VALUES,  CYCLE NUMBER 37,  AVDEV=   0.409
   31.5009    0.1430   46.7098    0.5008    0.1469    9.5187    7.4401
    3.5920    4.1633   21.2933   49.6273    0.0358   55.2846    0.0148
   57.5657    0.0075   55.4336    0.0000   56.5549    0.0000   -3.1575
   -7.2962   -7.5180    0.0000   -2.8289   -3.0377    0.0000   -1.6996
   -1.8416    0.0000   -1.1770   -1.2802   -0.2864   -0.1104   -0.2542
   -0.1002
 PARAMETER VALUES,  CYCLE NUMBER 38,  AVDEV=   0.407
   31.5003    0.1430   46.7258    0.4791    0.1393    9.4660    7.4885
    3.5692    4.1739   21.3661   49.6230    0.0358   55.2766    0.0148
   57.5411    0.0075   55.4337    0.0000   56.4616    0.0000   -3.1575
   -7.2962   -7.5180    0.0000   -2.8289   -3.0377    0.0000   -1.6996
   -1.8416    0.0000   -1.1770   -1.2802   -0.2864   -0.1104   -0.2542
   -0.1002
 PARAMETER VALUES,  CYCLE NUMBER 39,  AVDEV=   0.409
   31.5009    0.1430   46.7098    0.5008    0.1468    9.5187    7.4402
    3.5919    4.1634   21.2934   49.6273    0.0358   55.2846    0.0148
   57.5656    0.0075   55.4336    0.0000   56.5548    0.0000   -3.1575
   -7.2962   -7.5180    0.0000   -2.8289   -3.0377    0.0000   -1.6996
   -1.8416    0.0000   -1.1770   -1.2802   -0.2864   -0.1104   -0.2542
   -0.1002
 PARAMETER VALUES,  CYCLE NUMBER 40,  AVDEV=   0.407
   31.5003    0.1430   46.7258    0.4791    0.1393    9.4660    7.4884
    3.5692    4.1739   21.3661   49.6230    0.0358   55.2766    0.0148
   57.5411    0.0075   55.4337    0.0000   56.4616    0.0000   -3.1575
   -7.2962   -7.5180    0.0000   -2.8289   -3.0377    0.0000   -1.6996
   -1.8416    0.0000   -1.1770   -1.2802   -0.2864   -0.1104   -0.2542
   -0.1002
 PARAMETER VALUES FOR RCG INPUT
Cu I  3d104p           31.5003   0.1430
Cu I  3d94s4p          46.7258   0.4791    0.1393    9.4660    7.4884 LS99999999
   3.5692    4.1739   21.3661
Cu I  3d105p           49.6230   0.0358
Cu I  3d106p           55.2766   0.0148
Cu I  3d107p           57.5411   0.0075
Cu I  3d104f           55.4337   0.0000
Cu I  3d105f           56.4616   0.0000
3d104p  -3d94s4p      -3.1575   -7.2962   -7.5180
3d94s4p -3d105p        0.0000   -2.8289   -3.0377
3d94s4p -3d106p        0.0000   -1.6996   -1.8416
3d94s4p -3d107p        0.0000   -1.1770   -1.2802
3d94s4p -3d104f       -0.2864   -0.1104
3d94s4p -3d105f       -0.2542   -0.1002

