Te I      5p4       5p36p     5p37p     5p34f     5p38p     5p35f   
 PARAMETER VALUES,  CYCLE NUMBER  0,  AVDEV=   0.532
    6.5316   33.6559    3.8540   67.9802   36.3993    4.4623    0.2322
    4.2402    0.8758    1.0108   77.8399   36.4625    4.4750    0.0760
    1.2321    0.2637    0.3132   79.4179   36.4939    4.4811    0.0001
    0.5726    0.0296    0.0190   80.4812   36.4817    4.4785    0.0355
    0.5442    0.1193    0.1434   82.1984   36.4953    4.4813    0.0000
    0.3019    0.0241    0.0155    0.7622    3.5052    0.4070    1.8468
   -0.8491    0.2706    1.2216   -0.7722    0.0000    1.8446    0.4802
    0.5615    0.9897   -0.0104    0.0000    1.1694    0.3227    0.3792
    0.7785   -0.0113    0.0865   -0.0022    0.0000    0.7500    0.1774
    0.2119    0.2085   -0.0030    0.0804   -0.0006    0.0000    0.3442
    0.0267    0.0172    0.0656   -0.0012
 PARAMETER VALUES,  CYCLE NUMBER  1,  AVDEV=   0.532
    6.5316   33.6557    3.8540   67.9802   36.3989    4.4624    0.2322
    4.2399    0.8758    1.0108   77.8354   36.4515    4.4731    0.0760
    1.2332    0.2637    0.3131   81.1173   40.8727    5.0385    0.0001
    0.5606    0.0294    0.0193   80.4812   36.4817    4.4785    0.0355
    0.5442    0.1193    0.1434   78.3481   26.4953    3.2782    0.0000
    0.2957    0.0241    0.0153    0.7622    3.5052    0.4070    1.8468
   -0.8491    0.2706    1.2216   -0.7722    0.0000    1.8446    0.4802
    0.5615    0.9897   -0.0104    0.0000    1.1694    0.3227    0.3792
    0.7785   -0.0113    0.0865   -0.0022    0.0000    0.7500    0.1774
    0.2119    0.2085   -0.0030    0.0804   -0.0006    0.0000    0.3442
    0.0267    0.0172    0.0656   -0.0012
 PARAMETER VALUES,  CYCLE NUMBER  2,  AVDEV=   0.531
    6.5317   33.6553    3.8540   67.9802   36.3983    4.4625    0.2323
    4.2393    0.8757    1.0107   77.8311   36.4403    4.4717    0.0760
    1.2350    0.2637    0.3130   77.2701   30.8727    3.8421    0.0001
    0.5431    0.0287    0.0202   80.4812   36.4817    4.4785    0.0355
    0.5442    0.1193    0.1434   81.9746   35.8081    4.4913    0.0000
    0.2879    0.0239    0.0152    0.7622    3.5052    0.4070    1.8468
   -0.8491    0.2706    1.2216   -0.7722    0.0000    1.8446    0.4802
    0.5615    0.9897   -0.0104    0.0000    1.1694    0.3227    0.3792
    0.7785   -0.0113    0.0865   -0.0022    0.0000    0.7500    0.1774
    0.2119    0.2085   -0.0030    0.0804   -0.0006    0.0000    0.3442
    0.0267    0.0172    0.0656   -0.0012
 PARAMETER VALUES,  CYCLE NUMBER  3,  AVDEV=   0.531
    6.5317   33.6550    3.8540   67.9802   36.3979    4.4626    0.2323
    4.2389    0.8757    1.0106   77.8245   36.4238    4.4691    0.0760
    1.2363    0.2638    0.3130   78.4927   34.0077    4.2541    0.0000
    0.5290    0.0283    0.0207   80.4812   36.4817    4.4785    0.0355
    0.5442    0.1193    0.1434   78.1200   25.8081    3.2777    0.0001
    0.2809    0.0239    0.0150    0.7622    3.5052    0.4070    1.8468
   -0.8491    0.2706    1.2216   -0.7722    0.0000    1.8446    0.4802
    0.5615    0.9897   -0.0104    0.0000    1.1694    0.3227    0.3792
    0.7785   -0.0113    0.0865   -0.0022    0.0000    0.7500    0.1774
    0.2119    0.2085   -0.0030    0.0804   -0.0006    0.0000    0.3442
    0.0267    0.0172    0.0656   -0.0012
 PARAMETER VALUES,  CYCLE NUMBER  4,  AVDEV=   0.531
    6.5317   33.6547    3.8541   67.9803   36.3974    4.4629    0.2324
    4.2386    0.8756    1.0106   77.8198   36.4126    4.4670    0.0760
    1.2379    0.2638    0.3129   81.1973   40.9660    5.1484    0.0000
    0.5147    0.0280    0.0211   80.4812   36.4817    4.4785    0.0355
    0.5442    0.1193    0.1434   74.2398   15.8081    2.0074    0.0001
    0.2718    0.0240    0.0148    0.7622    3.5052    0.4070    1.8468
   -0.8491    0.2706    1.2216   -0.7722    0.0000    1.8446    0.4802
    0.5615    0.9897   -0.0104    0.0000    1.1694    0.3227    0.3792
    0.7785   -0.0113    0.0865   -0.0022    0.0000    0.7500    0.1774
    0.2119    0.2085   -0.0030    0.0804   -0.0006    0.0000    0.3442
    0.0267    0.0172    0.0656   -0.0012
 PARAMETER VALUES,  CYCLE NUMBER  5,  AVDEV=   0.531
    6.5318   33.6539    3.8541   67.9803   36.3962    4.4630    0.2325
    4.2373    0.8755    1.0104   77.8018   36.3666    4.4606    0.0760
    1.2416    0.2638    0.3127   77.3587   30.9660    3.9700    0.0000
    0.4813    0.0265    0.0230   80.4812   36.4817    4.4785    0.0355
    0.5442    0.1193    0.1434   75.6979   19.4661    2.5575    0.0002
    0.2592    0.0233    0.0148    0.7622    3.5052    0.4070    1.8468
   -0.8491    0.2706    1.2216   -0.7722    0.0000    1.8446    0.4802
    0.5615    0.9897   -0.0104    0.0000    1.1694    0.3227    0.3792
    0.7785   -0.0113    0.0865   -0.0022    0.0000    0.7500    0.1774
    0.2119    0.2085   -0.0030    0.0804   -0.0006    0.0000    0.3442
    0.0267    0.0172    0.0656   -0.0012
 PARAMETER VALUES,  CYCLE NUMBER  6,  AVDEV=   0.530
    6.5320   33.6514    3.8542   67.9804   36.3920    4.4641    0.2330
    4.2334    0.8751    1.0099   77.7762   36.3027    4.4506    0.0760
    1.2544    0.2640    0.3119   73.5602   20.9660    2.8758    0.0000
    0.3799    0.0224    0.0281   80.4812   36.4817    4.4785    0.0355
    0.5442    0.1193    0.1434   78.9573   27.6040    3.8080    0.0004
    0.2070    0.0220    0.0143    0.7622    3.5052    0.4070    1.8468
   -0.8491    0.2706    1.2216   -0.7722    0.0000    1.8446    0.4802
    0.5615    0.9897   -0.0104    0.0000    1.1694    0.3227    0.3792
    0.7785   -0.0113    0.0865   -0.0022    0.0000    0.7500    0.1774
    0.2119    0.2085   -0.0030    0.0804   -0.0006    0.0000    0.3442
    0.0267    0.0172    0.0656   -0.0012
 PARAMETER VALUES,  CYCLE NUMBER  7,  AVDEV=   0.530
    6.5320   33.6508    3.8543   67.9806   36.3911    4.4644    0.2331
    4.2324    0.8750    1.0098   77.7497   36.2355    4.4411    0.0760
    1.2577    0.2640    0.3118   74.3588   22.9571    3.1819    0.0000
    0.3618    0.0212    0.0295   80.4812   36.4817    4.4785    0.0355
    0.5442    0.1193    0.1434   75.0656   17.6040    2.5101    0.0004
    0.1971    0.0212    0.0146    0.7622    3.5052    0.4070    1.8468
   -0.8491    0.2706    1.2216   -0.7722    0.0000    1.8446    0.4802
    0.5615    0.9897   -0.0104    0.0000    1.1694    0.3227    0.3792
    0.7785   -0.0113    0.0865   -0.0022    0.0000    0.7500    0.1774
    0.2119    0.2085   -0.0030    0.0804   -0.0006    0.0000    0.3442
    0.0267    0.0172    0.0656   -0.0012
 PARAMETER VALUES,  CYCLE NUMBER  8,  AVDEV=   0.529
    6.5321   33.6503    3.8543   67.9807   36.3903    4.4649    0.2332
    4.2317    0.8749    1.0097   77.7291   36.1836    4.4333    0.0760
    1.2606    0.2641    0.3116   76.5827   28.5708    3.9889    0.0000
    0.3474    0.0204    0.0305   80.4812   36.4817    4.4785    0.0355
    0.5442    0.1193    0.1434   71.1117    7.6040    1.0880    0.0005
    0.1825    0.0210    0.0146    0.7622    3.5052    0.4070    1.8468
   -0.8491    0.2706    1.2216   -0.7722    0.0000    1.8446    0.4802
    0.5615    0.9897   -0.0104    0.0000    1.1694    0.3227    0.3792
    0.7785   -0.0113    0.0865   -0.0022    0.0000    0.7500    0.1774
    0.2119    0.2085   -0.0030    0.0804   -0.0006    0.0000    0.3442
    0.0267    0.0172    0.0656   -0.0012
 PARAMETER VALUES,  CYCLE NUMBER  9,  AVDEV=   0.527
    6.5323   33.6401    3.8547   67.9809   36.3725    4.4709    0.2350
    4.2187    0.8729    1.0077   78.0284   36.9613    4.5263    0.0761
    1.2911    0.2644    0.3090   80.7921   38.5708    5.9130    0.0000
    0.1303    0.0097    0.0424   80.4814   36.4817    4.4785    0.0355
    0.5442    0.1193    0.1434   69.3730    3.1745    0.4837    0.0013
    0.0000    0.0165    0.0148    0.7622    3.5052    0.4070    1.8468
   -0.8491    0.2706    1.2216   -0.7722    0.0000    1.8446    0.4802
    0.5615    0.9897   -0.0104    0.0000    1.1694    0.3227    0.3792
    0.7785   -0.0113    0.0865   -0.0022    0.0000    0.7500    0.1774
    0.2119    0.2085   -0.0030    0.0804   -0.0006    0.0000    0.3442
    0.0267    0.0172    0.0656   -0.0012
 PARAMETER VALUES,  CYCLE NUMBER 10,  AVDEV=   0.530
    6.5325   33.6069    3.8560   67.9779   36.3135    4.4873    0.2402
    4.1795    0.8663    1.0011   79.8466   41.6632    5.1099    0.0765
    1.3586    0.2651    0.3010   85.9026   48.5707    9.3921    0.0000
    0.0000    0.0000    0.0571   80.4821   36.4817    4.4785    0.0355
    0.5442    0.1193    0.1434   68.8365    1.7049    0.3591    0.0037
    0.0000    0.0000    0.0492    0.7622    3.5052    0.4070    1.8468
   -0.8491    0.2706    1.2216   -0.7722    0.0000    1.8446    0.4802
    0.5615    0.9897   -0.0104    0.0000    1.1694    0.3227    0.3792
    0.7785   -0.0113    0.0865   -0.0022    0.0000    0.7500    0.1774
    0.2119    0.2085   -0.0030    0.0804   -0.0006    0.0000    0.3442
    0.0267    0.0172    0.0656   -0.0012
 PARAMETER VALUES,  CYCLE NUMBER 11,  AVDEV=   0.530
    6.5327   33.6051    3.8561   67.9780   36.3112    4.4876    0.2405
    4.1776    0.8657    1.0013   79.7939   41.5292    5.0909    0.0765
    1.3668    0.2653    0.3004   81.7964   38.5708    7.6857    0.0000
    0.0000    0.0000    0.0567   80.4821   36.4817    4.4785    0.0355
    0.5442    0.1193    0.1434   68.8410    1.7072    0.3643    0.0039
    0.0000    0.0000    0.0517    0.7622    3.5052    0.4070    1.8468
   -0.8491    0.2706    1.2216   -0.7722    0.0000    1.8446    0.4802
    0.5615    0.9897   -0.0104    0.0000    1.1694    0.3227    0.3792
    0.7785   -0.0113    0.0865   -0.0022    0.0000    0.7500    0.1774
    0.2119    0.2085   -0.0030    0.0804   -0.0006    0.0000    0.3442
    0.0267    0.0172    0.0656   -0.0012
 PARAMETER VALUES,  CYCLE NUMBER 12,  AVDEV=   0.529
    6.5329   33.6023    3.8563   67.9782   36.3075    4.4881    0.2409
    4.1744    0.8649    1.0016   79.7118   41.3210    5.0612    0.0765
    1.3804    0.2656    0.2994   77.6940   28.5708    5.9760    0.0000
    0.0000    0.0000    0.0558   80.4822   36.4817    4.4785    0.0355
    0.5442    0.1193    0.1434   68.8477    1.7113    0.3719    0.0041
    0.0000    0.0000    0.0556    0.7622    3.5052    0.4070    1.8468
   -0.8491    0.2706    1.2216   -0.7722    0.0000    1.8446    0.4802
    0.5615    0.9897   -0.0104    0.0000    1.1694    0.3227    0.3792
    0.7785   -0.0113    0.0865   -0.0022    0.0000    0.7500    0.1774
    0.2119    0.2085   -0.0030    0.0804   -0.0006    0.0000    0.3442
    0.0267    0.0172    0.0656   -0.0012
 PARAMETER VALUES,  CYCLE NUMBER 13,  AVDEV=   0.529
    6.5332   33.5971    3.8566   67.9785   36.3004    4.4892    0.2416
    4.1684    0.8635    1.0020   79.5819   40.9931    5.0131    0.0765
    1.4077    0.2662    0.2975   73.6034   18.5708    4.2643    0.0000
    0.0000    0.0000    0.0539   80.4822   36.4817    4.4785    0.0355
    0.5442    0.1193    0.1434   68.8587    1.7202    0.3831    0.0046
    0.0000    0.0000    0.0619    0.7622    3.5052    0.4070    1.8468
   -0.8491    0.2706    1.2216   -0.7722    0.0000    1.8446    0.4802
    0.5615    0.9897   -0.0104    0.0000    1.1694    0.3227    0.3792
    0.7785   -0.0113    0.0865   -0.0022    0.0000    0.7500    0.1774
    0.2119    0.2085   -0.0030    0.0804   -0.0006    0.0000    0.3442
    0.0267    0.0172    0.0656   -0.0012
 PARAMETER VALUES,  CYCLE NUMBER 14,  AVDEV=   0.532
    6.5339   33.5817    3.8573   67.9788   36.2787    4.4934    0.2435
    4.1503    0.8601    1.0012   79.7006   41.3179    5.0368    0.0766
    1.4828    0.2674    0.2924   69.6119    8.5708    2.6230    0.0000
    0.0000    0.0000    0.0473   80.4823   36.4817    4.4785    0.0355
    0.5442    0.1193    0.1434   68.8745    1.7358    0.3983    0.0058
    0.0000    0.0000    0.0760    0.7622    3.5052    0.4070    1.8468
   -0.8491    0.2706    1.2216   -0.7722    0.0000    1.8446    0.4802
    0.5615    0.9897   -0.0104    0.0000    1.1694    0.3227    0.3792
    0.7785   -0.0113    0.0865   -0.0022    0.0000    0.7500    0.1774
    0.2119    0.2085   -0.0030    0.0804   -0.0006    0.0000    0.3442
    0.0267    0.0172    0.0656   -0.0012
 PARAMETER VALUES,  CYCLE NUMBER 15,  AVDEV=   0.539
    6.5336   33.5381    3.8588   67.9731   36.2104    4.5082    0.2475
    4.0926    0.8532    0.9921   83.5713   51.3179    6.2878    0.0769
    1.5666    0.2673    0.2830   68.5925    4.9838    2.3295    0.0000
    0.0000    0.0000    0.0274   80.4832   36.4817    4.4785    0.0355
    0.5442    0.1193    0.1434   68.8884    1.8539    0.3766    0.0079
    0.0000    0.0000    0.0871    0.7622    3.5052    0.4070    1.8468
   -0.8491    0.2706    1.2216   -0.7722    0.0000    1.8446    0.4802
    0.5615    0.9897   -0.0104    0.0000    1.1694    0.3227    0.3792
    0.7785   -0.0113    0.0865   -0.0022    0.0000    0.7500    0.1774
    0.2119    0.2085   -0.0030    0.0804   -0.0006    0.0000    0.3442
    0.0267    0.0172    0.0656   -0.0012
 PARAMETER VALUES,  CYCLE NUMBER 16,  AVDEV=   0.790
    6.5359   33.5229    3.8601   67.9987   36.1980    4.5527    0.2500
    4.0424    0.8445    1.0032   79.6984   41.3179    5.0303    0.0772
    1.6619    0.2690    0.2782   68.8281    4.0415    2.5776    0.0000
    0.0000    0.0000    0.0207   80.4838   36.4817    4.4785    0.0355
    0.5442    0.1193    0.1434   68.2503    0.0000    1.3344    0.0063
    3.6343    0.0000    0.3718    0.7622    3.5052    0.4070    1.8468
   -0.8491    0.2706    1.2216   -0.7722    0.0000    1.8446    0.4802
    0.5615    0.9897   -0.0104    0.0000    1.1694    0.3227    0.3792
    0.7785   -0.0113    0.0865   -0.0022    0.0000    0.7500    0.1774
    0.2119    0.2085   -0.0030    0.0804   -0.0006    0.0000    0.3442
    0.0267    0.0172    0.0656   -0.0012
 PARAMETER VALUES,  CYCLE NUMBER 17,  AVDEV=   0.781
    6.5356   33.4812    3.8615   67.9823   36.1125    4.5577    0.2561
    3.9665    0.8359    0.9938   83.5845   51.3179    6.3167    0.0776
    1.6389    0.2683    0.2710   68.9615    3.3010    2.6984    0.0018
    0.0000    0.0000    0.0571   80.4852   36.4817    4.4785    0.0355
    0.5442    0.1193    0.1434   68.2189    0.1562    1.2717    0.0000
    3.7024    0.0000    0.0000    0.7622    3.5052    0.4070    1.8468
   -0.8491    0.2706    1.2216   -0.7722    0.0000    1.8446    0.4802
    0.5615    0.9897   -0.0104    0.0000    1.1694    0.3227    0.3792
    0.7785   -0.0113    0.0865   -0.0022    0.0000    0.7500    0.1774
    0.2119    0.2085   -0.0030    0.0804   -0.0006    0.0000    0.3442
    0.0267    0.0172    0.0656   -0.0012
 PARAMETER VALUES,  CYCLE NUMBER 18,  AVDEV=   0.773
    6.5353   33.4457    3.8627   67.9685   36.0348    4.5649    0.2611
    3.8822    0.8294    0.9856   87.4900   61.3179    7.6462    0.0780
    1.6063    0.2663    0.2694   69.0860    2.4284    2.7999    0.0031
    0.0000    0.0000    0.0841   80.4870   36.4817    4.4785    0.0355
    0.5442    0.1193    0.1434   68.2903    0.4662    1.2310    0.0000
    4.2867    0.0000    0.0000    0.7622    3.5052    0.4070    1.8468
   -0.8491    0.2706    1.2216   -0.7722    0.0000    1.8446    0.4802
    0.5615    0.9897   -0.0104    0.0000    1.1694    0.3227    0.3792
    0.7785   -0.0113    0.0865   -0.0022    0.0000    0.7500    0.1774
    0.2119    0.2085   -0.0030    0.0804   -0.0006    0.0000    0.3442
    0.0267    0.0172    0.0656   -0.0012
 PARAMETER VALUES,  CYCLE NUMBER 19,  AVDEV=   0.770
    6.5346   33.4274    3.8632   67.9664   36.0018    4.5774    0.2611
    3.8271    0.8311    0.9752   91.3984   71.3179    8.9814    0.0782
    1.5887    0.2638    0.2711   68.9168    1.6453    2.6880    0.0031
    0.0000    0.0000    0.0877   80.4878   36.4817    4.4785    0.0355
    0.5442    0.1193    0.1434   68.3436    0.6572    1.2154    0.0000
    4.6402    0.0468    0.0000    0.7622    3.5052    0.4070    1.8468
   -0.8491    0.2706    1.2216   -0.7722    0.0000    1.8446    0.4802
    0.5615    0.9897   -0.0104    0.0000    1.1694    0.3227    0.3792
    0.7785   -0.0113    0.0865   -0.0022    0.0000    0.7500    0.1774
    0.2119    0.2085   -0.0030    0.0804   -0.0006    0.0000    0.3442
    0.0267    0.0172    0.0656   -0.0012
 PARAMETER VALUES,  CYCLE NUMBER 20,  AVDEV=   0.759
    6.5367   33.4023    3.8648   67.9686   35.8981    4.6264    0.2624
    3.6084    0.8373    0.9562   87.6991   61.3179    8.1117    0.0790
    1.4156    0.2528    0.2938   68.3332    0.0000    2.2741    0.0024
    0.0000    0.0000    0.0811   80.4913   36.4817    4.4785    0.0355
    0.5442    0.1193    0.1434   68.5599    1.4136    1.1401    0.0000
    6.1006    0.1964    0.0000    0.7622    3.5052    0.4070    1.8468
   -0.8491    0.2706    1.2216   -0.7722    0.0000    1.8446    0.4802
    0.5615    0.9897   -0.0104    0.0000    1.1694    0.3227    0.3792
    0.7785   -0.0113    0.0865   -0.0022    0.0000    0.7500    0.1774
    0.2119    0.2085   -0.0030    0.0804   -0.0006    0.0000    0.3442
    0.0267    0.0172    0.0656   -0.0012
 PARAMETER VALUES,  CYCLE NUMBER 21,  AVDEV=   0.748
    6.5385   33.3919    3.8658   67.9876   35.8715    4.6700    0.2649
    3.5474    0.8324    0.9605   83.8256   51.3179    6.8528    0.0794
    1.3761    0.2513    0.2969   67.9811    0.0000    1.9699    0.0009
    0.0000    0.0000    0.0488   80.4929   36.4817    4.4785    0.0355
    0.5442    0.1193    0.1434   68.7762    1.9634    1.1589    0.0065
    7.1653    0.6705    0.1449    0.7622    3.5052    0.4070    1.8468
   -0.8491    0.2706    1.2216   -0.7722    0.0000    1.8446    0.4802
    0.5615    0.9897   -0.0104    0.0000    1.1694    0.3227    0.3792
    0.7785   -0.0113    0.0865   -0.0022    0.0000    0.7500    0.1774
    0.2119    0.2085   -0.0030    0.0804   -0.0006    0.0000    0.3442
    0.0267    0.0172    0.0656   -0.0012
 PARAMETER VALUES,  CYCLE NUMBER 22,  AVDEV=   0.748
    6.5399   33.3992    3.8660   67.9898   35.8696    4.6712    0.2654
    3.5334    0.8319    0.9656   79.9231   41.3179    5.5329    0.0795
    1.3492    0.2506    0.3013   67.9813    0.0000    1.9690    0.0013
    0.0000    0.0000    0.0575   80.4932   36.4817    4.4785    0.0355
    0.5442    0.1193    0.1434   68.7832    1.9800    1.1425    0.0000
    7.2456    0.6524    0.0318    0.7622    3.5052    0.4070    1.8468
   -0.8491    0.2706    1.2216   -0.7722    0.0000    1.8446    0.4802
    0.5615    0.9897   -0.0104    0.0000    1.1694    0.3227    0.3792
    0.7785   -0.0113    0.0865   -0.0022    0.0000    0.7500    0.1774
    0.2119    0.2085   -0.0030    0.0804   -0.0006    0.0000    0.3442
    0.0267    0.0172    0.0656   -0.0012
 PARAMETER VALUES,  CYCLE NUMBER 23,  AVDEV=   0.745
    6.5417   33.4026    3.8665   67.9952   35.8698    4.6730    0.2685
    3.5285    0.8266    0.9768   76.0047   31.3179    4.1788    0.0796
    1.3470    0.2516    0.3028   67.9829    0.0000    1.9646    0.0030
    0.0000    0.0000    0.0918   80.4935   36.4817    4.4785    0.0355
    0.5442    0.1193    0.1434   68.7817    1.9375    1.1231    0.0000
    7.2792    0.6379    0.0170    0.7622    3.5052    0.4070    1.8468
   -0.8491    0.2706    1.2216   -0.7722    0.0000    1.8446    0.4802
    0.5615    0.9897   -0.0104    0.0000    1.1694    0.3227    0.3792
    0.7785   -0.0113    0.0865   -0.0022    0.0000    0.7500    0.1774
    0.2119    0.2085   -0.0030    0.0804   -0.0006    0.0000    0.3442
    0.0267    0.0172    0.0656   -0.0012
 PARAMETER VALUES,  CYCLE NUMBER 24,  AVDEV=   0.697
    6.5545   33.1659    3.8793   68.1197   35.8124    4.7980    0.3655
    4.0194    0.6320    1.1591   71.7163   21.3180    2.0247    0.0793
    2.4489    0.3181    0.1333   68.0481    0.0000    1.7928    0.0426
    0.0000    0.0000    0.9796   80.4900   36.4817    4.4785    0.0355
    0.5442    0.1193    0.1434   69.0091    1.4737    1.0342    0.1131
    8.3751    1.9789    3.4350    0.7622    3.5052    0.4070    1.8468
   -0.8491    0.2706    1.2216   -0.7722    0.0000    1.8446    0.4802
    0.5615    0.9897   -0.0104    0.0000    1.1694    0.3227    0.3792
    0.7785   -0.0113    0.0865   -0.0022    0.0000    0.7500    0.1774
    0.2119    0.2085   -0.0030    0.0804   -0.0006    0.0000    0.3442
    0.0267    0.0172    0.0656   -0.0012
 PARAMETER VALUES,  CYCLE NUMBER 25,  AVDEV=   0.606
    6.5704   32.6727    3.9028   68.3436   34.9932    5.4453    0.3810
    3.7448    0.5514    1.1618   75.4617   31.3178    2.8591    0.0818
    5.2276    0.3420    0.0106   67.8796    0.0000    1.4911    0.0781
    0.0000    0.0381    2.8428   80.5045   36.4817    4.4785    0.0355
    0.5442    0.1193    0.1434   68.7844    0.0000    0.0756    0.0502
    8.3745    2.6671    4.7860    0.7622    3.5052    0.4070    1.8468
   -0.8491    0.2706    1.2216   -0.7722    0.0000    1.8446    0.4802
    0.5615    0.9897   -0.0104    0.0000    1.1694    0.3227    0.3792
    0.7785   -0.0113    0.0865   -0.0022    0.0000    0.7500    0.1774
    0.2119    0.2085   -0.0030    0.0804   -0.0006    0.0000    0.3442
    0.0267    0.0172    0.0656   -0.0012
 PARAMETER VALUES,  CYCLE NUMBER 26,  AVDEV=   0.590
    6.5700   32.6300    3.9042   68.2623   34.8785    5.3456    0.3818
    3.7270    0.5581    1.1265   79.2030   41.3178    3.7709    0.0796
    6.5449    0.3447    0.0000   67.8799    0.0000    1.4919    0.0750
    0.0000    0.0227    2.7290   80.5063   36.4817    4.4785    0.0355
    0.5442    0.1193    0.1434   68.9145    0.0000    0.0000    0.0827
    8.4951    3.5063    6.3417    0.7622    3.5052    0.4070    1.8468
   -0.8491    0.2706    1.2216   -0.7722    0.0000    1.8446    0.4802
    0.5615    0.9897   -0.0104    0.0000    1.1694    0.3227    0.3792
    0.7785   -0.0113    0.0865   -0.0022    0.0000    0.7500    0.1774
    0.2119    0.2085   -0.0030    0.0804   -0.0006    0.0000    0.3442
    0.0267    0.0172    0.0656   -0.0012
 PARAMETER VALUES,  CYCLE NUMBER 27,  AVDEV=   0.579
    6.5693   32.6003    3.9050   68.2236   34.8176    5.2985    0.3822
    3.7245    0.5617    1.1046   82.9286   51.3178    4.6307    0.0776
    7.8708    0.3520    0.0000   67.8843    0.0000    1.4944    0.0742
    0.0000    0.0162    2.6984   80.5071   36.4817    4.4785    0.0355
    0.5442    0.1193    0.1434   69.0257    0.0000    0.0000    0.1052
    8.6204    4.1708    7.6050    0.7622    3.5052    0.4070    1.8468
   -0.8491    0.2706    1.2216   -0.7722    0.0000    1.8446    0.4802
    0.5615    0.9897   -0.0104    0.0000    1.1694    0.3227    0.3792
    0.7785   -0.0113    0.0865   -0.0022    0.0000    0.7500    0.1774
    0.2119    0.2085   -0.0030    0.0804   -0.0006    0.0000    0.3442
    0.0267    0.0172    0.0656   -0.0012
 PARAMETER VALUES,  CYCLE NUMBER 28,  AVDEV=   0.571
    6.5687   32.5747    3.9057   68.2085   34.7716    5.2869    0.3831
    3.7182    0.5641    1.0866   86.6740   61.3177    5.5561    0.0769
    8.4539    0.3590    0.0000   67.8868    0.0000    1.4957    0.0729
    0.0000    0.0094    2.6718   80.5069   36.4817    4.4785    0.0355
    0.5442    0.1193    0.1434   69.0906    0.0000    0.0000    0.1144
    8.6690    4.5650    8.3965    0.7622    3.5052    0.4070    1.8468
   -0.8491    0.2706    1.2216   -0.7722    0.0000    1.8446    0.4802
    0.5615    0.9897   -0.0104    0.0000    1.1694    0.3227    0.3792
    0.7785   -0.0113    0.0865   -0.0022    0.0000    0.7500    0.1774
    0.2119    0.2085   -0.0030    0.0804   -0.0006    0.0000    0.3442
    0.0267    0.0172    0.0656   -0.0012
 PARAMETER VALUES,  CYCLE NUMBER 29,  AVDEV=   0.565
    6.5680   32.5557    3.9062   68.1979   34.7400    5.2789    0.3836
    3.7129    0.5655    1.0744   90.4240   71.3177    6.4965    0.0766
    8.7873    0.3650    0.0000   67.8886    0.0000    1.4966    0.0720
    0.0000    0.0053    2.6515   80.5075   36.4817    4.4785    0.0355
    0.5442    0.1193    0.1434   69.1328    0.0000    0.0000    0.1194
    8.7048    4.8134    8.8928    0.7622    3.5052    0.4070    1.8468
   -0.8491    0.2706    1.2216   -0.7722    0.0000    1.8446    0.4802
    0.5615    0.9897   -0.0104    0.0000    1.1694    0.3227    0.3792
    0.7785   -0.0113    0.0865   -0.0022    0.0000    0.7500    0.1774
    0.2119    0.2085   -0.0030    0.0804   -0.0006    0.0000    0.3442
    0.0267    0.0172    0.0656   -0.0012
 PARAMETER VALUES,  CYCLE NUMBER 30,  AVDEV=   0.561
    6.5673   32.5413    3.9065   68.1898   34.7187    5.2718    0.3837
    3.7110    0.5665    1.0660   94.1743   81.3177    7.4376    0.0764
    9.0218    0.3701    0.0000   67.8906    0.0000    1.4976    0.0714
    0.0000    0.0028    2.6385   80.5078   36.4817    4.4785    0.0355
    0.5442    0.1193    0.1434   69.1131    0.1165    0.0000    0.1284
    8.6706    4.7699    8.6923    0.7622    3.5052    0.4070    1.8468
   -0.8491    0.2706    1.2216   -0.7722    0.0000    1.8446    0.4802
    0.5615    0.9897   -0.0104    0.0000    1.1694    0.3227    0.3792
    0.7785   -0.0113    0.0865   -0.0022    0.0000    0.7500    0.1774
    0.2119    0.2085   -0.0030    0.0804   -0.0006    0.0000    0.3442
    0.0267    0.0172    0.0656   -0.0012
 PARAMETER VALUES,  CYCLE NUMBER 31,  AVDEV=   0.559
    6.5666   32.5287    3.9068   68.1835   34.7012    5.2665    0.3840
    3.7077    0.5674    1.0584   97.9226   91.3177    8.3716    0.0763
    9.2544    0.3745    0.0000   67.8931    0.0000    1.4991    0.0712
    0.0000    0.0007    2.6333   80.5081   36.4817    4.4785    0.0355
    0.5442    0.1193    0.1434   69.1458    0.0141    0.0000    0.1175
    8.6519    4.9675    9.3721    0.7622    3.5052    0.4070    1.8468
   -0.8491    0.2706    1.2216   -0.7722    0.0000    1.8446    0.4802
    0.5615    0.9897   -0.0104    0.0000    1.1694    0.3227    0.3792
    0.7785   -0.0113    0.0865   -0.0022    0.0000    0.7500    0.1774
    0.2119    0.2085   -0.0030    0.0804   -0.0006    0.0000    0.3442
    0.0267    0.0172    0.0656   -0.0012
 PARAMETER VALUES,  CYCLE NUMBER 32,  AVDEV=   0.558
    6.5661   32.5180    3.9071   68.1786   34.6871    5.2622    0.3844
    3.7052    0.5681    1.0520  101.6695  101.3177    9.3011    0.0762
    9.4654    0.3783    0.0000   67.8957    0.0000    1.5008    0.0712
    0.0000    0.0000    2.6310   80.5082   36.4817    4.4785    0.0355
    0.5442    0.1193    0.1434   69.1373    0.0639    0.0000    0.1005
    8.5361    4.9787    9.7952    0.7622    3.5052    0.4070    1.8468
   -0.8491    0.2706    1.2216   -0.7722    0.0000    1.8446    0.4802
    0.5615    0.9897   -0.0104    0.0000    1.1694    0.3227    0.3792
    0.7785   -0.0113    0.0865   -0.0022    0.0000    0.7500    0.1774
    0.2119    0.2085   -0.0030    0.0804   -0.0006    0.0000    0.3442
    0.0267    0.0172    0.0656   -0.0012
 PARAMETER VALUES,  CYCLE NUMBER 33,  AVDEV=   0.557
    6.5655   32.5092    3.9072   68.1755   34.6775    5.2595    0.3846
    3.7057    0.5688    1.0468  105.4178  111.3177   10.2349    0.0761
    9.6078    0.3816    0.0000   67.8976    0.0000    1.5021    0.0712
    0.0000    0.0000    2.6286   80.5076   36.4817    4.4785    0.0355
    0.5442    0.1193    0.1434   69.0135    0.5982    0.0000    0.0831
    8.2309    4.4896    9.2345    0.7622    3.5052    0.4070    1.8468
   -0.8491    0.2706    1.2216   -0.7722    0.0000    1.8446    0.4802
    0.5615    0.9897   -0.0104    0.0000    1.1694    0.3227    0.3792
    0.7785   -0.0113    0.0865   -0.0022    0.0000    0.7500    0.1774
    0.2119    0.2085   -0.0030    0.0804   -0.0006    0.0000    0.3442
    0.0267    0.0172    0.0656   -0.0012
 PARAMETER VALUES,  CYCLE NUMBER 34,  AVDEV=   0.555
    6.5650   32.5027    3.9073   68.1723   34.6714    5.2562    0.3846
    3.7077    0.5689    1.0441  109.1638  121.3177   11.1615    0.0761
    9.7264    0.3848    0.0000   67.8976    0.0004    1.5020    0.0710
    0.0000    0.0000    2.6188   80.5078   36.4817    4.4785    0.0355
    0.5442    0.1193    0.1434   68.6663    2.1446    0.0000    0.0718
    7.6247    2.8509    6.1773    0.7622    3.5052    0.4070    1.8468
   -0.8491    0.2706    1.2216   -0.7722    0.0000    1.8446    0.4802
    0.5615    0.9897   -0.0104    0.0000    1.1694    0.3227    0.3792
    0.7785   -0.0113    0.0865   -0.0022    0.0000    0.7500    0.1774
    0.2119    0.2085   -0.0030    0.0804   -0.0006    0.0000    0.3442
    0.0267    0.0172    0.0656   -0.0012
 PARAMETER VALUES,  CYCLE NUMBER 35,  AVDEV=   0.555
    6.5644   32.4971    3.9074   68.1713   34.6658    5.2567    0.3847
    3.7056    0.5693    1.0410  112.9237  131.3177   12.1318    0.0763
    9.6740    0.3864    0.0000   67.8983    0.0000    1.5025    0.0710
    0.0000    0.0000    2.6179   80.5076   36.4817    4.4785    0.0355
    0.5442    0.1193    0.1434   68.6700    2.7855    0.0000    0.0651
    7.8249    2.7852    6.1158    0.7622    3.5052    0.4070    1.8468
   -0.8491    0.2706    1.2216   -0.7722    0.0000    1.8446    0.4802
    0.5615    0.9897   -0.0104    0.0000    1.1694    0.3227    0.3792
    0.7785   -0.0113    0.0865   -0.0022    0.0000    0.7500    0.1774
    0.2119    0.2085   -0.0030    0.0804   -0.0006    0.0000    0.3442
    0.0267    0.0172    0.0656   -0.0012
 PARAMETER VALUES,  CYCLE NUMBER 36,  AVDEV=   0.554
    6.5639   32.4927    3.9074   68.1704   34.6613    5.2573    0.3847
    3.7030    0.5695    1.0387  116.6865  141.3177   13.1107    0.0765
    9.5911    0.3877    0.0000   67.8986    0.0000    1.5027    0.0710
    0.0000    0.0000    2.6170   80.5076   36.4817    4.4785    0.0355
    0.5442    0.1193    0.1434   68.7119    3.4447    0.0000    0.0625
    8.1802    2.8318    6.1663    0.7622    3.5052    0.4070    1.8468
   -0.8491    0.2706    1.2216   -0.7722    0.0000    1.8446    0.4802
    0.5615    0.9897   -0.0104    0.0000    1.1694    0.3227    0.3792
    0.7785   -0.0113    0.0865   -0.0022    0.0000    0.7500    0.1774
    0.2119    0.2085   -0.0030    0.0804   -0.0006    0.0000    0.3442
    0.0267    0.0172    0.0656   -0.0012
 PARAMETER VALUES,  CYCLE NUMBER 37,  AVDEV=   0.554
    6.5635   32.4888    3.9074   68.1692   34.6576    5.2571    0.3847
    3.7009    0.5697    1.0369  120.4489  151.3177   14.0877    0.0766
    9.5227    0.3887    0.0000   67.8988    0.0000    1.5029    0.0709
    0.0000    0.0000    2.6159   80.5077   36.4817    4.4785    0.0355
    0.5442    0.1193    0.1434   68.7662    3.9809    0.0000    0.0613
    8.5394    2.9142    6.2594    0.7622    3.5052    0.4070    1.8468
   -0.8491    0.2706    1.2216   -0.7722    0.0000    1.8446    0.4802
    0.5615    0.9897   -0.0104    0.0000    1.1694    0.3227    0.3792
    0.7785   -0.0113    0.0865   -0.0022    0.0000    0.7500    0.1774
    0.2119    0.2085   -0.0030    0.0804   -0.0006    0.0000    0.3442
    0.0267    0.0172    0.0656   -0.0012
 PARAMETER VALUES,  CYCLE NUMBER 38,  AVDEV=   0.554
    6.5630   32.4852    3.9074   68.1679   34.6542    5.2566    0.3847
    3.6992    0.5699    1.0352  124.2103  161.3177   15.0616    0.0767
    9.4717    0.3896    0.0000   67.8990    0.0000    1.5030    0.0709
    0.0000    0.0000    2.6146   80.5078   36.4817    4.4785    0.0355
    0.5442    0.1193    0.1434   68.8215    4.4350    0.0000    0.0599
    8.8726    2.9977    6.3581    0.7622    3.5052    0.4070    1.8468
   -0.8491    0.2706    1.2216   -0.7722    0.0000    1.8446    0.4802
    0.5615    0.9897   -0.0104    0.0000    1.1694    0.3227    0.3792
    0.7785   -0.0113    0.0865   -0.0022    0.0000    0.7500    0.1774
    0.2119    0.2085   -0.0030    0.0804   -0.0006    0.0000    0.3442
    0.0267    0.0172    0.0656   -0.0012
 PARAMETER VALUES,  CYCLE NUMBER 39,  AVDEV=   0.553
    6.5626   32.4819    3.9075   68.1666   34.6510    5.2559    0.3847
    3.6978    0.5700    1.0337  127.9710  171.3177   16.0328    0.0768
    9.4348    0.3905    0.0000   67.8992    0.0000    1.5032    0.0709
    0.0000    0.0000    2.6133   80.5079   36.4817    4.4785    0.0355
    0.5442    0.1193    0.1434   68.8747    4.8315    0.0000    0.0588
    9.1798    3.0741    6.4415    0.7622    3.5052    0.4070    1.8468
   -0.8491    0.2706    1.2216   -0.7722    0.0000    1.8446    0.4802
    0.5615    0.9897   -0.0104    0.0000    1.1694    0.3227    0.3792
    0.7785   -0.0113    0.0865   -0.0022    0.0000    0.7500    0.1774
    0.2119    0.2085   -0.0030    0.0804   -0.0006    0.0000    0.3442
    0.0267    0.0172    0.0656   -0.0012
 PARAMETER VALUES,  CYCLE NUMBER 40,  AVDEV=   0.553
    6.5623   32.4788    3.9075   68.1654   34.6479    5.2551    0.3846
    3.6964    0.5702    1.0322  131.7309  181.3177   17.0015    0.0769
    9.4090    0.3913    0.0000   67.8994    0.0000    1.5033    0.0708
    0.0000    0.0000    2.6119   80.5080   36.4817    4.4785    0.0355
    0.5442    0.1193    0.1434   68.9254    5.1857    0.0000    0.0577
    9.4646    3.1432    6.5112    0.7622    3.5052    0.4070    1.8468
   -0.8491    0.2706    1.2216   -0.7722    0.0000    1.8446    0.4802
    0.5615    0.9897   -0.0104    0.0000    1.1694    0.3227    0.3792
    0.7785   -0.0113    0.0865   -0.0022    0.0000    0.7500    0.1774
    0.2119    0.2085   -0.0030    0.0804   -0.0006    0.0000    0.3442
    0.0267    0.0172    0.0656   -0.0012
 PARAMETER VALUES FOR RCG INPUT
Te I  5p4               6.5623  32.4788    3.9075
Te I  5p36p            68.1654  34.6479    5.2551    0.3846    3.6964 LS99999999
   0.5702    1.0322
Te I  5p37p           131.7309 181.3177   17.0015    0.0769    9.4090 LS99999999
   0.3913    0.0000
Te I  5p34f            67.8994   0.0000    1.5033    0.0708    0.0000 LS99999999
   0.0000    2.6119
Te I  5p38p            80.5080  36.4817    4.4785    0.0355    0.5442 LS99999999
   0.1193    0.1434
Te I  5p35f            68.9254   5.1857    0.0000    0.0577    9.4646 LS99999999
   3.1432    6.5112
5p4     -5p36p         0.7622    3.5052
5p4     -5p37p         0.4070    1.8468
5p4     -5p34f        -0.8491
5p4     -5p38p         0.2706    1.2216
5p4     -5p35f        -0.7722
5p36p   -5p37p         0.0000    1.8446    0.4802    0.5615
5p36p   -5p34f         0.9897   -0.0104
5p36p   -5p38p         0.0000    1.1694    0.3227    0.3792
5p36p   -5p35f         0.7785   -0.0113
5p37p   -5p34f         0.0865   -0.0022
5p37p   -5p38p         0.0000    0.7500    0.1774    0.2119
5p37p   -5p35f         0.2085   -0.0030
5p34f   -5p38p         0.0804   -0.0006
5p34f   -5p35f         0.0000    0.3442    0.0267    0.0172
5p38p   -5p35f         0.0656   -0.0012

Te I      5p36s     5p35d     5p37s     5p36d     5p38s     5p37d   
 PARAMETER VALUES,  CYCLE NUMBER  0,  AVDEV=   0.885
   58.0639   35.9682    4.3945    2.2601   70.9280   36.0498    4.4024
    0.0271    8.2539    6.3404    3.7980   72.7567   36.3886    4.4619
    0.4807   77.7915   36.3691    4.4572    0.0095    2.3386    1.9451
    1.1855   78.6839   36.4562    4.4737    0.1935   80.9652   36.4414
    4.4704    0.0046    1.0517    0.9037    0.5540   -6.1144   -1.9056
    0.0000    1.0245   -2.5821   -0.9395    0.0000    0.6450   -1.5711
   -0.6125   -1.9812   -0.8894    0.0000    3.8347    3.4969    2.1141
   -1.1927   -0.5659    0.0000    2.4708    2.3765    1.4411   -1.4573
   -0.4532    0.0000    0.3048   -0.9328   -0.2985   -0.7570   -0.2905
    0.0000    1.4936    1.3253    0.8101   -0.5926   -0.1917
 PARAMETER VALUES,  CYCLE NUMBER  1,  AVDEV=   0.789
   58.1056   35.6064    4.4361    2.2670   70.1502   33.7099    4.1758
    0.0691    5.6306    7.3601    2.3036   72.7717   36.3886    4.4619
    0.4807   81.6568   46.3690    5.5695    0.0936    2.1230    2.7853
    0.0000   78.6477   36.4562    4.4737    0.1935   81.0174   36.4414
    4.4704    0.0046    1.0517    0.9037    0.5540   -6.1144   -1.9056
    0.0000    1.0245   -2.5821   -0.9395    0.0000    0.6450   -1.5711
   -0.6125   -1.9812   -0.8894    0.0000    3.8347    3.4969    2.1141
   -1.1927   -0.5659    0.0000    2.4708    2.3765    1.4411   -1.4573
   -0.4532    0.0000    0.3048   -0.9328   -0.2985   -0.7570   -0.2905
    0.0000    1.4936    1.3253    0.8101   -0.5926   -0.1917
 PARAMETER VALUES,  CYCLE NUMBER  2,  AVDEV=   0.780
   58.1089   35.5491    4.4479    2.2687   70.0907   33.4617    4.1968
    0.0726    5.2268    7.5038    2.0908   72.7735   36.3886    4.4619
    0.4807   85.4917   56.3689    6.7515    0.1019    1.9153    2.7715
    0.0000   78.6428   36.4562    4.4737    0.1935   81.0258   36.4414
    4.4704    0.0046    1.0517    0.9037    0.5540   -6.1144   -1.9056
    0.0000    1.0245   -2.5821   -0.9395    0.0000    0.6450   -1.5711
   -0.6125   -1.9812   -0.8894    0.0000    3.8347    3.4969    2.1141
   -1.1927   -0.5659    0.0000    2.4708    2.3765    1.4411   -1.4573
   -0.4532    0.0000    0.3048   -0.9328   -0.2985   -0.7570   -0.2905
    0.0000    1.4936    1.3253    0.8101   -0.5926   -0.1917
 PARAMETER VALUES,  CYCLE NUMBER  3,  AVDEV=   0.754
   58.1200   35.3751    4.4779    2.2748   70.0218   33.0702    4.2472
    0.0838    4.4215    7.7881    1.6654   72.7790   36.3886    4.4619
    0.4807   89.2773   66.3689    7.7933    0.1266    1.0649    2.8758
    0.0000   78.6286   36.4562    4.4737    0.1935   81.0538   36.4414
    4.4704    0.0046    1.0517    0.9037    0.5540   -6.1144   -1.9056
    0.0000    1.0245   -2.5821   -0.9395    0.0000    0.6450   -1.5711
   -0.6125   -1.9812   -0.8894    0.0000    3.8347    3.4969    2.1141
   -1.1927   -0.5659    0.0000    2.4708    2.3765    1.4411   -1.4573
   -0.4532    0.0000    0.3048   -0.9328   -0.2985   -0.7570   -0.2905
    0.0000    1.4936    1.3253    0.8101   -0.5926   -0.1917
 PARAMETER VALUES,  CYCLE NUMBER  4,  AVDEV=   0.751
   58.1228   35.3545    4.4814    2.2764   70.0300   33.0815    4.2500
    0.0858    4.4019    7.7740    1.6772   72.7797   36.3886    4.4619
    0.4807   85.4331   56.3689    6.5892    0.1296    0.8666    2.9255
    0.0000   78.6270   36.4562    4.4737    0.1935   81.0546   36.4414
    4.4704    0.0046    1.0517    0.9037    0.5540   -6.1144   -1.9056
    0.0000    1.0245   -2.5821   -0.9395    0.0000    0.6450   -1.5711
   -0.6125   -1.9812   -0.8894    0.0000    3.8347    3.4969    2.1141
   -1.1927   -0.5659    0.0000    2.4708    2.3765    1.4411   -1.4573
   -0.4532    0.0000    0.3048   -0.9328   -0.2985   -0.7570   -0.2905
    0.0000    1.4936    1.3253    0.8101   -0.5926   -0.1917
 PARAMETER VALUES,  CYCLE NUMBER  5,  AVDEV=   0.746
   58.1269   35.3158    4.4882    2.2789   70.0430   33.0948    4.2605
    0.0892    4.3798    7.7409    1.6973   72.7809   36.3886    4.4619
    0.4807   81.5848   46.3689    5.3653    0.1348    0.5275    3.0133
    0.0000   78.6242   36.4562    4.4737    0.1935   81.0569   36.4414
    4.4704    0.0046    1.0517    0.9037    0.5540   -6.1144   -1.9056
    0.0000    1.0245   -2.5821   -0.9395    0.0000    0.6450   -1.5711
   -0.6125   -1.9812   -0.8894    0.0000    3.8347    3.4969    2.1141
   -1.1927   -0.5659    0.0000    2.4708    2.3765    1.4411   -1.4573
   -0.4532    0.0000    0.3048   -0.9328   -0.2985   -0.7570   -0.2905
    0.0000    1.4936    1.3253    0.8101   -0.5926   -0.1917
 PARAMETER VALUES,  CYCLE NUMBER  6,  AVDEV=   0.733
   58.1345   35.2154    4.5069    2.2845   70.0642   33.0907    4.3007
    0.0967    4.3494    7.6381    1.7429   72.7837   36.3886    4.4619
    0.4807   77.7195   36.3689    4.0731    0.1474    0.0000    3.2224
    0.0000   78.6171   36.4562    4.4737    0.1935   81.0659   36.4414
    4.4704    0.0046    1.0517    0.9037    0.5540   -6.1144   -1.9056
    0.0000    1.0245   -2.5821   -0.9395    0.0000    0.6450   -1.5711
   -0.6125   -1.9812   -0.8894    0.0000    3.8347    3.4969    2.1141
   -1.1927   -0.5659    0.0000    2.4708    2.3765    1.4411   -1.4573
   -0.4532    0.0000    0.3048   -0.9328   -0.2985   -0.7570   -0.2905
    0.0000    1.4936    1.3253    0.8101   -0.5926   -0.1917
 PARAMETER VALUES,  CYCLE NUMBER  7,  AVDEV=   0.692
   58.1666   34.6780    4.6229    2.3136   70.0894   32.7991    4.5823
    0.1282    4.2944    6.9453    2.0337   72.7973   36.3886    4.4619
    0.4807   73.7421   26.3691    2.3112    0.2106    0.0000    4.3307
    0.0000   78.5815   36.4562    4.4737    0.1935   81.1328   36.4414
    4.4704    0.0046    1.0517    0.9037    0.5540   -6.1144   -1.9056
    0.0000    1.0245   -2.5821   -0.9395    0.0000    0.6450   -1.5711
   -0.6125   -1.9812   -0.8894    0.0000    3.8347    3.4969    2.1141
   -1.1927   -0.5659    0.0000    2.4708    2.3765    1.4411   -1.4573
   -0.4532    0.0000    0.3048   -0.9328   -0.2985   -0.7570   -0.2905
    0.0000    1.4936    1.3253    0.8101   -0.5926   -0.1917
 PARAMETER VALUES,  CYCLE NUMBER  8,  AVDEV=   0.728
   58.1925   34.1115    4.7922    2.3519   70.1830   32.7637    4.9542
    0.1336    5.7088    5.6068    2.9698   72.8072   36.3886    4.4619
    0.4807   72.6063   22.8968    1.6312    0.2629    0.0000    7.5723
    0.0000   78.5778   36.4562    4.4737    0.1935   81.1339   36.4414
    4.4704    0.0046    1.0517    0.9037    0.5540   -6.1144   -1.9056
    0.0000    1.0245   -2.5821   -0.9395    0.0000    0.6450   -1.5711
   -0.6125   -1.9812   -0.8894    0.0000    3.8347    3.4969    2.1141
   -1.1927   -0.5659    0.0000    2.4708    2.3765    1.4411   -1.4573
   -0.4532    0.0000    0.3048   -0.9328   -0.2985   -0.7570   -0.2905
    0.0000    1.4936    1.3253    0.8101   -0.5926   -0.1917
 PARAMETER VALUES,  CYCLE NUMBER  9,  AVDEV=   0.789
   58.2001   33.9016    4.8689    2.3661   70.1171   32.5286    5.0163
    0.1261    6.8379    5.1586    3.3456   72.8092   36.3886    4.4619
    0.4807   73.8250   25.7153    1.9526    0.2767    0.0000    9.6607
    0.0000   78.5690   36.4562    4.4737    0.1935   81.1371   36.4414
    4.4704    0.0046    1.0517    0.9037    0.5540   -6.1144   -1.9056
    0.0000    1.0245   -2.5821   -0.9395    0.0000    0.6450   -1.5711
   -0.6125   -1.9812   -0.8894    0.0000    3.8347    3.4969    2.1141
   -1.1927   -0.5659    0.0000    2.4708    2.3765    1.4411   -1.4573
   -0.4532    0.0000    0.3048   -0.9328   -0.2985   -0.7570   -0.2905
    0.0000    1.4936    1.3253    0.8101   -0.5926   -0.1917
 PARAMETER VALUES,  CYCLE NUMBER 10,  AVDEV=   0.860
   58.2147   33.7416    4.9426    2.3794   70.0897   32.3922    5.0744
    0.1186    7.5164    4.8541    3.5788   72.8108   36.3886    4.4619
    0.4807   74.7618   27.5620    2.2299    0.2865    0.0000   12.2066
    0.0000   78.5617   36.4562    4.4737    0.1935   81.1354   36.4414
    4.4704    0.0046    1.0517    0.9037    0.5540   -6.1144   -1.9056
    0.0000    1.0245   -2.5821   -0.9395    0.0000    0.6450   -1.5711
   -0.6125   -1.9812   -0.8894    0.0000    3.8347    3.4969    2.1141
   -1.1927   -0.5659    0.0000    2.4708    2.3765    1.4411   -1.4573
   -0.4532    0.0000    0.3048   -0.9328   -0.2985   -0.7570   -0.2905
    0.0000    1.4936    1.3253    0.8101   -0.5926   -0.1917
 PARAMETER VALUES,  CYCLE NUMBER 11,  AVDEV=   0.905
   58.2158   33.4060    5.0569    2.3974   70.0151   32.0710    5.1234
    0.1031    8.5317    4.4292    4.0449   72.8118   36.3886    4.4619
    0.4807   76.5424   32.5121    2.8245    0.3040    0.0000   12.6939
    0.0000   78.5515   36.4562    4.4737    0.1935   81.1371   36.4414
    4.4704    0.0046    1.0517    0.9037    0.5540   -6.1144   -1.9056
    0.0000    1.0245   -2.5821   -0.9395    0.0000    0.6450   -1.5711
   -0.6125   -1.9812   -0.8894    0.0000    3.8347    3.4969    2.1141
   -1.1927   -0.5659    0.0000    2.4708    2.3765    1.4411   -1.4573
   -0.4532    0.0000    0.3048   -0.9328   -0.2985   -0.7570   -0.2905
    0.0000    1.4936    1.3253    0.8101   -0.5926   -0.1917
 PARAMETER VALUES,  CYCLE NUMBER 12,  AVDEV=   0.748
   58.2217   32.2652    5.4490    2.4510   70.0217   31.7801    5.2020
    0.0582    7.9896    3.9158    4.4893   72.8161   36.3886    4.4619
    0.4807   73.7185   24.9929    2.3238    0.3920    9.9997    8.8296
    1.7529   78.5203   36.4562    4.4737    0.1935   81.1020   36.4414
    4.4704    0.0046    1.0517    0.9037    0.5540   -6.1144   -1.9056
    0.0000    1.0245   -2.5821   -0.9395    0.0000    0.6450   -1.5711
   -0.6125   -1.9812   -0.8894    0.0000    3.8347    3.4969    2.1141
   -1.1927   -0.5659    0.0000    2.4708    2.3765    1.4411   -1.4573
   -0.4532    0.0000    0.3048   -0.9328   -0.2985   -0.7570   -0.2905
    0.0000    1.4936    1.3253    0.8101   -0.5926   -0.1917
 PARAMETER VALUES,  CYCLE NUMBER 13,  AVDEV=   0.746
   58.2240   32.2355    5.4631    2.4531   70.0447   31.7944    5.2141
    0.0556    7.4882    3.9890    4.4559   72.8162   36.3886    4.4619
    0.4807   73.8831   26.0673    2.0558    0.3953   19.9997    7.1021
    3.3505   78.5196   36.4562    4.4737    0.1935   81.1004   36.4414
    4.4704    0.0046    1.0517    0.9037    0.5540   -6.1144   -1.9056
    0.0000    1.0245   -2.5821   -0.9395    0.0000    0.6450   -1.5711
   -0.6125   -1.9812   -0.8894    0.0000    3.8347    3.4969    2.1141
   -1.1927   -0.5659    0.0000    2.4708    2.3765    1.4411   -1.4573
   -0.4532    0.0000    0.3048   -0.9328   -0.2985   -0.7570   -0.2905
    0.0000    1.4936    1.3253    0.8101   -0.5926   -0.1917
 PARAMETER VALUES,  CYCLE NUMBER 14,  AVDEV=   0.740
   58.2296   32.1964    5.4850    2.4567   70.0399   31.7355    5.2214
    0.0509    7.2492    4.0094    4.4921   72.8163   36.3886    4.4619
    0.4807   75.1072   29.9229    1.9926    0.3936   29.9997    5.8765
    4.0682   78.5185   36.4562    4.4737    0.1935   81.1008   36.4414
    4.4704    0.0046    1.0517    0.9037    0.5540   -6.1144   -1.9056
    0.0000    1.0245   -2.5821   -0.9395    0.0000    0.6450   -1.5711
   -0.6125   -1.9812   -0.8894    0.0000    3.8347    3.4969    2.1141
   -1.1927   -0.5659    0.0000    2.4708    2.3765    1.4411   -1.4573
   -0.4532    0.0000    0.3048   -0.9328   -0.2985   -0.7570   -0.2905
    0.0000    1.4936    1.3253    0.8101   -0.5926   -0.1917
 PARAMETER VALUES,  CYCLE NUMBER 15,  AVDEV=   0.730
   58.2387   32.1614    5.5102    2.4613   70.0235   31.6703    5.2191
    0.0468    7.2614    4.0042    4.5299   72.8167   36.3886    4.4619
    0.4807   76.8153   34.9036    2.0134    0.3886   39.9997    5.1883
    4.3278   78.5171   36.4562    4.4737    0.1935   81.1016   36.4414
    4.4704    0.0046    1.0517    0.9037    0.5540   -6.1144   -1.9056
    0.0000    1.0245   -2.5821   -0.9395    0.0000    0.6450   -1.5711
   -0.6125   -1.9812   -0.8894    0.0000    3.8347    3.4969    2.1141
   -1.1927   -0.5659    0.0000    2.4708    2.3765    1.4411   -1.4573
   -0.4532    0.0000    0.3048   -0.9328   -0.2985   -0.7570   -0.2905
    0.0000    1.4936    1.3253    0.8101   -0.5926   -0.1917
 PARAMETER VALUES,  CYCLE NUMBER 16,  AVDEV=   0.717
   58.2512   32.1282    5.5390    2.4676   70.0025   31.6106    5.2037
    0.0445    7.5276    4.0276    4.5191   72.8177   36.3886    4.4619
    0.4807   78.9411   41.0191    2.1471    0.3790   49.9996    4.4658
    4.4813   78.5149   36.4562    4.4737    0.1935   81.1026   36.4414
    4.4704    0.0046    1.0517    0.9037    0.5540   -6.1144   -1.9056
    0.0000    1.0245   -2.5821   -0.9395    0.0000    0.6450   -1.5711
   -0.6125   -1.9812   -0.8894    0.0000    3.8347    3.4969    2.1141
   -1.1927   -0.5659    0.0000    2.4708    2.3765    1.4411   -1.4573
   -0.4532    0.0000    0.3048   -0.9328   -0.2985   -0.7570   -0.2905
    0.0000    1.4936    1.3253    0.8101   -0.5926   -0.1917
 PARAMETER VALUES,  CYCLE NUMBER 17,  AVDEV=   0.698
   58.2669   32.0501    5.5855    2.4774   69.9896   31.4827    5.2361
    0.0349    7.4396    4.0333    4.5608   72.8188   36.3886    4.4619
    0.4807   81.6357   48.7515    2.4324    0.3641   59.9996    3.3181
    4.8213   78.5120   36.4562    4.4737    0.1935   81.1081   36.4414
    4.4704    0.0046    1.0517    0.9037    0.5540   -6.1144   -1.9056
    0.0000    1.0245   -2.5821   -0.9395    0.0000    0.6450   -1.5711
   -0.6125   -1.9812   -0.8894    0.0000    3.8347    3.4969    2.1141
   -1.1927   -0.5659    0.0000    2.4708    2.3765    1.4411   -1.4573
   -0.4532    0.0000    0.3048   -0.9328   -0.2985   -0.7570   -0.2905
    0.0000    1.4936    1.3253    0.8101   -0.5926   -0.1917
 PARAMETER VALUES,  CYCLE NUMBER 18,  AVDEV=   0.680
   58.2893   31.9388    5.6517    2.4897   69.9557   31.3490    5.2652
    0.0215    7.4374    3.8607    4.7398   72.8201   36.3886    4.4619
    0.4807   84.2941   56.0002    2.6089    0.3593   69.9995    3.2842
    4.5587   78.5093   36.4562    4.4737    0.1935   81.1037   36.4414
    4.4704    0.0046    1.0517    0.9037    0.5540   -6.1144   -1.9056
    0.0000    1.0245   -2.5821   -0.9395    0.0000    0.6450   -1.5711
   -0.6125   -1.9812   -0.8894    0.0000    3.8347    3.4969    2.1141
   -1.1927   -0.5659    0.0000    2.4708    2.3765    1.4411   -1.4573
   -0.4532    0.0000    0.3048   -0.9328   -0.2985   -0.7570   -0.2905
    0.0000    1.4936    1.3253    0.8101   -0.5926   -0.1917
 PARAMETER VALUES,  CYCLE NUMBER 19,  AVDEV=   0.647
   58.3252   31.7526    5.7542    2.5115   70.0326   31.3716    5.3842
    0.0047    6.8327    3.8053    4.7625   72.8233   36.3886    4.4619
    0.4807   86.8760   63.1163    2.6982    0.3602   79.9994    2.9269
    4.2709   78.5042   36.4562    4.4737    0.1935   81.0943   36.4414
    4.4704    0.0046    1.0517    0.9037    0.5540   -6.1144   -1.9056
    0.0000    1.0245   -2.5821   -0.9395    0.0000    0.6450   -1.5711
   -0.6125   -1.9812   -0.8894    0.0000    3.8347    3.4969    2.1141
   -1.1927   -0.5659    0.0000    2.4708    2.3765    1.4411   -1.4573
   -0.4532    0.0000    0.3048   -0.9328   -0.2985   -0.7570   -0.2905
    0.0000    1.4936    1.3253    0.8101   -0.5926   -0.1917
 PARAMETER VALUES,  CYCLE NUMBER 20,  AVDEV=   0.608
   58.3687   31.5491    5.8640    2.5394   70.1977   31.6061    5.5293
    0.0000    6.0494    3.8928    4.5425   72.8279   36.3886    4.4619
    0.4807   89.3754   70.0199    2.6860    0.3698   89.9993    2.6967
    3.6205   78.4991   36.4562    4.4737    0.1935   81.0787   36.4414
    4.4704    0.0046    1.0517    0.9037    0.5540   -6.1144   -1.9056
    0.0000    1.0245   -2.5821   -0.9395    0.0000    0.6450   -1.5711
   -0.6125   -1.9812   -0.8894    0.0000    3.8347    3.4969    2.1141
   -1.1927   -0.5659    0.0000    2.4708    2.3765    1.4411   -1.4573
   -0.4532    0.0000    0.3048   -0.9328   -0.2985   -0.7570   -0.2905
    0.0000    1.4936    1.3253    0.8101   -0.5926   -0.1917
 PARAMETER VALUES,  CYCLE NUMBER 21,  AVDEV=   0.572
   58.4432   31.2326    6.0570    2.5801   70.1590   31.4469    5.5788
    0.0000    6.2523    3.5248    4.8761   72.8327   36.3886    4.4619
    0.4807   91.9042   76.7026    2.7885    0.3772   99.9991    2.9805
    2.7119   78.4895   36.4562    4.4737    0.1935   81.0680   36.4414
    4.4704    0.0046    1.0517    0.9037    0.5540   -6.1144   -1.9056
    0.0000    1.0245   -2.5821   -0.9395    0.0000    0.6450   -1.5711
   -0.6125   -1.9812   -0.8894    0.0000    3.8347    3.4969    2.1141
   -1.1927   -0.5659    0.0000    2.4708    2.3765    1.4411   -1.4573
   -0.4532    0.0000    0.3048   -0.9328   -0.2985   -0.7570   -0.2905
    0.0000    1.4936    1.3253    0.8101   -0.5926   -0.1917
 PARAMETER VALUES,  CYCLE NUMBER 22,  AVDEV=   0.558
   58.4824   31.0325    6.1683    2.5982   69.9624   31.0791    5.4821
    0.0000    7.1984    3.0821    5.3850   72.8338   36.3886    4.4619
    0.4807   94.6309   83.9045    3.0619    0.3613  109.9990    3.2716
    2.4755   78.4881   36.4562    4.4737    0.1935   81.0671   36.4414
    4.4704    0.0046    1.0517    0.9037    0.5540   -6.1144   -1.9056
    0.0000    1.0245   -2.5821   -0.9395    0.0000    0.6450   -1.5711
   -0.6125   -1.9812   -0.8894    0.0000    3.8347    3.4969    2.1141
   -1.1927   -0.5659    0.0000    2.4708    2.3765    1.4411   -1.4573
   -0.4532    0.0000    0.3048   -0.9328   -0.2985   -0.7570   -0.2905
    0.0000    1.4936    1.3253    0.8101   -0.5926   -0.1917
 PARAMETER VALUES,  CYCLE NUMBER 23,  AVDEV=   0.550
   58.5037   30.9237    6.2278    2.6070   69.7990   30.8697    5.3447
    0.0000    8.4630    2.8307    5.6257   72.8344   36.3886    4.4619
    0.4807   97.4066   91.1452    3.4587    0.3384  119.9990    3.8792
    2.0663   78.4873   36.4562    4.4737    0.1935   81.0638   36.4414
    4.4704    0.0046    1.0517    0.9037    0.5540   -6.1144   -1.9056
    0.0000    1.0245   -2.5821   -0.9395    0.0000    0.6450   -1.5711
   -0.6125   -1.9812   -0.8894    0.0000    3.8347    3.4969    2.1141
   -1.1927   -0.5659    0.0000    2.4708    2.3765    1.4411   -1.4573
   -0.4532    0.0000    0.3048   -0.9328   -0.2985   -0.7570   -0.2905
    0.0000    1.4936    1.3253    0.8101   -0.5926   -0.1917
 PARAMETER VALUES,  CYCLE NUMBER 24,  AVDEV=   0.544
   58.5168   30.8715    6.2596    2.6123   69.7255   30.7896    5.2790
    0.0000    9.2364    2.6946    5.7262   72.8349   36.3886    4.4619
    0.4807  100.1976   98.4512    3.8597    0.3199  129.9989    4.6179
    1.4478   78.4866   36.4562    4.4737    0.1935   81.0607   36.4414
    4.4704    0.0046    1.0517    0.9037    0.5540   -6.1144   -1.9056
    0.0000    1.0245   -2.5821   -0.9395    0.0000    0.6450   -1.5711
   -0.6125   -1.9812   -0.8894    0.0000    3.8347    3.4969    2.1141
   -1.1927   -0.5659    0.0000    2.4708    2.3765    1.4411   -1.4573
   -0.4532    0.0000    0.3048   -0.9328   -0.2985   -0.7570   -0.2905
    0.0000    1.4936    1.3253    0.8101   -0.5926   -0.1917
 PARAMETER VALUES,  CYCLE NUMBER 25,  AVDEV=   0.540
   58.5261   30.8453    6.2788    2.6160   69.6972   30.7622    5.2564
    0.0000    9.6587    2.6168    5.7709   72.8354   36.3886    4.4619
    0.4807  102.9973  105.8837    4.2040    0.3059  139.9989    5.2701
    0.8281   78.4860   36.4562    4.4737    0.1935   81.0564   36.4414
    4.4704    0.0046    1.0517    0.9037    0.5540   -6.1144   -1.9056
    0.0000    1.0245   -2.5821   -0.9395    0.0000    0.6450   -1.5711
   -0.6125   -1.9812   -0.8894    0.0000    3.8347    3.4969    2.1141
   -1.1927   -0.5659    0.0000    2.4708    2.3765    1.4411   -1.4573
   -0.4532    0.0000    0.3048   -0.9328   -0.2985   -0.7570   -0.2905
    0.0000    1.4936    1.3253    0.8101   -0.5926   -0.1917
 PARAMETER VALUES,  CYCLE NUMBER 26,  AVDEV=   0.515
   58.5996   30.4282    6.4867    2.6584   69.7678   30.8184    5.3629
    0.0000    9.4801    2.5262    5.7828   72.8399   36.3886    4.4619
    0.4807   99.8466   96.6038    4.1570    0.2941  129.9991    5.1009
    1.1062   78.4791   36.4562    4.4737    0.1935   81.1040   36.4414
    4.4704    0.0046    1.0517    0.9037    0.5540   -6.1144   -1.9056
    0.0000    1.0245   -2.5821   -0.9395    0.0000    0.6450   -1.5711
   -0.6125   -1.9812   -0.8894    0.0000    3.8347    3.4969    2.1141
   -1.1927   -0.5659    0.0000    2.4708    2.3765    1.4411   -1.4573
   -0.4532    0.0000    0.3048   -0.9328   -0.2985   -0.7570   -0.2905
    0.0000    1.4936    1.3253    0.8101   -0.5926   -0.1917
 PARAMETER VALUES,  CYCLE NUMBER 27,  AVDEV=   0.507
   58.6146   30.3714    6.5204    2.6646   69.7428   30.8024    5.3424
    0.0009    9.9415    2.4341    5.8223   72.8405   36.3886    4.4619
    0.4807  102.5754  103.7251    4.5207    0.2761  139.9991    5.9291
    0.3884   78.4783   36.4562    4.4737    0.1935   81.0981   36.4414
    4.4704    0.0046    1.0517    0.9037    0.5540   -6.1144   -1.9056
    0.0000    1.0245   -2.5821   -0.9395    0.0000    0.6450   -1.5711
   -0.6125   -1.9812   -0.8894    0.0000    3.8347    3.4969    2.1141
   -1.1927   -0.5659    0.0000    2.4708    2.3765    1.4411   -1.4573
   -0.4532    0.0000    0.3048   -0.9328   -0.2985   -0.7570   -0.2905
    0.0000    1.4936    1.3253    0.8101   -0.5926   -0.1917
 PARAMETER VALUES,  CYCLE NUMBER 28,  AVDEV=   0.504
   58.6408   30.2573    6.5828    2.6765   69.7425   30.8172    5.3502
    0.0000   10.2739    2.3397    5.8488   72.8416   36.3886    4.4619
    0.4807  105.2325  110.5834    4.8652    0.2589  149.9990    6.8779
    0.0000   78.4768   36.4562    4.4737    0.1935   81.0824   36.4414
    4.4704    0.0046    1.0517    0.9037    0.5540   -6.1144   -1.9056
    0.0000    1.0245   -2.5821   -0.9395    0.0000    0.6450   -1.5711
   -0.6125   -1.9812   -0.8894    0.0000    3.8347    3.4969    2.1141
   -1.1927   -0.5659    0.0000    2.4708    2.3765    1.4411   -1.4573
   -0.4532    0.0000    0.3048   -0.9328   -0.2985   -0.7570   -0.2905
    0.0000    1.4936    1.3253    0.8101   -0.5926   -0.1917
 PARAMETER VALUES,  CYCLE NUMBER 29,  AVDEV=   0.511
   58.6573   30.1981    6.6186    2.6832   69.7443   30.8249    5.3596
    0.0000   10.4748    2.2813    5.8616   72.8422   36.3886    4.4619
    0.4807  107.9669  117.8156    5.1811    0.2418  159.9990    7.5667
    0.0000   78.4759   36.4562    4.4737    0.1935   81.0748   36.4414
    4.4704    0.0046    1.0517    0.9037    0.5540   -6.1144   -1.9056
    0.0000    1.0245   -2.5821   -0.9395    0.0000    0.6450   -1.5711
   -0.6125   -1.9812   -0.8894    0.0000    3.8347    3.4969    2.1141
   -1.1927   -0.5659    0.0000    2.4708    2.3765    1.4411   -1.4573
   -0.4532    0.0000    0.3048   -0.9328   -0.2985   -0.7570   -0.2905
    0.0000    1.4936    1.3253    0.8101   -0.5926   -0.1917
 PARAMETER VALUES,  CYCLE NUMBER 30,  AVDEV=   0.520
   58.6694   30.1647    6.6420    2.6876   69.7470   30.8276    5.3704
    0.0001   10.6265    2.2377    5.8691   72.8427   36.3886    4.4619
    0.4807  110.7323  125.1828    5.4924    0.2268  169.9990    8.2085
    0.0000   78.4753   36.4562    4.4737    0.1935   81.0723   36.4414
    4.4704    0.0046    1.0517    0.9037    0.5540   -6.1144   -1.9056
    0.0000    1.0245   -2.5821   -0.9395    0.0000    0.6450   -1.5711
   -0.6125   -1.9812   -0.8894    0.0000    3.8347    3.4969    2.1141
   -1.1927   -0.5659    0.0000    2.4708    2.3765    1.4411   -1.4573
   -0.4532    0.0000    0.3048   -0.9328   -0.2985   -0.7570   -0.2905
    0.0000    1.4936    1.3253    0.8101   -0.5926   -0.1917
 PARAMETER VALUES,  CYCLE NUMBER 31,  AVDEV=   0.531
   58.6812   30.1352    6.6638    2.6916   69.7509   30.8294    5.3832
    0.0001   10.7444    2.1999    5.8728   72.8431   36.3886    4.4619
    0.4807  113.5056  132.5780    5.8049    0.2127  179.9989    8.8489
    0.0000   78.4746   36.4562    4.4737    0.1935   81.0706   36.4414
    4.4704    0.0046    1.0517    0.9037    0.5540   -6.1144   -1.9056
    0.0000    1.0245   -2.5821   -0.9395    0.0000    0.6450   -1.5711
   -0.6125   -1.9812   -0.8894    0.0000    3.8347    3.4969    2.1141
   -1.1927   -0.5659    0.0000    2.4708    2.3765    1.4411   -1.4573
   -0.4532    0.0000    0.3048   -0.9328   -0.2985   -0.7570   -0.2905
    0.0000    1.4936    1.3253    0.8101   -0.5926   -0.1917
 PARAMETER VALUES,  CYCLE NUMBER 32,  AVDEV=   0.543
   58.6928   30.1067    6.6853    2.6956   69.7546   30.8290    5.3966
    0.0000   10.8343    2.1669    5.8722   72.8435   36.3886    4.4619
    0.4807  116.2802  139.9732    6.1177    0.1992  189.9989    9.5005
    0.0000   78.4734   36.4562    4.4737    0.1935   81.0692   36.4414
    4.4704    0.0046    1.0517    0.9037    0.5540   -6.1144   -1.9056
    0.0000    1.0245   -2.5821   -0.9395    0.0000    0.6450   -1.5711
   -0.6125   -1.9812   -0.8894    0.0000    3.8347    3.4969    2.1141
   -1.1927   -0.5659    0.0000    2.4708    2.3765    1.4411   -1.4573
   -0.4532    0.0000    0.3048   -0.9328   -0.2985   -0.7570   -0.2905
    0.0000    1.4936    1.3253    0.8101   -0.5926   -0.1917
 PARAMETER VALUES,  CYCLE NUMBER 33,  AVDEV=   0.556
   58.7034   30.0766    6.7058    2.6994   69.7553   30.8239    5.4071
    0.0000   10.9012    2.1407    5.8647   72.8439   36.3886    4.4619
    0.4807  119.0330  147.3012    6.4107    0.1867  199.9989   10.1763
    0.0000   78.4682   36.4562    4.4737    0.1935   81.0679   36.4414
    4.4704    0.0046    1.0517    0.9037    0.5540   -6.1144   -1.9056
    0.0000    1.0245   -2.5821   -0.9395    0.0000    0.6450   -1.5711
   -0.6125   -1.9812   -0.8894    0.0000    3.8347    3.4969    2.1141
   -1.1927   -0.5659    0.0000    2.4708    2.3765    1.4411   -1.4573
   -0.4532    0.0000    0.3048   -0.9328   -0.2985   -0.7570   -0.2905
    0.0000    1.4936    1.3253    0.8101   -0.5926   -0.1917
 PARAMETER VALUES,  CYCLE NUMBER 34,  AVDEV=   0.569
   58.7148   30.0440    6.7279    2.7036   69.7544   30.8136    5.4179
    0.0000   10.9444    2.1174    5.8521   72.8443   36.3886    4.4619
    0.4807  121.7828  154.5968    6.7125    0.1743  209.9989   10.8883
    0.0000   78.4637   36.4562    4.4737    0.1935   81.0666   36.4414
    4.4704    0.0046    1.0517    0.9037    0.5540   -6.1144   -1.9056
    0.0000    1.0245   -2.5821   -0.9395    0.0000    0.6450   -1.5711
   -0.6125   -1.9812   -0.8894    0.0000    3.8347    3.4969    2.1141
   -1.1927   -0.5659    0.0000    2.4708    2.3765    1.4411   -1.4573
   -0.4532    0.0000    0.3048   -0.9328   -0.2985   -0.7570   -0.2905
    0.0000    1.4936    1.3253    0.8101   -0.5926   -0.1917
 PARAMETER VALUES,  CYCLE NUMBER 35,  AVDEV=   0.584
   58.7272   30.0061    6.7525    2.7080   69.7508   30.7961    5.4283
    0.0000   10.9629    2.0945    5.8368   72.8447   36.3886    4.4619
    0.4807  124.5202  161.8245    7.0197    0.1619  219.9989   11.6528
    0.0000   78.4591   36.4562    4.4737    0.1935   81.0652   36.4414
    4.4704    0.0046    1.0517    0.9037    0.5540   -6.1144   -1.9056
    0.0000    1.0245   -2.5821   -0.9395    0.0000    0.6450   -1.5711
   -0.6125   -1.9812   -0.8894    0.0000    3.8347    3.4969    2.1141
   -1.1927   -0.5659    0.0000    2.4708    2.3765    1.4411   -1.4573
   -0.4532    0.0000    0.3048   -0.9328   -0.2985   -0.7570   -0.2905
    0.0000    1.4936    1.3253    0.8101   -0.5926   -0.1917
 PARAMETER VALUES,  CYCLE NUMBER 36,  AVDEV=   0.601
   58.7412   29.9591    6.7812    2.7130   69.7421   30.7615    5.4402
    0.0000   10.9349    2.0647    5.8284   72.8452   36.3886    4.4619
    0.4807  127.2376  168.9484    7.3325    0.1495  229.9988   12.4917
    0.0000   78.4544   36.4562    4.4737    0.1935   81.0638   36.4414
    4.4704    0.0046    1.0517    0.9037    0.5540   -6.1144   -1.9056
    0.0000    1.0245   -2.5821   -0.9395    0.0000    0.6450   -1.5711
   -0.6125   -1.9812   -0.8894    0.0000    3.8347    3.4969    2.1141
   -1.1927   -0.5659    0.0000    2.4708    2.3765    1.4411   -1.4573
   -0.4532    0.0000    0.3048   -0.9328   -0.2985   -0.7570   -0.2905
    0.0000    1.4936    1.3253    0.8101   -0.5926   -0.1917
 PARAMETER VALUES,  CYCLE NUMBER 37,  AVDEV=   0.618
   58.7632   29.8901    6.8249    2.7193   69.7095   30.6354    5.4650
    0.0000   10.6973    1.9957    5.8586   72.8457   36.3886    4.4619
    0.4807  129.8661  175.6539    7.6564    0.1364  239.9988   13.5906
    0.0000   78.4488   36.4562    4.4737    0.1935   81.0628   36.4414
    4.4704    0.0046    1.0517    0.9037    0.5540   -6.1144   -1.9056
    0.0000    1.0245   -2.5821   -0.9395    0.0000    0.6450   -1.5711
   -0.6125   -1.9812   -0.8894    0.0000    3.8347    3.4969    2.1141
   -1.1927   -0.5659    0.0000    2.4708    2.3765    1.4411   -1.4573
   -0.4532    0.0000    0.3048   -0.9328   -0.2985   -0.7570   -0.2905
    0.0000    1.4936    1.3253    0.8101   -0.5926   -0.1917
 PARAMETER VALUES,  CYCLE NUMBER 38,  AVDEV=   0.635
   58.8035   29.7880    6.8984    2.7309   69.6912   30.5772    5.4877
    0.0002   10.5825    1.9277    5.8175   72.8468   36.3886    4.4619
    0.4807  132.0755  180.7081    7.9275    0.1183  249.9987   15.5100
    0.0000   78.4460   36.4562    4.4737    0.1935   81.0584   36.4414
    4.4704    0.0046    1.0517    0.9037    0.5540   -6.1144   -1.9056
    0.0000    1.0245   -2.5821   -0.9395    0.0000    0.6450   -1.5711
   -0.6125   -1.9812   -0.8894    0.0000    3.8347    3.4969    2.1141
   -1.1927   -0.5659    0.0000    2.4708    2.3765    1.4411   -1.4573
   -0.4532    0.0000    0.3048   -0.9328   -0.2985   -0.7570   -0.2905
    0.0000    1.4936    1.3253    0.8101   -0.5926   -0.1917
 PARAMETER VALUES,  CYCLE NUMBER 39,  AVDEV=   0.645
   58.8550   29.6518    6.9922    2.7439   69.6685   30.4783    5.5288
    0.0014   10.3525    1.8263    5.7978   72.8479   36.3886    4.4619
    0.4807  134.1822  185.2517    8.1811    0.0988  259.9987   17.6915
    0.0000   78.4414   36.4562    4.4737    0.1935   81.0542   36.4414
    4.4704    0.0046    1.0517    0.9037    0.5540   -6.1144   -1.9056
    0.0000    1.0245   -2.5821   -0.9395    0.0000    0.6450   -1.5711
   -0.6125   -1.9812   -0.8894    0.0000    3.8347    3.4969    2.1141
   -1.1927   -0.5659    0.0000    2.4708    2.3765    1.4411   -1.4573
   -0.4532    0.0000    0.3048   -0.9328   -0.2985   -0.7570   -0.2905
    0.0000    1.4936    1.3253    0.8101   -0.5926   -0.1917
 PARAMETER VALUES,  CYCLE NUMBER 40,  AVDEV=   0.644
   58.9252   29.5836    7.0891    2.7537   69.6726   30.4549    5.5825
    0.0076   10.2279    1.7054    5.7508   72.8492   36.3886    4.4619
    0.4807  136.1320  189.0942    8.3863    0.0755  269.9986   20.1626
    0.0000   78.4201   36.4562    4.4737    0.1935   81.0473   36.4414
    4.4704    0.0046    1.0517    0.9037    0.5540   -6.1144   -1.9056
    0.0000    1.0245   -2.5821   -0.9395    0.0000    0.6450   -1.5711
   -0.6125   -1.9812   -0.8894    0.0000    3.8347    3.4969    2.1141
   -1.1927   -0.5659    0.0000    2.4708    2.3765    1.4411   -1.4573
   -0.4532    0.0000    0.3048   -0.9328   -0.2985   -0.7570   -0.2905
    0.0000    1.4936    1.3253    0.8101   -0.5926   -0.1917
 PARAMETER VALUES FOR RCG INPUT
Te I  5p36s            58.9252  29.5836    7.0891    2.7537
Te I  5p35d            69.6726  30.4549    5.5825    0.0076   10.2279 LS99999999
   1.7054    5.7508
Te I  5p37s            72.8492  36.3886    4.4619    0.4807
Te I  5p36d           136.1320 189.0942    8.3863    0.0755  269.9986 LS99999999
  20.1626    0.0000
Te I  5p38s            78.4201  36.4562    4.4737    0.1935
Te I  5p37d            81.0473  36.4414    4.4704    0.0046    1.0517 LS99999999
   0.9037    0.5540
5p36s   -5p35d        -6.1144   -1.9056
5p36s   -5p37s         0.0000    1.0245
5p36s   -5p36d        -2.5821   -0.9395
5p36s   -5p38s         0.0000    0.6450
5p36s   -5p37d        -1.5711   -0.6125
5p35d   -5p37s        -1.9812   -0.8894
5p35d   -5p36d         0.0000    3.8347    3.4969    2.1141
5p35d   -5p38s        -1.1927   -0.5659
5p35d   -5p37d         0.0000    2.4708    2.3765    1.4411
5p37s   -5p36d        -1.4573   -0.4532
5p37s   -5p38s         0.0000    0.3048
5p37s   -5p37d        -0.9328   -0.2985
5p36d   -5p38s        -0.7570   -0.2905
5p36d   -5p37d         0.0000    1.4936    1.3253    0.8101
5p38s   -5p37d        -0.5926   -0.1917

