Kr I      4s24p6    4s24p55p  4s24p56p  4s24p57p  4s24p54f  4s24p55f
 PARAMETER VALUES,  CYCLE NUMBER  0,  AVDEV=   0.738
    0.4735   94.2683    3.3852    0.1111    4.0927    0.7298    0.8800
  104.8096    3.3907    0.0349    1.1239    0.2172    0.2664  108.4122
    3.3921    0.0159    0.4825    0.0968    0.1195  107.4494    3.3932
    0.0000    0.2872    0.0044    0.0028  109.8645    3.3932    0.0000
    0.1500    0.0037    0.0024    0.7684    3.6708    0.4116    1.9466
    0.2727    1.2857    0.3338    0.3069    0.0000    1.7877    0.3980
    0.4837    0.0000    1.1271    0.2656    0.3237   -0.5900   -0.0077
   -0.4894   -0.0066    0.0000    0.6865    0.1450    0.1785   -0.0025
   -0.0049   -0.0797   -0.0043   -0.0310   -0.0034   -0.0162   -0.0030
    0.0000    0.1703    0.0041    0.0026
 PARAMETER VALUES,  CYCLE NUMBER  1,  AVDEV=   0.609
    0.4753   94.3036    3.5292    0.1258    4.2887    0.6698    0.8997
  104.9293    3.5198    0.0690    1.1920    0.1562    0.4113  108.2444
    2.8798    0.0000    2.0736    0.1161    0.0000  107.3242    2.6850
    0.2133    0.0000    0.0000    4.6950  109.3421    2.1365    0.0000
    0.0687    0.0000    0.0000    0.7684    3.6708    0.4116    1.9466
    0.2727    1.2857    0.3338    0.3069    0.0000    1.7877    0.3980
    0.4837    0.0000    1.1271    0.2656    0.3237   -0.5900   -0.0077
   -0.4894   -0.0066    0.0000    0.6865    0.1450    0.1785   -0.0025
   -0.0049   -0.0797   -0.0043   -0.0310   -0.0034   -0.0162   -0.0030
    0.0000    0.1703    0.0041    0.0026
 PARAMETER VALUES,  CYCLE NUMBER  2,  AVDEV=   0.607
    0.4755   94.3104    3.5491    0.1347    4.3267    0.6594    0.9006
  104.9387    3.5231    0.0525    1.2621    0.1488    0.2038  108.2077
    2.7490    0.0000    1.2299    0.1270    0.0000  107.2560    2.3915
    0.1225    0.0000    0.0000    7.8853  109.2723    1.9189    0.0000
    0.0701    0.0000    0.0000    0.7684    3.6708    0.4116    1.9466
    0.2727    1.2857    0.3338    0.3069    0.0000    1.7877    0.3980
    0.4837    0.0000    1.1271    0.2656    0.3237   -0.5900   -0.0077
   -0.4894   -0.0066    0.0000    0.6865    0.1450    0.1785   -0.0025
   -0.0049   -0.0797   -0.0043   -0.0310   -0.0034   -0.0162   -0.0030
    0.0000    0.1703    0.0041    0.0026
 PARAMETER VALUES,  CYCLE NUMBER  3,  AVDEV=   0.605
    0.4754   94.3104    3.5489    0.1347    4.3276    0.6594    0.8995
  104.9394    3.5230    0.0537    1.2406    0.1482    0.2437  108.2095
    2.7629    0.0000    0.9298    0.1097    0.0000  107.2302    2.2063
    0.1087    0.0000    0.0000    9.4871  109.2711    1.9191    0.0000
    0.0718    0.0000    0.0000    0.7684    3.6708    0.4116    1.9466
    0.2727    1.2857    0.3338    0.3069    0.0000    1.7877    0.3980
    0.4837    0.0000    1.1271    0.2656    0.3237   -0.5900   -0.0077
   -0.4894   -0.0066    0.0000    0.6865    0.1450    0.1785   -0.0025
   -0.0049   -0.0797   -0.0043   -0.0310   -0.0034   -0.0162   -0.0030
    0.0000    0.1703    0.0041    0.0026
 PARAMETER VALUES,  CYCLE NUMBER  4,  AVDEV=   0.601
    0.4754   94.3104    3.5488    0.1347    4.3278    0.6594    0.8995
  104.9391    3.5225    0.0532    1.2397    0.1482    0.2414  108.2093
    2.7702    0.0000    0.7701    0.1017    0.0000  107.1869    1.9838
    0.0536    0.0000    0.0000   11.7081  109.2709    1.9189    0.0000
    0.0715    0.0000    0.0000    0.7684    3.6708    0.4116    1.9466
    0.2727    1.2857    0.3338    0.3069    0.0000    1.7877    0.3980
    0.4837    0.0000    1.1271    0.2656    0.3237   -0.5900   -0.0077
   -0.4894   -0.0066    0.0000    0.6865    0.1450    0.1785   -0.0025
   -0.0049   -0.0797   -0.0043   -0.0310   -0.0034   -0.0162   -0.0030
    0.0000    0.1703    0.0041    0.0026
 PARAMETER VALUES,  CYCLE NUMBER  5,  AVDEV=   0.596
    0.4754   94.3103    3.5488    0.1347    4.3279    0.6594    0.8995
  104.9391    3.5225    0.0533    1.2388    0.1481    0.2431  108.2093
    2.7734    0.0000    0.6951    0.0978    0.0000  107.1377    1.6957
    0.0000    0.0000    0.1399   13.8165  109.2701    1.9183    0.0000
    0.0754    0.0000    0.0000    0.7684    3.6708    0.4116    1.9466
    0.2727    1.2857    0.3338    0.3069    0.0000    1.7877    0.3980
    0.4837    0.0000    1.1271    0.2656    0.3237   -0.5900   -0.0077
   -0.4894   -0.0066    0.0000    0.6865    0.1450    0.1785   -0.0025
   -0.0049   -0.0797   -0.0043   -0.0310   -0.0034   -0.0162   -0.0030
    0.0000    0.1703    0.0041    0.0026
 PARAMETER VALUES,  CYCLE NUMBER  6,  AVDEV=   0.594
    0.4754   94.3103    3.5488    0.1347    4.3279    0.6594    0.8995
  104.9392    3.5227    0.0529    1.2385    0.1480    0.2418  108.2092
    2.7748    0.0000    0.6591    0.0959    0.0000  107.0786    1.4451
    0.0000    0.0000    0.3179   14.8286  109.2873    1.9344    0.0011
    0.1907    0.0000    0.0349    0.7684    3.6708    0.4116    1.9466
    0.2727    1.2857    0.3338    0.3069    0.0000    1.7877    0.3980
    0.4837    0.0000    1.1271    0.2656    0.3237   -0.5900   -0.0077
   -0.4894   -0.0066    0.0000    0.6865    0.1450    0.1785   -0.0025
   -0.0049   -0.0797   -0.0043   -0.0310   -0.0034   -0.0162   -0.0030
    0.0000    0.1703    0.0041    0.0026
 PARAMETER VALUES,  CYCLE NUMBER  7,  AVDEV=   0.596
    0.4754   94.3103    3.5488    0.1347    4.3279    0.6594    0.8995
  104.9392    3.5228    0.0523    1.2387    0.1479    0.2386  108.2092
    2.7755    0.0000    0.6418    0.0950    0.0000  107.0814    1.3961
    0.0000    0.0000    0.3591   15.3177  109.2632    1.9222    0.0012
    0.0670    0.0000    0.0000    0.7684    3.6708    0.4116    1.9466
    0.2727    1.2857    0.3338    0.3069    0.0000    1.7877    0.3980
    0.4837    0.0000    1.1271    0.2656    0.3237   -0.5900   -0.0077
   -0.4894   -0.0066    0.0000    0.6865    0.1450    0.1785   -0.0025
   -0.0049   -0.0797   -0.0043   -0.0310   -0.0034   -0.0162   -0.0030
    0.0000    0.1703    0.0041    0.0026
 PARAMETER VALUES,  CYCLE NUMBER  8,  AVDEV=   0.596
    0.4754   94.3103    3.5488    0.1347    4.3279    0.6594    0.8996
  104.9394    3.5231    0.0530    1.2377    0.1480    0.2437  108.2092
    2.7759    0.0000    0.6336    0.0946    0.0000  107.0772    1.3766
    0.0000    0.0000    0.3661   15.3974  109.2411    1.9150    0.0000
    0.1074    0.0000    0.0000    0.7684    3.6708    0.4116    1.9466
    0.2727    1.2857    0.3338    0.3069    0.0000    1.7877    0.3980
    0.4837    0.0000    1.1271    0.2656    0.3237   -0.5900   -0.0077
   -0.4894   -0.0066    0.0000    0.6865    0.1450    0.1785   -0.0025
   -0.0049   -0.0797   -0.0043   -0.0310   -0.0034   -0.0162   -0.0030
    0.0000    0.1703    0.0041    0.0026
 PARAMETER VALUES,  CYCLE NUMBER  9,  AVDEV=   0.596
    0.4754   94.3103    3.5488    0.1347    4.3279    0.6594    0.8995
  104.9390    3.5225    0.0510    1.2400    0.1478    0.2290  108.2091
    2.7760    0.0000    0.6294    0.0943    0.0000  107.0767    1.3733
    0.0000    0.0000    0.3668   15.4109  109.2749    1.9215    0.0007
    0.0811    0.0000    0.0000    0.7684    3.6708    0.4116    1.9466
    0.2727    1.2857    0.3338    0.3069    0.0000    1.7877    0.3980
    0.4837    0.0000    1.1271    0.2656    0.3237   -0.5900   -0.0077
   -0.4894   -0.0066    0.0000    0.6865    0.1450    0.1785   -0.0025
   -0.0049   -0.0797   -0.0043   -0.0310   -0.0034   -0.0162   -0.0030
    0.0000    0.1703    0.0041    0.0026
 PARAMETER VALUES,  CYCLE NUMBER 10,  AVDEV=   0.596
    0.4754   94.3103    3.5488    0.1347    4.3279    0.6594    0.8995
  104.9393    3.5229    0.0536    1.2373    0.1481    0.2478  108.2092
    2.7761    0.0000    0.6279    0.0943    0.0000  107.0763    1.3717
    0.0000    0.0000    0.3680   15.4170  109.2593    1.9191    0.0000
    0.0719    0.0000    0.0000    0.7684    3.6708    0.4116    1.9466
    0.2727    1.2857    0.3338    0.3069    0.0000    1.7877    0.3980
    0.4837    0.0000    1.1271    0.2656    0.3237   -0.5900   -0.0077
   -0.4894   -0.0066    0.0000    0.6865    0.1450    0.1785   -0.0025
   -0.0049   -0.0797   -0.0043   -0.0310   -0.0034   -0.0162   -0.0030
    0.0000    0.1703    0.0041    0.0026
 PARAMETER VALUES,  CYCLE NUMBER 11,  AVDEV=   0.596
    0.4754   94.3103    3.5488    0.1347    4.3279    0.6594    0.8995
  104.9390    3.5224    0.0522    1.2391    0.1480    0.2364  108.2092
    2.7761    0.0000    0.6267    0.0942    0.0000  107.0765    1.3722
    0.0000    0.0000    0.3672   15.4150  109.2732    1.9200    0.0003
    0.0753    0.0000    0.0000    0.7684    3.6708    0.4116    1.9466
    0.2727    1.2857    0.3338    0.3069    0.0000    1.7877    0.3980
    0.4837    0.0000    1.1271    0.2656    0.3237   -0.5900   -0.0077
   -0.4894   -0.0066    0.0000    0.6865    0.1450    0.1785   -0.0025
   -0.0049   -0.0797   -0.0043   -0.0310   -0.0034   -0.0162   -0.0030
    0.0000    0.1703    0.0041    0.0026
 PARAMETER VALUES,  CYCLE NUMBER 12,  AVDEV=   0.596
    0.4754   94.3103    3.5488    0.1347    4.3279    0.6594    0.8995
  104.9391    3.5226    0.0534    1.2378    0.1481    0.2457  108.2092
    2.7761    0.0000    0.6265    0.0942    0.0000  107.0764    1.3720
    0.0000    0.0000    0.3676   15.4156  109.2672    1.9191    0.0000
    0.0696    0.0000    0.0000    0.7684    3.6708    0.4116    1.9466
    0.2727    1.2857    0.3338    0.3069    0.0000    1.7877    0.3980
    0.4837    0.0000    1.1271    0.2656    0.3237   -0.5900   -0.0077
   -0.4894   -0.0066    0.0000    0.6865    0.1450    0.1785   -0.0025
   -0.0049   -0.0797   -0.0043   -0.0310   -0.0034   -0.0162   -0.0030
    0.0000    0.1703    0.0041    0.0026
 PARAMETER VALUES,  CYCLE NUMBER 13,  AVDEV=   0.596
    0.4754   94.3103    3.5488    0.1347    4.3279    0.6594    0.8995
  104.9390    3.5224    0.0529    1.2386    0.1481    0.2410  108.2092
    2.7762    0.0000    0.6262    0.0942    0.0000  107.0765    1.3724
    0.0000    0.0000    0.3672   15.4144  109.2724    1.9194    0.0000
    0.0712    0.0000    0.0000    0.7684    3.6708    0.4116    1.9466
    0.2727    1.2857    0.3338    0.3069    0.0000    1.7877    0.3980
    0.4837    0.0000    1.1271    0.2656    0.3237   -0.5900   -0.0077
   -0.4894   -0.0066    0.0000    0.6865    0.1450    0.1785   -0.0025
   -0.0049   -0.0797   -0.0043   -0.0310   -0.0034   -0.0162   -0.0030
    0.0000    0.1703    0.0041    0.0026
 PARAMETER VALUES,  CYCLE NUMBER 14,  AVDEV=   0.596
    0.4754   94.3103    3.5488    0.1347    4.3279    0.6594    0.8995
  104.9390    3.5224    0.0534    1.2380    0.1481    0.2447  108.2092
    2.7762    0.0000    0.6261    0.0942    0.0000  107.0765    1.3724
    0.0000    0.0000    0.3672   15.4143  109.2711    1.9190    0.0000
    0.0685    0.0000    0.0000    0.7684    3.6708    0.4116    1.9466
    0.2727    1.2857    0.3338    0.3069    0.0000    1.7877    0.3980
    0.4837    0.0000    1.1271    0.2656    0.3237   -0.5900   -0.0077
   -0.4894   -0.0066    0.0000    0.6865    0.1450    0.1785   -0.0025
   -0.0049   -0.0797   -0.0043   -0.0310   -0.0034   -0.0162   -0.0030
    0.0000    0.1703    0.0041    0.0026
 PARAMETER VALUES,  CYCLE NUMBER 15,  AVDEV=   0.596
    0.4754   94.3103    3.5488    0.1347    4.3279    0.6594    0.8995
  104.9390    3.5224    0.0533    1.2383    0.1481    0.2437  108.2092
    2.7762    0.0000    0.6260    0.0942    0.0000  107.0765    1.3725
    0.0000    0.0000    0.3672   15.4140  109.2720    1.9191    0.0000
    0.0686    0.0000    0.0000    0.7684    3.6708    0.4116    1.9466
    0.2727    1.2857    0.3338    0.3069    0.0000    1.7877    0.3980
    0.4837    0.0000    1.1271    0.2656    0.3237   -0.5900   -0.0077
   -0.4894   -0.0066    0.0000    0.6865    0.1450    0.1785   -0.0025
   -0.0049   -0.0797   -0.0043   -0.0310   -0.0034   -0.0162   -0.0030
    0.0000    0.1703    0.0041    0.0026
 PARAMETER VALUES FOR RCG INPUT
Kr I  4s24p6            0.4754
Kr I  4s24p55p         94.3103   3.5488    0.1347    4.3279    0.6594 LS99999999
   0.8995
Kr I  4s24p56p        104.9390   3.5224    0.0533    1.2383    0.1481 LS99999999
   0.2437
Kr I  4s24p57p        108.2092   2.7762    0.0000    0.6260    0.0942 LS99999999
   0.0000
Kr I  4s24p54f        107.0765   1.3725    0.0000    0.0000    0.3672 LS99999999
  15.4140
Kr I  4s24p55f        109.2720   1.9191    0.0000    0.0686    0.0000 LS99999999
   0.0000
4s24p6  -4s24p55p      0.7684    3.6708
4s24p6  -4s24p56p      0.4116    1.9466
4s24p6  -4s24p57p      0.2727    1.2857
4s24p6  -4s24p54f      0.3338
4s24p6  -4s24p55f      0.3069
4s24p55p-4s24p56p      0.0000    1.7877    0.3980    0.4837
4s24p55p-4s24p57p      0.0000    1.1271    0.2656    0.3237
4s24p55p-4s24p54f     -0.5900   -0.0077
4s24p55p-4s24p55f     -0.4894   -0.0066
4s24p56p-4s24p57p      0.0000    0.6865    0.1450    0.1785
4s24p56p-4s24p54f     -0.0025   -0.0049
4s24p56p-4s24p55f     -0.0797   -0.0043
4s24p57p-4s24p54f     -0.0310   -0.0034
4s24p57p-4s24p55f     -0.0162   -0.0030
4s24p54f-4s24p55f      0.0000    0.1703    0.0041    0.0026

Kr I      4s24p55s  4s24p56s  4s24p57s  4s24p54d  4s24p55d  4s24p56d
 PARAMETER VALUES,  CYCLE NUMBER  0,  AVDEV=   0.678
   82.2503    3.3585    2.2426  101.6195    3.3856    0.4684  107.4492
    3.3903    0.1838  100.2265    3.3727    0.0080    5.8052    4.1425
    2.4037  106.1007    3.3842    0.0037    2.2072    1.8201    1.0657
  108.7584    3.3887    0.0019    1.0579    0.9148    0.5376    0.0000
    1.0156    0.0000    0.6336   -4.9036   -1.0990   -2.6898   -0.6692
   -1.7516   -0.4562    0.0000    0.2933   -1.3976   -0.5066   -1.1859
   -0.3133   -0.8281   -0.2149   -0.8366   -0.3186   -0.6019   -0.1978
   -0.4822   -0.1359    0.0000    3.2844    2.7430    1.5989    0.0000
    2.2064    1.9427    1.1346    0.0000    1.4857    1.2902    0.7568
 PARAMETER VALUES,  CYCLE NUMBER  1,  AVDEV=   0.343
   82.2529    3.3585    2.2426  101.5117    3.8281    0.7486  107.4757
    3.6221    0.2477  100.1756    3.4976    0.0284    6.2685    3.0809
    2.9528  106.1138    2.1569    0.0000    3.6512    4.0870    1.1497
  108.4969    1.4976    0.1015    1.1248    0.0000    0.0000    0.0000
    1.0156    0.0000    0.6336   -4.9036   -1.0990   -2.6898   -0.6692
   -1.7516   -0.4562    0.0000    0.2933   -1.3976   -0.5066   -1.1859
   -0.3133   -0.8281   -0.2149   -0.8366   -0.3186   -0.6019   -0.1978
   -0.4822   -0.1359    0.0000    3.2844    2.7430    1.5989    0.0000
    2.2064    1.9427    1.1346    0.0000    1.4857    1.2902    0.7568
 PARAMETER VALUES,  CYCLE NUMBER  2,  AVDEV=   0.366
   82.2528    3.3585    2.2426  101.4714    3.8499    0.5697  107.4840
    3.6089    0.2981  100.2203    3.5457    0.0000    6.3769    3.6278
    2.9105  105.7604    1.6177    0.0424    2.4960    2.2878    2.0320
  108.5511    0.7098    0.0000    8.1247    1.1335    0.0000    0.0000
    1.0156    0.0000    0.6336   -4.9036   -1.0990   -2.6898   -0.6692
   -1.7516   -0.4562    0.0000    0.2933   -1.3976   -0.5066   -1.1859
   -0.3133   -0.8281   -0.2149   -0.8366   -0.3186   -0.6019   -0.1978
   -0.4822   -0.1359    0.0000    3.2844    2.7430    1.5989    0.0000
    2.2064    1.9427    1.1346    0.0000    1.4857    1.2902    0.7568
 PARAMETER VALUES,  CYCLE NUMBER  3,  AVDEV=   0.248
   82.2525    3.3585    2.2426  101.4965    3.8287    0.7126  107.4802
    3.6052    0.2794  100.2307    3.5689    0.0000    6.4103    3.7723
    2.8981  105.9718    2.2188    0.0000    2.8293    0.8552    1.4056
  108.6803    1.0750    0.0000    5.4694    0.8954    0.0000    0.0000
    1.0156    0.0000    0.6336   -4.9036   -1.0990   -2.6898   -0.6692
   -1.7516   -0.4562    0.0000    0.2933   -1.3976   -0.5066   -1.1859
   -0.3133   -0.8281   -0.2149   -0.8366   -0.3186   -0.6019   -0.1978
   -0.4822   -0.1359    0.0000    3.2844    2.7430    1.5989    0.0000
    2.2064    1.9427    1.1346    0.0000    1.4857    1.2902    0.7568
 PARAMETER VALUES,  CYCLE NUMBER  4,  AVDEV=   0.283
   82.2525    3.3585    2.2426  101.5303    3.8119    0.9233  107.4749
    3.6014    0.2350  100.1888    3.5139    0.0036    6.2701    3.2702
    2.9690  106.0825    2.2396    0.0000    2.9733    2.3013    1.5755
  108.4240    0.3959    0.0000    6.8151    0.3596    0.0000    0.0000
    1.0156    0.0000    0.6336   -4.9036   -1.0990   -2.6898   -0.6692
   -1.7516   -0.4562    0.0000    0.2933   -1.3976   -0.5066   -1.1859
   -0.3133   -0.8281   -0.2149   -0.8366   -0.3186   -0.6019   -0.1978
   -0.4822   -0.1359    0.0000    3.2844    2.7430    1.5989    0.0000
    2.2064    1.9427    1.1346    0.0000    1.4857    1.2902    0.7568
 PARAMETER VALUES,  CYCLE NUMBER  5,  AVDEV=   0.352
   82.2526    3.3585    2.2426  101.4501    3.8584    0.5059  107.4873
    3.6127    0.3274  100.2360    3.5537    0.0000    6.4032    3.8878
    2.9345  105.6870    1.6020    0.0026    2.5347    1.1653    1.3650
  108.9167    1.7529    0.0000    4.5319    1.5586    0.0000    0.0000
    1.0156    0.0000    0.6336   -4.9036   -1.0990   -2.6898   -0.6692
   -1.7516   -0.4562    0.0000    0.2933   -1.3976   -0.5066   -1.1859
   -0.3133   -0.8281   -0.2149   -0.8366   -0.3186   -0.6019   -0.1978
   -0.4822   -0.1359    0.0000    3.2844    2.7430    1.5989    0.0000
    2.2064    1.9427    1.1346    0.0000    1.4857    1.2902    0.7568
 PARAMETER VALUES,  CYCLE NUMBER  6,  AVDEV=   0.298
   82.2526    3.3585    2.2426  101.4728    3.8467    0.6061  107.4844
    3.6107    0.3040  100.2228    3.5402    0.0000    6.3674    3.7202
    2.9419  105.8537    1.8792    0.0000    2.6120    1.5536    1.5364
  108.4765    1.0560    0.0000    6.3884    1.2024    0.0000    0.0000
    1.0156    0.0000    0.6336   -4.9036   -1.0990   -2.6898   -0.6692
   -1.7516   -0.4562    0.0000    0.2933   -1.3976   -0.5066   -1.1859
   -0.3133   -0.8281   -0.2149   -0.8366   -0.3186   -0.6019   -0.1978
   -0.4822   -0.1359    0.0000    3.2844    2.7430    1.5989    0.0000
    2.2064    1.9427    1.1346    0.0000    1.4857    1.2902    0.7568
 PARAMETER VALUES,  CYCLE NUMBER  7,  AVDEV=   0.284
   82.2528    3.3585    2.2426  101.5026    3.8252    0.7627  107.4803
    3.6048    0.2620  100.2041    3.5264    0.0000    6.3588    3.4043
    2.8449  106.0257    2.0937    0.0000    3.0505    2.7498    1.4461
  108.4464    0.0000    0.0000    9.1768    0.8125    0.0000    0.0000
    1.0156    0.0000    0.6336   -4.9036   -1.0990   -2.6898   -0.6692
   -1.7516   -0.4562    0.0000    0.2933   -1.3976   -0.5066   -1.1859
   -0.3133   -0.8281   -0.2149   -0.8366   -0.3186   -0.6019   -0.1978
   -0.4822   -0.1359    0.0000    3.2844    2.7430    1.5989    0.0000
    2.2064    1.9427    1.1346    0.0000    1.4857    1.2902    0.7568
 PARAMETER VALUES,  CYCLE NUMBER  8,  AVDEV=   0.324
   82.2524    3.3585    2.2426  101.6999    3.6860    1.9368  107.4749
    3.6124    0.2582  100.1702    3.6058    0.0000    6.3221    2.8438
    3.0233  105.7729    1.7204    0.0608    2.0994    1.3285    1.8319
  108.9198    0.7818    0.0000    5.2419    2.1358    0.0000    0.0000
    1.0156    0.0000    0.6336   -4.9036   -1.0990   -2.6898   -0.6692
   -1.7516   -0.4562    0.0000    0.2933   -1.3976   -0.5066   -1.1859
   -0.3133   -0.8281   -0.2149   -0.8366   -0.3186   -0.6019   -0.1978
   -0.4822   -0.1359    0.0000    3.2844    2.7430    1.5989    0.0000
    2.2064    1.9427    1.1346    0.0000    1.4857    1.2902    0.7568
 PARAMETER VALUES,  CYCLE NUMBER  9,  AVDEV=   0.288
   82.2529    3.3585    2.2426  101.5109    3.7759    0.9957  107.5154
    3.6092    0.4899  100.1992    3.5166    0.0000    6.4492    3.4093
    2.8620  106.0458    2.1952    0.0000    3.1022    1.5569    0.4735
  108.4857    0.0000    0.0000    9.5897    1.6443    0.0000    0.0000
    1.0156    0.0000    0.6336   -4.9036   -1.0990   -2.6898   -0.6692
   -1.7516   -0.4562    0.0000    0.2933   -1.3976   -0.5066   -1.1859
   -0.3133   -0.8281   -0.2149   -0.8366   -0.3186   -0.6019   -0.1978
   -0.4822   -0.1359    0.0000    3.2844    2.7430    1.5989    0.0000
    2.2064    1.9427    1.1346    0.0000    1.4857    1.2902    0.7568
 PARAMETER VALUES,  CYCLE NUMBER 10,  AVDEV=   0.702
   82.2524    3.3585    2.2426  101.5956    3.7874    1.3082  107.4134
    3.5158    0.0000  100.2058    3.5788    0.0000    6.4306    3.3891
    2.9407  105.7522    1.7478    0.0209    2.2762    0.8858    1.9564
  109.1002    2.2999    0.0000    3.5959    1.1293    0.0000    0.0000
    1.0156    0.0000    0.6336   -4.9036   -1.0990   -2.6898   -0.6692
   -1.7516   -0.4562    0.0000    0.2933   -1.3976   -0.5066   -1.1859
   -0.3133   -0.8281   -0.2149   -0.8366   -0.3186   -0.6019   -0.1978
   -0.4822   -0.1359    0.0000    3.2844    2.7430    1.5989    0.0000
    2.2064    1.9427    1.1346    0.0000    1.4857    1.2902    0.7568
 PARAMETER VALUES,  CYCLE NUMBER 11,  AVDEV=   0.245
   82.2527    3.3585    2.2426  101.5493    3.7530    1.1210  107.5011
    3.6049    0.4076  100.1881    3.5263    0.0000    6.3425    3.2570
    2.9490  105.9636    2.0461    0.0000    2.6415    1.7110    1.1163
  108.5928    0.0000    0.0000    8.5581    2.1659    0.0000    0.0000
    1.0156    0.0000    0.6336   -4.9036   -1.0990   -2.6898   -0.6692
   -1.7516   -0.4562    0.0000    0.2933   -1.3976   -0.5066   -1.1859
   -0.3133   -0.8281   -0.2149   -0.8366   -0.3186   -0.6019   -0.1978
   -0.4822   -0.1359    0.0000    3.2844    2.7430    1.5989    0.0000
    2.2064    1.9427    1.1346    0.0000    1.4857    1.2902    0.7568
 PARAMETER VALUES,  CYCLE NUMBER 12,  AVDEV=   0.240
   82.2527    3.3585    2.2426  101.5560    3.7685    1.1501  107.4887
    3.6073    0.3331  100.1809    3.5183    0.0000    6.3437    3.1331
    2.9401  105.9584    1.9337    0.0000    2.7885    2.6046    1.0193
  108.6813    0.5827    0.0000    7.2567    1.0275    0.0000    0.0000
    1.0156    0.0000    0.6336   -4.9036   -1.0990   -2.6898   -0.6692
   -1.7516   -0.4562    0.0000    0.2933   -1.3976   -0.5066   -1.1859
   -0.3133   -0.8281   -0.2149   -0.8366   -0.3186   -0.6019   -0.1978
   -0.4822   -0.1359    0.0000    3.2844    2.7430    1.5989    0.0000
    2.2064    1.9427    1.1346    0.0000    1.4857    1.2902    0.7568
 PARAMETER VALUES,  CYCLE NUMBER 13,  AVDEV=   0.226
   82.2525    3.3585    2.2426  101.5583    3.7813    1.1982  107.4778
    3.6073    0.2482  100.2098    3.5683    0.0000    6.3980    3.4519
    2.8731  105.8807    2.0548    0.0000    2.6296    0.8039    1.1345
  108.6622    0.2861    0.0000    6.4590    1.4756    0.0000    0.0000
    1.0156    0.0000    0.6336   -4.9036   -1.0990   -2.6898   -0.6692
   -1.7516   -0.4562    0.0000    0.2933   -1.3976   -0.5066   -1.1859
   -0.3133   -0.8281   -0.2149   -0.8366   -0.3186   -0.6019   -0.1978
   -0.4822   -0.1359    0.0000    3.2844    2.7430    1.5989    0.0000
    2.2064    1.9427    1.1346    0.0000    1.4857    1.2902    0.7568
 PARAMETER VALUES,  CYCLE NUMBER 14,  AVDEV=   0.226
   82.2527    3.3585    2.2426  101.5595    3.7779    1.1979  107.4718
    3.5914    0.2145  100.1763    3.5021    0.0000    6.3379    3.0707
    2.9031  105.9727    2.0081    0.0000    3.0365    2.4204    0.9168
  108.6140    0.2799    0.0000    6.8433    0.6993    0.0000    0.0000
    1.0156    0.0000    0.6336   -4.9036   -1.0990   -2.6898   -0.6692
   -1.7516   -0.4562    0.0000    0.2933   -1.3976   -0.5066   -1.1859
   -0.3133   -0.8281   -0.2149   -0.8366   -0.3186   -0.6019   -0.1978
   -0.4822   -0.1359    0.0000    3.2844    2.7430    1.5989    0.0000
    2.2064    1.9427    1.1346    0.0000    1.4857    1.2902    0.7568
 PARAMETER VALUES,  CYCLE NUMBER 15,  AVDEV=   0.230
   82.2525    3.3585    2.2426  101.5559    3.7753    1.1755  107.4884
    3.6153    0.3199  100.2134    3.5786    0.0000    6.4031    3.4973
    2.8939  105.8713    2.0137    0.0000    2.4317    0.9094    1.1854
  108.6743    0.4219    0.0000    6.4279    1.5753    0.0000    0.0000
    1.0156    0.0000    0.6336   -4.9036   -1.0990   -2.6898   -0.6692
   -1.7516   -0.4562    0.0000    0.2933   -1.3976   -0.5066   -1.1859
   -0.3133   -0.8281   -0.2149   -0.8366   -0.3186   -0.6019   -0.1978
   -0.4822   -0.1359    0.0000    3.2844    2.7430    1.5989    0.0000
    2.2064    1.9427    1.1346    0.0000    1.4857    1.2902    0.7568
 PARAMETER VALUES,  CYCLE NUMBER 16,  AVDEV=   0.232
   82.2527    3.3585    2.2426  101.5622    3.7793    1.2082  107.4756
    3.6038    0.2392  100.1702    3.4921    0.0000    6.3212    3.0024
    2.9091  105.9952    2.0172    0.0000    3.1444    2.7149    0.8957
  108.6051    0.1997    0.0000    6.9976    0.5356    0.0000    0.0000
    1.0156    0.0000    0.6336   -4.9036   -1.0990   -2.6898   -0.6692
   -1.7516   -0.4562    0.0000    0.2933   -1.3976   -0.5066   -1.1859
   -0.3133   -0.8281   -0.2149   -0.8366   -0.3186   -0.6019   -0.1978
   -0.4822   -0.1359    0.0000    3.2844    2.7430    1.5989    0.0000
    2.2064    1.9427    1.1346    0.0000    1.4857    1.2902    0.7568
 PARAMETER VALUES,  CYCLE NUMBER 17,  AVDEV=   0.230
   82.2525    3.3585    2.2426  101.5550    3.7751    1.1682  107.4863
    3.6094    0.3062  100.2109    3.5768    0.0000    6.3916    3.4623
    2.9026  105.8810    2.0074    0.0000    2.3685    1.1412    1.2239
  108.6537    0.3957    0.0000    6.4095    1.5570    0.0000    0.0000
    1.0156    0.0000    0.6336   -4.9036   -1.0990   -2.6898   -0.6692
   -1.7516   -0.4562    0.0000    0.2933   -1.3976   -0.5066   -1.1859
   -0.3133   -0.8281   -0.2149   -0.8366   -0.3186   -0.6019   -0.1978
   -0.4822   -0.1359    0.0000    3.2844    2.7430    1.5989    0.0000
    2.2064    1.9427    1.1346    0.0000    1.4857    1.2902    0.7568
 PARAMETER VALUES,  CYCLE NUMBER 18,  AVDEV=   0.249
   82.2527    3.3585    2.2426  101.5632    3.7793    1.2037  107.4767
    3.6060    0.2464  100.1694    3.4930    0.0000    6.3299    2.9774
    2.8951  106.0187    2.0253    0.0000    3.1962    3.0526    0.9565
  108.5909    0.2541    0.0000    6.8968    0.2475    0.0000    0.0000
    1.0156    0.0000    0.6336   -4.9036   -1.0990   -2.6898   -0.6692
   -1.7516   -0.4562    0.0000    0.2933   -1.3976   -0.5066   -1.1859
   -0.3133   -0.8281   -0.2149   -0.8366   -0.3186   -0.6019   -0.1978
   -0.4822   -0.1359    0.0000    3.2844    2.7430    1.5989    0.0000
    2.2064    1.9427    1.1346    0.0000    1.4857    1.2902    0.7568
 PARAMETER VALUES,  CYCLE NUMBER 19,  AVDEV=   0.229
   82.2524    3.3585    2.2426  101.5551    3.7761    1.1652  107.4854
    3.6085    0.3008  100.2068    3.5711    0.0000    6.3741    3.4140
    2.9155  105.8931    2.0134    0.0000    2.3491    1.3117    1.3074
  108.6623    0.4066    0.0000    6.3610    1.5511    0.0000    0.0000
    1.0156    0.0000    0.6336   -4.9036   -1.0990   -2.6898   -0.6692
   -1.7516   -0.4562    0.0000    0.2933   -1.3976   -0.5066   -1.1859
   -0.3133   -0.8281   -0.2149   -0.8366   -0.3186   -0.6019   -0.1978
   -0.4822   -0.1359    0.0000    3.2844    2.7430    1.5989    0.0000
    2.2064    1.9427    1.1346    0.0000    1.4857    1.2902    0.7568
 PARAMETER VALUES,  CYCLE NUMBER 20,  AVDEV=   0.270
   82.2527    3.3585    2.2426  101.5629    3.7796    1.1965  107.4773
    3.6066    0.2498  100.1692    3.4946    0.0000    6.3364    2.9653
    2.8838  106.0398    2.0311    0.0000    3.2212    3.3486    0.9772
  108.5695    0.2526    0.0000    6.8947    0.0128    0.0000    0.0000
    1.0156    0.0000    0.6336   -4.9036   -1.0990   -2.6898   -0.6692
   -1.7516   -0.4562    0.0000    0.2933   -1.3976   -0.5066   -1.1859
   -0.3133   -0.8281   -0.2149   -0.8366   -0.3186   -0.6019   -0.1978
   -0.4822   -0.1359    0.0000    3.2844    2.7430    1.5989    0.0000
    2.2064    1.9427    1.1346    0.0000    1.4857    1.2902    0.7568
 PARAMETER VALUES,  CYCLE NUMBER 21,  AVDEV=   0.232
   82.2525    3.3585    2.2426  101.5558    3.7768    1.1644  107.4848
    3.6082    0.2972  100.2020    3.5630    0.0000    6.3607    3.3553
    2.9256  105.8967    2.0138    0.0000    2.3524    1.3928    1.3628
  108.6786    0.3731    0.0000    6.4114    1.7869    0.0000    0.0000
    1.0156    0.0000    0.6336   -4.9036   -1.0990   -2.6898   -0.6692
   -1.7516   -0.4562    0.0000    0.2933   -1.3976   -0.5066   -1.1859
   -0.3133   -0.8281   -0.2149   -0.8366   -0.3186   -0.6019   -0.1978
   -0.4822   -0.1359    0.0000    3.2844    2.7430    1.5989    0.0000
    2.2064    1.9427    1.1346    0.0000    1.4857    1.2902    0.7568
 PARAMETER VALUES,  CYCLE NUMBER 22,  AVDEV=   0.265
   82.2527    3.3585    2.2426  101.5612    3.7795    1.1946  107.4783
    3.6073    0.2562  100.1741    3.5028    0.0000    6.3384    3.0375
    2.8891  106.0313    2.0169    0.0000    3.1407    3.2321    0.9814
  108.5698    0.3010    0.0000    6.8451    0.0000    0.0000    0.0000
    1.0156    0.0000    0.6336   -4.9036   -1.0990   -2.6898   -0.6692
   -1.7516   -0.4562    0.0000    0.2933   -1.3976   -0.5066   -1.1859
   -0.3133   -0.8281   -0.2149   -0.8366   -0.3186   -0.6019   -0.1978
   -0.4822   -0.1359    0.0000    3.2844    2.7430    1.5989    0.0000
    2.2064    1.9427    1.1346    0.0000    1.4857    1.2902    0.7568
 PARAMETER VALUES,  CYCLE NUMBER 23,  AVDEV=   0.233
   82.2525    3.3585    2.2426  101.5566    3.7770    1.1649  107.4841
    3.6078    0.2926  100.2010    3.5610    0.0000    6.3608    3.3383
    2.9214  105.8970    2.0235    0.0000    2.4222    1.3737    1.3646
  108.6873    0.3782    0.0000    6.4134    1.8213    0.0000    0.0000
    1.0156    0.0000    0.6336   -4.9036   -1.0990   -2.6898   -0.6692
   -1.7516   -0.4562    0.0000    0.2933   -1.3976   -0.5066   -1.1859
   -0.3133   -0.8281   -0.2149   -0.8366   -0.3186   -0.6019   -0.1978
   -0.4822   -0.1359    0.0000    3.2844    2.7430    1.5989    0.0000
    2.2064    1.9427    1.1346    0.0000    1.4857    1.2902    0.7568
 PARAMETER VALUES,  CYCLE NUMBER 24,  AVDEV=   0.260
   82.2527    3.3585    2.2426  101.5604    3.7794    1.1941  107.4787
    3.6075    0.2592  100.1759    3.5056    0.0000    6.3388    3.0627
    2.8910  106.0252    2.0107    0.0000    3.0877    3.1466    0.9848
  108.5708    0.2911    0.0000    6.8688    0.0440    0.0000    0.0000
    1.0156    0.0000    0.6336   -4.9036   -1.0990   -2.6898   -0.6692
   -1.7516   -0.4562    0.0000    0.2933   -1.3976   -0.5066   -1.1859
   -0.3133   -0.8281   -0.2149   -0.8366   -0.3186   -0.6019   -0.1978
   -0.4822   -0.1359    0.0000    3.2844    2.7430    1.5989    0.0000
    2.2064    1.9427    1.1346    0.0000    1.4857    1.2902    0.7568
 PARAMETER VALUES,  CYCLE NUMBER 25,  AVDEV=   0.231
   82.2525    3.3585    2.2426  101.5569    3.7768    1.1664  107.4838
    3.6077    0.2906  100.2014    3.5614    0.0000    6.3629    3.3426
    2.9197  105.8962    2.0237    0.0000    2.4529    1.3647    1.3392
  108.6852    0.3854    0.0000    6.3939    1.7718    0.0000    0.0000
    1.0156    0.0000    0.6336   -4.9036   -1.0990   -2.6898   -0.6692
   -1.7516   -0.4562    0.0000    0.2933   -1.3976   -0.5066   -1.1859
   -0.3133   -0.8281   -0.2149   -0.8366   -0.3186   -0.6019   -0.1978
   -0.4822   -0.1359    0.0000    3.2844    2.7430    1.5989    0.0000
    2.2064    1.9427    1.1346    0.0000    1.4857    1.2902    0.7568
 PARAMETER VALUES,  CYCLE NUMBER 26,  AVDEV=   0.263
   82.2527    3.3585    2.2426  101.5603    3.7795    1.1929  107.4788
    3.6075    0.2595  100.1748    3.5042    0.0000    6.3350    3.0473
    2.8920  106.0289    2.0131    0.0000    3.0902    3.2056    0.9882
  108.5693    0.2823    0.0000    6.8834    0.0296    0.0000    0.0000
    1.0156    0.0000    0.6336   -4.9036   -1.0990   -2.6898   -0.6692
   -1.7516   -0.4562    0.0000    0.2933   -1.3976   -0.5066   -1.1859
   -0.3133   -0.8281   -0.2149   -0.8366   -0.3186   -0.6019   -0.1978
   -0.4822   -0.1359    0.0000    3.2844    2.7430    1.5989    0.0000
    2.2064    1.9427    1.1346    0.0000    1.4857    1.2902    0.7568
 PARAMETER VALUES,  CYCLE NUMBER 27,  AVDEV=   0.232
   82.2525    3.3585    2.2426  101.5569    3.7768    1.1669  107.4837
    3.6077    0.2901  100.2010    3.5606    0.0000    6.3635    3.3387
    2.9197  105.8969    2.0221    0.0000    2.4490    1.3776    1.3411
  108.6845    0.3827    0.0000    6.3938    1.7800    0.0000    0.0000
    1.0156    0.0000    0.6336   -4.9036   -1.0990   -2.6898   -0.6692
   -1.7516   -0.4562    0.0000    0.2933   -1.3976   -0.5066   -1.1859
   -0.3133   -0.8281   -0.2149   -0.8366   -0.3186   -0.6019   -0.1978
   -0.4822   -0.1359    0.0000    3.2844    2.7430    1.5989    0.0000
    2.2064    1.9427    1.1346    0.0000    1.4857    1.2902    0.7568
 PARAMETER VALUES,  CYCLE NUMBER 28,  AVDEV=   0.263
   82.2527    3.3585    2.2426  101.5603    3.7795    1.1926  107.4789
    3.6075    0.2600  100.1751    3.5047    0.0000    6.3350    3.0502
    2.8922  106.0293    2.0135    0.0000    3.0887    3.2106    0.9878
  108.5689    0.2868    0.0000    6.8773    0.0170    0.0000    0.0000
    1.0156    0.0000    0.6336   -4.9036   -1.0990   -2.6898   -0.6692
   -1.7516   -0.4562    0.0000    0.2933   -1.3976   -0.5066   -1.1859
   -0.3133   -0.8281   -0.2149   -0.8366   -0.3186   -0.6019   -0.1978
   -0.4822   -0.1359    0.0000    3.2844    2.7430    1.5989    0.0000
    2.2064    1.9427    1.1346    0.0000    1.4857    1.2902    0.7568
 PARAMETER VALUES,  CYCLE NUMBER 29,  AVDEV=   0.232
   82.2525    3.3585    2.2426  101.5570    3.7769    1.1668  107.4837
    3.6077    0.2897  100.2007    3.5600    0.0000    6.3632    3.3351
    2.9195  105.8970    2.0224    0.0000    2.4529    1.3784    1.3453
  108.6860    0.3804    0.0000    6.4004    1.8007    0.0000    0.0000
    1.0156    0.0000    0.6336   -4.9036   -1.0990   -2.6898   -0.6692
   -1.7516   -0.4562    0.0000    0.2933   -1.3976   -0.5066   -1.1859
   -0.3133   -0.8281   -0.2149   -0.8366   -0.3186   -0.6019   -0.1978
   -0.4822   -0.1359    0.0000    3.2844    2.7430    1.5989    0.0000
    2.2064    1.9427    1.1346    0.0000    1.4857    1.2902    0.7568
 PARAMETER VALUES,  CYCLE NUMBER 30,  AVDEV=   0.262
   82.2527    3.3585    2.2426  101.5601    3.7794    1.1929  107.4790
    3.6075    0.2606  100.1757    3.5056    0.0000    6.3361    3.0583
    2.8924  106.0274    2.0120    0.0000    3.0791    3.1820    0.9858
  108.5695    0.2894    0.0000    6.8753    0.0252    0.0000    0.0000
    1.0156    0.0000    0.6336   -4.9036   -1.0990   -2.6898   -0.6692
   -1.7516   -0.4562    0.0000    0.2933   -1.3976   -0.5066   -1.1859
   -0.3133   -0.8281   -0.2149   -0.8366   -0.3186   -0.6019   -0.1978
   -0.4822   -0.1359    0.0000    3.2844    2.7430    1.5989    0.0000
    2.2064    1.9427    1.1346    0.0000    1.4857    1.2902    0.7568
 PARAMETER VALUES,  CYCLE NUMBER 31,  AVDEV=   0.232
   82.2525    3.3585    2.2426  101.5570    3.7769    1.1669  107.4836
    3.6077    0.2894  100.2008    3.5602    0.0000    6.3633    3.3363
    2.9192  105.8967    2.0230    0.0000    2.4596    1.3738    1.3420
  108.6862    0.3818    0.0000    6.3984    1.7939    0.0000    0.0000
    1.0156    0.0000    0.6336   -4.9036   -1.0990   -2.6898   -0.6692
   -1.7516   -0.4562    0.0000    0.2933   -1.3976   -0.5066   -1.1859
   -0.3133   -0.8281   -0.2149   -0.8366   -0.3186   -0.6019   -0.1978
   -0.4822   -0.1359    0.0000    3.2844    2.7430    1.5989    0.0000
    2.2064    1.9427    1.1346    0.0000    1.4857    1.2902    0.7568
 PARAMETER VALUES,  CYCLE NUMBER 32,  AVDEV=   0.262
   82.2527    3.3585    2.2426  101.5601    3.7794    1.1928  107.4790
    3.6075    0.2607  100.1755    3.5054    0.0000    6.3357    3.0562
    2.8925  106.0276    2.0121    0.0000    3.0784    3.1864    0.9862
  108.5694    0.2873    0.0000    6.8788    0.0270    0.0000    0.0000
    1.0156    0.0000    0.6336   -4.9036   -1.0990   -2.6898   -0.6692
   -1.7516   -0.4562    0.0000    0.2933   -1.3976   -0.5066   -1.1859
   -0.3133   -0.8281   -0.2149   -0.8366   -0.3186   -0.6019   -0.1978
   -0.4822   -0.1359    0.0000    3.2844    2.7430    1.5989    0.0000
    2.2064    1.9427    1.1346    0.0000    1.4857    1.2902    0.7568
 PARAMETER VALUES,  CYCLE NUMBER 33,  AVDEV=   0.232
   82.2525    3.3585    2.2426  101.5570    3.7769    1.1670  107.4836
    3.6077    0.2893  100.2008    3.5602    0.0000    6.3634    3.3367
    2.9192  105.8968    2.0227    0.0000    2.4590    1.3750    1.3408
  108.6857    0.3821    0.0000    6.3965    1.7896    0.0000    0.0000
    1.0156    0.0000    0.6336   -4.9036   -1.0990   -2.6898   -0.6692
   -1.7516   -0.4562    0.0000    0.2933   -1.3976   -0.5066   -1.1859
   -0.3133   -0.8281   -0.2149   -0.8366   -0.3186   -0.6019   -0.1978
   -0.4822   -0.1359    0.0000    3.2844    2.7430    1.5989    0.0000
    2.2064    1.9427    1.1346    0.0000    1.4857    1.2902    0.7568
 PARAMETER VALUES,  CYCLE NUMBER 34,  AVDEV=   0.262
   82.2527    3.3585    2.2426  101.5601    3.7794    1.1927  107.4790
    3.6075    0.2606  100.1754    3.5052    0.0000    6.3354    3.0546
    2.8925  106.0282    2.0125    0.0000    3.0803    3.1940    0.9866
  108.5692    0.2870    0.0000    6.8789    0.0236    0.0000    0.0000
    1.0156    0.0000    0.6336   -4.9036   -1.0990   -2.6898   -0.6692
   -1.7516   -0.4562    0.0000    0.2933   -1.3976   -0.5066   -1.1859
   -0.3133   -0.8281   -0.2149   -0.8366   -0.3186   -0.6019   -0.1978
   -0.4822   -0.1359    0.0000    3.2844    2.7430    1.5989    0.0000
    2.2064    1.9427    1.1346    0.0000    1.4857    1.2902    0.7568
 PARAMETER VALUES,  CYCLE NUMBER 35,  AVDEV=   0.232
   82.2525    3.3585    2.2426  101.5570    3.7769    1.1670  107.4836
    3.6077    0.2893  100.2008    3.5601    0.0000    6.3634    3.3360
    2.9192  105.8969    2.0226    0.0000    2.4580    1.3763    1.3420
  108.6859    0.3815    0.0000    6.3977    1.7935    0.0000    0.0000
    1.0156    0.0000    0.6336   -4.9036   -1.0990   -2.6898   -0.6692
   -1.7516   -0.4562    0.0000    0.2933   -1.3976   -0.5066   -1.1859
   -0.3133   -0.8281   -0.2149   -0.8366   -0.3186   -0.6019   -0.1978
   -0.4822   -0.1359    0.0000    3.2844    2.7430    1.5989    0.0000
    2.2064    1.9427    1.1346    0.0000    1.4857    1.2902    0.7568
 PARAMETER VALUES,  CYCLE NUMBER 36,  AVDEV=   0.262
   82.2527    3.3585    2.2426  101.5601    3.7794    1.1927  107.4790
    3.6075    0.2607  100.1755    3.5054    0.0000    6.3356    3.0560
    2.8925  106.0279    2.0123    0.0000    3.0793    3.1899    0.9863
  108.5693    0.2879    0.0000    6.8778    0.0238    0.0000    0.0000
    1.0156    0.0000    0.6336   -4.9036   -1.0990   -2.6898   -0.6692
   -1.7516   -0.4562    0.0000    0.2933   -1.3976   -0.5066   -1.1859
   -0.3133   -0.8281   -0.2149   -0.8366   -0.3186   -0.6019   -0.1978
   -0.4822   -0.1359    0.0000    3.2844    2.7430    1.5989    0.0000
    2.2064    1.9427    1.1346    0.0000    1.4857    1.2902    0.7568
 PARAMETER VALUES,  CYCLE NUMBER 37,  AVDEV=   0.232
   82.2525    3.3585    2.2426  101.5570    3.7769    1.1670  107.4836
    3.6077    0.2892  100.2008    3.5601    0.0000    6.3634    3.3360
    2.9192  105.8968    2.0227    0.0000    2.4590    1.3755    1.3420
  108.6860    0.3816    0.0000    6.3980    1.7941    0.0000    0.0000
    1.0156    0.0000    0.6336   -4.9036   -1.0990   -2.6898   -0.6692
   -1.7516   -0.4562    0.0000    0.2933   -1.3976   -0.5066   -1.1859
   -0.3133   -0.8281   -0.2149   -0.8366   -0.3186   -0.6019   -0.1978
   -0.4822   -0.1359    0.0000    3.2844    2.7430    1.5989    0.0000
    2.2064    1.9427    1.1346    0.0000    1.4857    1.2902    0.7568
 PARAMETER VALUES,  CYCLE NUMBER 38,  AVDEV=   0.262
   82.2527    3.3585    2.2426  101.5601    3.7794    1.1927  107.4790
    3.6075    0.2608  100.1755    3.5054    0.0000    6.3356    3.0563
    2.8925  106.0278    2.0122    0.0000    3.0786    3.1882    0.9862
  108.5693    0.2877    0.0000    6.8782    0.0249    0.0000    0.0000
    1.0156    0.0000    0.6336   -4.9036   -1.0990   -2.6898   -0.6692
   -1.7516   -0.4562    0.0000    0.2933   -1.3976   -0.5066   -1.1859
   -0.3133   -0.8281   -0.2149   -0.8366   -0.3186   -0.6019   -0.1978
   -0.4822   -0.1359    0.0000    3.2844    2.7430    1.5989    0.0000
    2.2064    1.9427    1.1346    0.0000    1.4857    1.2902    0.7568
 PARAMETER VALUES,  CYCLE NUMBER 39,  AVDEV=   0.232
   82.2525    3.3585    2.2426  101.5570    3.7769    1.1670  107.4836
    3.6077    0.2892  100.2008    3.5602    0.0000    6.3634    3.3362
    2.9192  105.8968    2.0227    0.0000    2.4593    1.3753    1.3415
  108.6859    0.3818    0.0000    6.3975    1.7927    0.0000    0.0000
    1.0156    0.0000    0.6336   -4.9036   -1.0990   -2.6898   -0.6692
   -1.7516   -0.4562    0.0000    0.2933   -1.3976   -0.5066   -1.1859
   -0.3133   -0.8281   -0.2149   -0.8366   -0.3186   -0.6019   -0.1978
   -0.4822   -0.1359    0.0000    3.2844    2.7430    1.5989    0.0000
    2.2064    1.9427    1.1346    0.0000    1.4857    1.2902    0.7568
 PARAMETER VALUES,  CYCLE NUMBER 40,  AVDEV=   0.262
   82.2527    3.3585    2.2426  101.5601    3.7794    1.1927  107.4790
    3.6075    0.2607  100.1755    3.5054    0.0000    6.3356    3.0558
    2.8925  106.0279    2.0123    0.0000    3.0790    3.1900    0.9863
  108.5693    0.2875    0.0000    6.8785    0.0245    0.0000    0.0000
    1.0156    0.0000    0.6336   -4.9036   -1.0990   -2.6898   -0.6692
   -1.7516   -0.4562    0.0000    0.2933   -1.3976   -0.5066   -1.1859
   -0.3133   -0.8281   -0.2149   -0.8366   -0.3186   -0.6019   -0.1978
   -0.4822   -0.1359    0.0000    3.2844    2.7430    1.5989    0.0000
    2.2064    1.9427    1.1346    0.0000    1.4857    1.2902    0.7568
 PARAMETER VALUES FOR RCG INPUT
Kr I  4s24p55s         82.2527   3.3585    2.2426
Kr I  4s24p56s        101.5601   3.7794    1.1927
Kr I  4s24p57s        107.4790   3.6075    0.2607
Kr I  4s24p54d        100.1755   3.5054    0.0000    6.3356    3.0558 LS99999999
   2.8925
Kr I  4s24p55d        106.0279   2.0123    0.0000    3.0790    3.1900 LS99999999
   0.9863
Kr I  4s24p56d        108.5693   0.2875    0.0000    6.8785    0.0245 LS99999999
   0.0000
4s24p55s-4s24p56s      0.0000    1.0156
4s24p55s-4s24p57s      0.0000    0.6336
4s24p55s-4s24p54d     -4.9036   -1.0990
4s24p55s-4s24p55d     -2.6898   -0.6692
4s24p55s-4s24p56d     -1.7516   -0.4562
4s24p56s-4s24p57s      0.0000    0.2933
4s24p56s-4s24p54d     -1.3976   -0.5066
4s24p56s-4s24p55d     -1.1859   -0.3133
4s24p56s-4s24p56d     -0.8281   -0.2149
4s24p57s-4s24p54d     -0.8366   -0.3186
4s24p57s-4s24p55d     -0.6019   -0.1978
4s24p57s-4s24p56d     -0.4822   -0.1359
4s24p54d-4s24p55d      0.0000    3.2844    2.7430    1.5989
4s24p54d-4s24p56d      0.0000    2.2064    1.9427    1.1346
4s24p55d-4s24p56d      0.0000    1.4857    1.2902    0.7568

