Bi I      6p3       6p27p     6p28p     6p29p   
 PARAMETER VALUES,  CYCLE NUMBER  0,  AVDEV=   0.964
   15.8075   29.7245    9.8564   64.3784   32.5798   11.7078    0.7327
    4.2167    1.0275    1.1094   73.2599   32.6468   11.7508    0.2444
    1.2692    0.3090    0.3475   76.5157   32.6700   11.7638    0.1159
    0.5697    0.1409    0.1609    0.8066    3.6018    0.4285    1.8870
    0.2858    1.2511    0.0000    1.8515    0.5626    0.6193    0.0000
    1.1794    0.3796    0.4203    0.0000    0.7745    0.2087    0.2364
 PARAMETER VALUES,  CYCLE NUMBER  1,  AVDEV=   0.911
   15.8163   29.3452    9.8807   63.0078   22.5799   11.0567    0.4031
    5.9413    1.2831    0.0000   73.2593   32.6468   11.7508    0.2444
    1.2692    0.3090    0.3475   76.5536   32.6700   11.7638    0.1159
    0.5697    0.1409    0.1609    0.8066    3.6018    0.4285    1.8870
    0.2858    1.2511    0.0000    1.8515    0.5626    0.6193    0.0000
    1.1794    0.3796    0.4203    0.0000    0.7745    0.2087    0.2364
 PARAMETER VALUES,  CYCLE NUMBER  2,  AVDEV=   0.871
   15.8184   29.1355    9.8913   64.4517   32.5798   11.7850    0.8880
    6.6815    0.9077    2.4320   73.2601   32.6468   11.7508    0.2444
    1.2692    0.3090    0.3475   76.5677   32.6700   11.7638    0.1159
    0.5697    0.1409    0.1609    0.8066    3.6018    0.4285    1.8870
    0.2858    1.2511    0.0000    1.8515    0.5626    0.6193    0.0000
    1.1794    0.3796    0.4203    0.0000    0.7745    0.2087    0.2364
 PARAMETER VALUES,  CYCLE NUMBER  3,  AVDEV=   0.829
   15.8271   28.7808    9.9127   63.0905   22.5799   11.1345    0.6116
    7.7147    1.1026    1.2129   73.2603   32.6468   11.7508    0.2444
    1.2692    0.3090    0.3475   76.6044   32.6700   11.7638    0.1159
    0.5697    0.1409    0.1609    0.8066    3.6018    0.4285    1.8870
    0.2858    1.2511    0.0000    1.8515    0.5626    0.6193    0.0000
    1.1794    0.3796    0.4203    0.0000    0.7745    0.2087    0.2364
 PARAMETER VALUES,  CYCLE NUMBER  4,  AVDEV=   1.155
   15.8349   28.3053    9.9378   64.4258   32.5798   11.7609    1.6464
    8.6417    0.2885    6.0956   73.2675   32.6468   11.7508    0.2444
    1.2692    0.3090    0.3475   76.6435   32.6700   11.7638    0.1159
    0.5697    0.1409    0.1609    0.8066    3.6018    0.4285    1.8870
    0.2858    1.2511    0.0000    1.8515    0.5626    0.6193    0.0000
    1.1794    0.3796    0.4203    0.0000    0.7745    0.2087    0.2364
 PARAMETER VALUES,  CYCLE NUMBER  5,  AVDEV=   1.463
   15.8320   28.0725    9.9479   64.9648   34.0624   11.8376    0.8057
   18.6416    1.1062    4.0315   73.2474   32.6468   11.7508    0.2444
    1.2692    0.3090    0.3475   76.6558   32.6700   11.7638    0.1159
    0.5697    0.1409    0.1609    0.8066    3.6018    0.4285    1.8870
    0.2858    1.2511    0.0000    1.8515    0.5626    0.6193    0.0000
    1.1794    0.3796    0.4203    0.0000    0.7745    0.2087    0.2364
 PARAMETER VALUES,  CYCLE NUMBER  6,  AVDEV=   1.168
   15.8465   27.5026    9.9769   63.6790   24.0626   11.2330    0.6753
   16.6549    1.2202    3.6754   73.2491   32.6468   11.7508    0.2444
    1.2692    0.3090    0.3475   76.7173   32.6700   11.7638    0.1159
    0.5697    0.1409    0.1609    0.8066    3.6018    0.4285    1.8870
    0.2858    1.2511    0.0000    1.8515    0.5626    0.6193    0.0000
    1.1794    0.3796    0.4203    0.0000    0.7745    0.2087    0.2364
 PARAMETER VALUES,  CYCLE NUMBER  7,  AVDEV=   0.942
   15.8528   27.0774    9.9951   62.7840   14.0628   10.7322    0.0000
   15.8646    2.0623    3.1983   73.2423   32.6468   11.7508    0.2444
    1.2692    0.3090    0.3475   76.7613   32.6700   11.7638    0.1159
    0.5697    0.1409    0.1609    0.8066    3.6018    0.4285    1.8870
    0.2858    1.2511    0.0000    1.8515    0.5626    0.6193    0.0000
    1.1794    0.3796    0.4203    0.0000    0.7745    0.2087    0.2364
 PARAMETER VALUES,  CYCLE NUMBER  8,  AVDEV=   1.053
   15.8413   26.9532    9.9982   62.6113    4.0628   10.2951    0.0000
   19.8297    3.7105    6.9264   73.2278   32.6468   11.7508    0.2444
    1.2692    0.3090    0.3475   76.7597   32.6700   11.7638    0.1159
    0.5697    0.1409    0.1609    0.8066    3.6018    0.4285    1.8870
    0.2858    1.2511    0.0000    1.8515    0.5626    0.6193    0.0000
    1.1794    0.3796    0.4203    0.0000    0.7745    0.2087    0.2364
 PARAMETER VALUES,  CYCLE NUMBER  9,  AVDEV=   1.079
   15.8269   26.7920   10.0021   64.0247    2.9897   10.5127    0.0653
   29.4596    5.0063   16.9264   73.2182   32.6468   11.7508    0.2444
    1.2692    0.3090    0.3475   76.7586   32.6700   11.7638    0.1159
    0.5697    0.1409    0.1609    0.8066    3.6018    0.4285    1.8870
    0.2858    1.2511    0.0000    1.8515    0.5626    0.6193    0.0000
    1.1794    0.3796    0.4203    0.0000    0.7745    0.2087    0.2364
 PARAMETER VALUES,  CYCLE NUMBER 10,  AVDEV=   1.264
   15.8271   26.6295   10.0085   65.0305   10.6205   10.8510    1.3939
   37.6915    3.6813   26.9263   73.2247   32.6468   11.7508    0.2444
    1.2692    0.3090    0.3475   76.7702   32.6700   11.7638    0.1159
    0.5697    0.1409    0.1609    0.8066    3.6018    0.4285    1.8870
    0.2858    1.2511    0.0000    1.8515    0.5626    0.6193    0.0000
    1.1794    0.3796    0.4203    0.0000    0.7745    0.2087    0.2364
 PARAMETER VALUES,  CYCLE NUMBER 11,  AVDEV=   1.159
   15.8421   26.5419   10.0139   63.4564   11.3353   10.6515    1.8984
   27.6916    1.8230   18.9578   73.2282   32.6468   11.7508    0.2444
    1.2692    0.3090    0.3475   76.7897   32.6700   11.7638    0.1159
    0.5697    0.1409    0.1609    0.8066    3.6018    0.4285    1.8870
    0.2858    1.2511    0.0000    1.8515    0.5626    0.6193    0.0000
    1.1794    0.3796    0.4203    0.0000    0.7745    0.2087    0.2364
 PARAMETER VALUES,  CYCLE NUMBER 12,  AVDEV=   1.349
   15.8633   26.1819   10.0292   62.8608   13.6340   10.4497    3.2738
   17.6919    0.2540   17.9730   73.2338   32.6468   11.7508    0.2444
    1.2692    0.3090    0.3475   76.8442   32.6700   11.7638    0.1159
    0.5697    0.1409    0.1609    0.8066    3.6018    0.4285    1.8870
    0.2858    1.2511    0.0000    1.8515    0.5626    0.6193    0.0000
    1.1794    0.3796    0.4203    0.0000    0.7745    0.2087    0.2364
 PARAMETER VALUES,  CYCLE NUMBER 13,  AVDEV=   1.291
   15.8831   25.9276   10.0402   61.3806   10.6484    9.4464    2.8363
   19.1386    0.0000    7.9733   73.2395   32.6468   11.7508    0.2444
    1.2692    0.3090    0.3475   76.8850   32.6700   11.7638    0.1159
    0.5697    0.1409    0.1609    0.8066    3.6018    0.4285    1.8870
    0.2858    1.2511    0.0000    1.8515    0.5626    0.6193    0.0000
    1.1794    0.3796    0.4203    0.0000    0.7745    0.2087    0.2364
 PARAMETER VALUES,  CYCLE NUMBER 14,  AVDEV=   1.461
   15.9034   26.0072   10.0433   60.3505   13.4308    9.3318    3.6264
    9.1386    0.0000    2.0590   73.2548   32.6468   11.7508    0.2444
    1.2692    0.3090    0.3475   76.9002   32.6700   11.7638    0.1159
    0.5697    0.1409    0.1609    0.8066    3.6018    0.4285    1.8870
    0.2858    1.2511    0.0000    1.8515    0.5626    0.6193    0.0000
    1.1794    0.3796    0.4203    0.0000    0.7745    0.2087    0.2364
 PARAMETER VALUES,  CYCLE NUMBER 15,  AVDEV=   1.788
   15.8883   25.8958   10.0420   61.2613   13.6525    9.8153    4.4119
    8.3594    0.4014   12.0590   73.2475   32.6468   11.7508    0.2444
    1.2692    0.3090    0.3475   76.8827   32.6700   11.7638    0.1159
    0.5697    0.1409    0.1609    0.8066    3.6018    0.4285    1.8870
    0.2858    1.2511    0.0000    1.8515    0.5626    0.6193    0.0000
    1.1794    0.3796    0.4203    0.0000    0.7745    0.2087    0.2364
 PARAMETER VALUES,  CYCLE NUMBER 16,  AVDEV=   1.621
   15.8676   25.7209   10.0425   62.0052    6.5277    9.6989    4.2509
   18.3593    1.8202   20.9504   73.2293   32.6468   11.7508    0.2444
    1.2692    0.3090    0.3475   76.8779   32.6700   11.7638    0.1159
    0.5697    0.1409    0.1609    0.8066    3.6018    0.4285    1.8870
    0.2858    1.2511    0.0000    1.8515    0.5626    0.6193    0.0000
    1.1794    0.3796    0.4203    0.0000    0.7745    0.2087    0.2364
 PARAMETER VALUES,  CYCLE NUMBER 17,  AVDEV=   1.492
   15.8567   25.6110   10.0424   62.5095    0.0000    9.4619    3.8775
   19.9220    3.1037   29.9017   73.2247   32.6468   11.7508    0.2444
    1.2692    0.3090    0.3475   76.8857   32.6700   11.7638    0.1159
    0.5697    0.1409    0.1609    0.8066    3.6018    0.4285    1.8870
    0.2858    1.2511    0.0000    1.8515    0.5626    0.6193    0.0000
    1.1794    0.3796    0.4203    0.0000    0.7745    0.2087    0.2364
 PARAMETER VALUES,  CYCLE NUMBER 18,  AVDEV=   1.481
   15.8695   25.6776   10.0425   61.0441    2.3576    9.4251    3.8975
   10.7430    1.4744   19.9017   73.2311   32.6468   11.7508    0.2444
    1.2692    0.3090    0.3475   76.8901   32.6700   11.7638    0.1159
    0.5697    0.1409    0.1609    0.8066    3.6018    0.4285    1.8870
    0.2858    1.2511    0.0000    1.8515    0.5626    0.6193    0.0000
    1.1794    0.3796    0.4203    0.0000    0.7745    0.2087    0.2364
 PARAMETER VALUES,  CYCLE NUMBER 19,  AVDEV=   1.428
   15.8594   25.5346   10.0441   61.5397    0.0000    8.9009    3.5741
   17.3650    2.5234   27.6589   73.2137   32.6468   11.7508    0.2444
    1.2692    0.3090    0.3475   76.8991   32.6700   11.7638    0.1159
    0.5697    0.1409    0.1609    0.8066    3.6018    0.4285    1.8870
    0.2858    1.2511    0.0000    1.8515    0.5626    0.6193    0.0000
    1.1794    0.3796    0.4203    0.0000    0.7745    0.2087    0.2364
 PARAMETER VALUES,  CYCLE NUMBER 20,  AVDEV=   1.556
   15.8459   25.4544   10.0438   62.8850    0.0000    8.8460    3.5046
   26.1551    4.1037   37.6589   73.2039   32.6468   11.7508    0.2444
    1.2692    0.3090    0.3475   76.8954   32.6700   11.7638    0.1159
    0.5697    0.1409    0.1609    0.8066    3.6018    0.4285    1.8870
    0.2858    1.2511    0.0000    1.8515    0.5626    0.6193    0.0000
    1.1794    0.3796    0.4203    0.0000    0.7745    0.2087    0.2364
 PARAMETER VALUES,  CYCLE NUMBER 21,  AVDEV=   1.500
   15.8572   25.5046   10.0442   61.2578    0.7136    8.7898    3.4921
   16.5656    2.3808   27.6589   73.2084   32.6468   11.7508    0.2444
    1.2692    0.3090    0.3475   76.8997   32.6700   11.7638    0.1159
    0.5697    0.1409    0.1609    0.8066    3.6018    0.4285    1.8870
    0.2858    1.2511    0.0000    1.8515    0.5626    0.6193    0.0000
    1.1794    0.3796    0.4203    0.0000    0.7745    0.2087    0.2364
 PARAMETER VALUES,  CYCLE NUMBER 22,  AVDEV=   1.610
   15.8436   25.4214   10.0438   62.5612    0.0000    8.7003    3.4016
   25.2243    3.9528   37.6589   73.1983   32.6468   11.7508    0.2444
    1.2692    0.3090    0.3475   76.8964   32.6700   11.7638    0.1159
    0.5697    0.1409    0.1609    0.8066    3.6018    0.4285    1.8870
    0.2858    1.2511    0.0000    1.8515    0.5626    0.6193    0.0000
    1.1794    0.3796    0.4203    0.0000    0.7745    0.2087    0.2364
 PARAMETER VALUES,  CYCLE NUMBER 23,  AVDEV=   1.535
   15.8553   25.4728   10.0443   60.9856    0.6939    8.6630    3.3808
   15.7701    2.2500   27.6589   73.2033   32.6468   11.7508    0.2444
    1.2692    0.3090    0.3475   76.9014   32.6700   11.7638    0.1159
    0.5697    0.1409    0.1609    0.8066    3.6018    0.4285    1.8870
    0.2858    1.2511    0.0000    1.8515    0.5626    0.6193    0.0000
    1.1794    0.3796    0.4203    0.0000    0.7745    0.2087    0.2364
 PARAMETER VALUES,  CYCLE NUMBER 24,  AVDEV=   1.649
   15.8418   25.3876   10.0438   62.2569    0.0000    8.5394    3.2678
   24.2799    3.8106   37.6589   73.1925   32.6468   11.7508    0.2444
    1.2692    0.3090    0.3475   76.8983   32.6700   11.7638    0.1159
    0.5697    0.1409    0.1609    0.8066    3.6018    0.4285    1.8870
    0.2858    1.2511    0.0000    1.8515    0.5626    0.6193    0.0000
    1.1794    0.3796    0.4203    0.0000    0.7745    0.2087    0.2364
 PARAMETER VALUES,  CYCLE NUMBER 25,  AVDEV=   1.554
   15.8540   25.4409   10.0443   60.7394    0.6114    8.5273    3.2398
   14.9225    2.1328   27.6590   73.1979   32.6468   11.7508    0.2444
    1.2692    0.3090    0.3475   76.9039   32.6700   11.7638    0.1159
    0.5697    0.1409    0.1609    0.8066    3.6018    0.4285    1.8870
    0.2858    1.2511    0.0000    1.8515    0.5626    0.6193    0.0000
    1.1794    0.3796    0.4203    0.0000    0.7745    0.2087    0.2364
 PARAMETER VALUES,  CYCLE NUMBER 26,  AVDEV=   1.671
   15.8407   25.3548   10.0437   61.9911    0.0000    8.3741    3.1062
   23.3330    3.6854   37.6589   73.1862   32.6468   11.7508    0.2444
    1.2692    0.3090    0.3475   76.9011   32.6700   11.7638    0.1159
    0.5697    0.1409    0.1609    0.8066    3.6018    0.4285    1.8870
    0.2858    1.2511    0.0000    1.8515    0.5626    0.6193    0.0000
    1.1794    0.3796    0.4203    0.0000    0.7745    0.2087    0.2364
 PARAMETER VALUES,  CYCLE NUMBER 27,  AVDEV=   1.556
   15.8532   25.4109   10.0443   60.5306    0.4955    8.3896    3.0806
   14.0453    2.0294   27.6590   73.1921   32.6468   11.7508    0.2444
    1.2692    0.3090    0.3475   76.9071   32.6700   11.7638    0.1159
    0.5697    0.1409    0.1609    0.8066    3.6018    0.4285    1.8870
    0.2858    1.2511    0.0000    1.8515    0.5626    0.6193    0.0000
    1.1794    0.3796    0.4203    0.0000    0.7745    0.2087    0.2364
 PARAMETER VALUES,  CYCLE NUMBER 28,  AVDEV=   1.678
   15.8403   25.3249   10.0436   61.7753    0.0000    8.2123    2.9325
   22.4370    3.5754   37.6589   73.1790   32.6468   11.7508    0.2444
    1.2692    0.3090    0.3475   76.9043   32.6700   11.7638    0.1159
    0.5697    0.1409    0.1609    0.8066    3.6018    0.4285    1.8870
    0.2858    1.2511    0.0000    1.8515    0.5626    0.6193    0.0000
    1.1794    0.3796    0.4203    0.0000    0.7745    0.2087    0.2364
 PARAMETER VALUES,  CYCLE NUMBER 29,  AVDEV=   1.553
   15.8531   25.3841   10.0442   60.3631    0.4785    8.2536    2.9273
   13.2570    1.9279   27.6590   73.1854   32.6468   11.7508    0.2444
    1.2692    0.3090    0.3475   76.9106   32.6700   11.7638    0.1159
    0.5697    0.1409    0.1609    0.8066    3.6018    0.4285    1.8870
    0.2858    1.2511    0.0000    1.8515    0.5626    0.6193    0.0000
    1.1794    0.3796    0.4203    0.0000    0.7745    0.2087    0.2364
 PARAMETER VALUES,  CYCLE NUMBER 30,  AVDEV=   1.675
   15.8405   25.2995   10.0435   61.6144    0.0000    8.0577    2.7727
   21.6957    3.4689   37.6588   73.1705   32.6468   11.7508    0.2444
    1.2692    0.3090    0.3475   76.9079   32.6700   11.7638    0.1159
    0.5697    0.1409    0.1609    0.8066    3.6018    0.4285    1.8870
    0.2858    1.2511    0.0000    1.8515    0.5626    0.6193    0.0000
    1.1794    0.3796    0.4203    0.0000    0.7745    0.2087    0.2364
 PARAMETER VALUES,  CYCLE NUMBER 31,  AVDEV=   1.548
   15.8535   25.3614   10.0442   60.2387    0.5985    8.1236    2.7955
   12.6502    1.8216   27.6589   73.1773   32.6468   11.7508    0.2444
    1.2692    0.3090    0.3475   76.9141   32.6700   11.7638    0.1159
    0.5697    0.1409    0.1609    0.8066    3.6018    0.4285    1.8870
    0.2858    1.2511    0.0000    1.8515    0.5626    0.6193    0.0000
    1.1794    0.3796    0.4203    0.0000    0.7745    0.2087    0.2364
 PARAMETER VALUES,  CYCLE NUMBER 32,  AVDEV=   1.664
   15.8415   25.2797   10.0435   61.5082    0.0000    7.9177    2.6462
   21.1656    3.3588   37.6588   73.1601   32.6468   11.7508    0.2444
    1.2692    0.3090    0.3475   76.9115   32.6700   11.7638    0.1159
    0.5697    0.1409    0.1609    0.8066    3.6018    0.4285    1.8870
    0.2858    1.2511    0.0000    1.8515    0.5626    0.6193    0.0000
    1.1794    0.3796    0.4203    0.0000    0.7745    0.2087    0.2364
 PARAMETER VALUES,  CYCLE NUMBER 33,  AVDEV=   1.542
   15.8545   25.3437   10.0441   60.1558    0.8136    8.0061    2.6927
   12.2375    1.7116   27.6589   73.1673   32.6468   11.7508    0.2444
    1.2692    0.3090    0.3475   76.9175   32.6700   11.7638    0.1159
    0.5697    0.1409    0.1609    0.8066    3.6018    0.4285    1.8870
    0.2858    1.2511    0.0000    1.8515    0.5626    0.6193    0.0000
    1.1794    0.3796    0.4203    0.0000    0.7745    0.2087    0.2364
 PARAMETER VALUES,  CYCLE NUMBER 34,  AVDEV=   1.638
   15.8439   25.2726   10.0434   61.3339    0.0000    7.8166    2.5735
   20.0679    3.1111   36.7947   73.1485   32.6468   11.7508    0.2444
    1.2692    0.3090    0.3475   76.9151   32.6700   11.7638    0.1159
    0.5697    0.1409    0.1609    0.8066    3.6018    0.4285    1.8870
    0.2858    1.2511    0.0000    1.8515    0.5626    0.6193    0.0000
    1.1794    0.3796    0.4203    0.0000    0.7745    0.2087    0.2364
 PARAMETER VALUES,  CYCLE NUMBER 35,  AVDEV=   1.536
   15.8570   25.3390   10.0442   60.0102    1.4179    7.9249    2.6414
   11.3171    1.4782   26.7947   73.1563   32.6468   11.7508    0.2444
    1.2692    0.3090    0.3475   76.9210   32.6700   11.7638    0.1159
    0.5697    0.1409    0.1609    0.8066    3.6018    0.4285    1.8870
    0.2858    1.2511    0.0000    1.8515    0.5626    0.6193    0.0000
    1.1794    0.3796    0.4203    0.0000    0.7745    0.2087    0.2364
 PARAMETER VALUES,  CYCLE NUMBER 36,  AVDEV=   1.566
   15.8498   25.2896   10.0436   60.9146    0.0000    7.7732    2.5766
   17.1889    2.5070   33.5728   73.1368   32.6468   11.7508    0.2444
    1.2692    0.3090    0.3475   76.9201   32.6700   11.7638    0.1159
    0.5697    0.1409    0.1609    0.8066    3.6018    0.4285    1.8870
    0.2858    1.2511    0.0000    1.8515    0.5626    0.6193    0.0000
    1.1794    0.3796    0.4203    0.0000    0.7745    0.2087    0.2364
 PARAMETER VALUES,  CYCLE NUMBER 37,  AVDEV=   1.537
   15.8632   25.3604   10.0445   59.6475    3.3855    7.9082    2.6644
    8.7347    0.9295   23.5729   73.1460   32.6468   11.7508    0.2444
    1.2692    0.3090    0.3475   76.9259   32.6700   11.7638    0.1159
    0.5697    0.1409    0.1609    0.8066    3.6018    0.4285    1.8870
    0.2858    1.2511    0.0000    1.8515    0.5626    0.6193    0.0000
    1.1794    0.3796    0.4203    0.0000    0.7745    0.2087    0.2364
 PARAMETER VALUES,  CYCLE NUMBER 38,  AVDEV=   1.417
   15.8620   25.3457   10.0443   60.1087    0.0000    7.8305    2.6814
   11.4265    1.3686   26.4649   73.1291   32.6468   11.7508    0.2444
    1.2692    0.3090    0.3475   76.9285   32.6700   11.7638    0.1159
    0.5697    0.1409    0.1609    0.8066    3.6018    0.4285    1.8870
    0.2858    1.2511    0.0000    1.8515    0.5626    0.6193    0.0000
    1.1794    0.3796    0.4203    0.0000    0.7745    0.2087    0.2364
 PARAMETER VALUES,  CYCLE NUMBER 39,  AVDEV=   1.534
   15.8530   25.2892   10.0438   61.0429    0.0000    7.6286    2.6044
   17.8007    2.4750   33.9229   73.0510   32.6468   11.7508    0.2444
    1.2692    0.3090    0.3475   76.9255   32.6700   11.7638    0.1159
    0.5697    0.1409    0.1609    0.8066    3.6018    0.4285    1.8870
    0.2858    1.2511    0.0000    1.8515    0.5626    0.6193    0.0000
    1.1794    0.3796    0.4203    0.0000    0.7745    0.2087    0.2364
 PARAMETER VALUES,  CYCLE NUMBER 40,  AVDEV=   1.499
   15.8661   25.3585   10.0447   59.7656    3.3617    7.7788    2.6677
    9.3842    0.9123   23.9230   73.0601   32.6468   11.7508    0.2444
    1.2692    0.3090    0.3475   76.9309   32.6700   11.7638    0.1159
    0.5697    0.1409    0.1609    0.8066    3.6018    0.4285    1.8870
    0.2858    1.2511    0.0000    1.8515    0.5626    0.6193    0.0000
    1.1794    0.3796    0.4203    0.0000    0.7745    0.2087    0.2364
 PARAMETER VALUES FOR RCG INPUT
Bi I  6p3              15.8661  25.3585   10.0447
Bi I  6p27p            59.7656   3.3617    7.7788    2.6677    9.3842 LS99999999
   0.9123   23.9230
Bi I  6p28p            73.0601  32.6468   11.7508    0.2444    1.2692 LS99999999
   0.3090    0.3475
Bi I  6p29p            76.9309  32.6700   11.7638    0.1159    0.5697 LS99999999
   0.1409    0.1609
6p3     -6p27p         0.8066    3.6018
6p3     -6p28p         0.4285    1.8870
6p3     -6p29p         0.2858    1.2511
6p27p   -6p28p         0.0000    1.8515    0.5626    0.6193
6p27p   -6p29p         0.0000    1.1794    0.3796    0.4203
6p28p   -6p29p         0.0000    0.7745    0.2087    0.2364

Bi I      6p27s     6p26d     6p28s     6p27d     6p29s     6p28d   
 PARAMETER VALUES,  CYCLE NUMBER  0,  AVDEV=   1.151
   54.8839   31.9343   11.3889    2.9431   66.6017   32.2566   11.5492
    0.0561    6.8785    4.5571    2.7761   69.2321   32.5444   11.6917
    0.5832   73.1760   32.5584   11.7019    0.0210    2.0093    1.4516
    0.9015   74.7087   32.6361   11.7425    0.2321   75.4910   32.6317
   11.7412    0.0105    0.9178    0.6889    0.4306   -6.6389   -2.6696
    0.0000    1.2743   -3.0593   -1.4105    0.0000    0.7945   -1.9407
   -0.9466   -2.0002   -1.1936    0.0000    3.1536    2.5579    1.5744
   -1.1969   -0.7515    0.0000    2.0338    1.7556    1.0842   -1.6047
   -0.6511    0.0000    0.3675   -1.0704   -0.4412   -0.8071   -0.4125
    0.0000    1.2778    0.9996    0.6228   -0.6590   -0.2801
 PARAMETER VALUES,  CYCLE NUMBER  1,  AVDEV=   1.141
   54.8700   31.8313   11.3824    2.9330   66.5946   32.2320   11.5439
    0.0624    6.9392    4.4595    2.8318   69.2442   32.6890   11.6892
    0.6560   73.1079   32.4978   11.6570    0.0000    2.2415    1.8193
    0.7677   73.1597   22.6361   11.0505    0.2645   75.4960   32.6317
   11.7412    0.0105    0.9178    0.6889    0.4306   -6.6389   -2.6696
    0.0000    1.2743   -3.0593   -1.4105    0.0000    0.7945   -1.9407
   -0.9466   -2.0002   -1.1936    0.0000    3.1536    2.5579    1.5744
   -1.1969   -0.7515    0.0000    2.0338    1.7556    1.0842   -1.6047
   -0.6511    0.0000    0.3675   -1.0704   -0.4412   -0.8071   -0.4125
    0.0000    1.2778    0.9996    0.6228   -0.6590   -0.2801
 PARAMETER VALUES,  CYCLE NUMBER  2,  AVDEV=   1.141
   54.8679   31.8165   11.3815    2.9309   66.5940   32.2325   11.5433
    0.0633    6.9540    4.4464    2.8419   69.2470   32.7165   11.6893
    0.6659   73.1718   32.9423   11.6836    0.0000    2.2660    1.8460
    0.7614   71.5562   12.6361   10.2448    0.2656   75.4968   32.6317
   11.7412    0.0105    0.9178    0.6889    0.4306   -6.6389   -2.6696
    0.0000    1.2743   -3.0593   -1.4105    0.0000    0.7945   -1.9407
   -0.9466   -2.0002   -1.1936    0.0000    3.1536    2.5579    1.5744
   -1.1969   -0.7515    0.0000    2.0338    1.7556    1.0842   -1.6047
   -0.6511    0.0000    0.3675   -1.0704   -0.4412   -0.8071   -0.4125
    0.0000    1.2778    0.9996    0.6228   -0.6590   -0.2801
 PARAMETER VALUES,  CYCLE NUMBER  3,  AVDEV=   1.132
   54.8599   31.7507   11.3774    2.9264   66.5827   32.1437   11.5368
    0.0678    6.9764    4.3742    2.8892   69.2511   32.7941   11.6846
    0.7246   72.3312   27.7284   11.2999    0.0000    2.5553    2.2742
    0.6907   73.2441   22.6361   11.2161    0.3207   75.5014   32.6317
   11.7412    0.0105    0.9178    0.6889    0.4306   -6.6389   -2.6696
    0.0000    1.2743   -3.0593   -1.4105    0.0000    0.7945   -1.9407
   -0.9466   -2.0002   -1.1936    0.0000    3.1536    2.5579    1.5744
   -1.1969   -0.7515    0.0000    2.0338    1.7556    1.0842   -1.6047
   -0.6511    0.0000    0.3675   -1.0704   -0.4412   -0.8071   -0.4125
    0.0000    1.2778    0.9996    0.6228   -0.6590   -0.2801
 PARAMETER VALUES,  CYCLE NUMBER  4,  AVDEV=   1.132
   54.8578   31.7355   11.3764    2.9250   66.5813   32.1380   11.5356
    0.0691    6.9961    4.3555    2.9046   69.2545   32.8284   11.6847
    0.7389   72.3581   27.9461   11.3099    0.0000    2.6019    2.3571
    0.6729   71.6377   12.6361   10.4042    0.3239   75.5024   32.6317
   11.7412    0.0105    0.9178    0.6889    0.4306   -6.6389   -2.6696
    0.0000    1.2743   -3.0593   -1.4105    0.0000    0.7945   -1.9407
   -0.9466   -2.0002   -1.1936    0.0000    3.1536    2.5579    1.5744
   -1.1969   -0.7515    0.0000    2.0338    1.7556    1.0842   -1.6047
   -0.6511    0.0000    0.3675   -1.0704   -0.4412   -0.8071   -0.4125
    0.0000    1.2778    0.9996    0.6228   -0.6590   -0.2801
 PARAMETER VALUES,  CYCLE NUMBER  5,  AVDEV=   1.131
   54.8576   31.7286   11.3761    2.9259   66.5724   32.0623   11.5321
    0.0692    6.9402    4.3333    2.8850   69.2516   32.8214   11.6816
    0.7564   71.8296   24.4294   11.0605    0.0000    2.8609    2.5291
    0.8298   73.3298   22.6361   11.3828    0.3557   75.5044   32.6317
   11.7412    0.0105    0.9178    0.6889    0.4306   -6.6389   -2.6696
    0.0000    1.2743   -3.0593   -1.4105    0.0000    0.7945   -1.9407
   -0.9466   -2.0002   -1.1936    0.0000    3.1536    2.5579    1.5744
   -1.1969   -0.7515    0.0000    2.0338    1.7556    1.0842   -1.6047
   -0.6511    0.0000    0.3675   -1.0704   -0.4412   -0.8071   -0.4125
    0.0000    1.2778    0.9996    0.6228   -0.6590   -0.2801
 PARAMETER VALUES,  CYCLE NUMBER  6,  AVDEV=   1.131
   54.8559   31.7157   11.3752    2.9253   66.5698   32.0487   11.5304
    0.0706    6.9532    4.3111    2.8973   69.2550   32.8575   11.6815
    0.7731   71.8288   24.4385   11.0571    0.0000    2.9445    2.6467
    0.8380   71.7206   12.6361   10.5649    0.3601   75.5054   32.6317
   11.7412    0.0105    0.9178    0.6889    0.4306   -6.6389   -2.6696
    0.0000    1.2743   -3.0593   -1.4105    0.0000    0.7945   -1.9407
   -0.9466   -2.0002   -1.1936    0.0000    3.1536    2.5579    1.5744
   -1.1969   -0.7515    0.0000    2.0338    1.7556    1.0842   -1.6047
   -0.6511    0.0000    0.3675   -1.0704   -0.4412   -0.8071   -0.4125
    0.0000    1.2778    0.9996    0.6228   -0.6590   -0.2801
 PARAMETER VALUES,  CYCLE NUMBER  7,  AVDEV=   1.131
   54.8566   31.7148   11.3752    2.9281   66.5580   31.9574   11.5259
    0.0703    6.8626    4.2818    2.8527   69.2523   32.8512   11.6785
    0.7931   71.4022   21.4517   10.8466    0.0000    3.2984    2.7993
    1.1282   73.4140   22.6361   11.5470    0.3901   75.5070   32.6317
   11.7412    0.0105    0.9178    0.6889    0.4306   -6.6389   -2.6696
    0.0000    1.2743   -3.0593   -1.4105    0.0000    0.7945   -1.9407
   -0.9466   -2.0002   -1.1936    0.0000    3.1536    2.5579    1.5744
   -1.1969   -0.7515    0.0000    2.0338    1.7556    1.0842   -1.6047
   -0.6511    0.0000    0.3675   -1.0704   -0.4412   -0.8071   -0.4125
    0.0000    1.2778    0.9996    0.6228   -0.6590   -0.2801
 PARAMETER VALUES,  CYCLE NUMBER  8,  AVDEV=   1.131
   54.8554   31.7054   11.3744    2.9283   66.5544   31.9362   11.5239
    0.0714    6.8635    4.2580    2.8574   69.2555   32.8849   11.6784
    0.8101   71.3888   21.3224   10.8366    0.0000    3.4204    2.9223
    1.1871   71.8020   12.6361   10.7234    0.3944   75.5080   32.6317
   11.7412    0.0105    0.9178    0.6889    0.4306   -6.6389   -2.6696
    0.0000    1.2743   -3.0593   -1.4105    0.0000    0.7945   -1.9407
   -0.9466   -2.0002   -1.1936    0.0000    3.1536    2.5579    1.5744
   -1.1969   -0.7515    0.0000    2.0338    1.7556    1.0842   -1.6047
   -0.6511    0.0000    0.3675   -1.0704   -0.4412   -0.8071   -0.4125
    0.0000    1.2778    0.9996    0.6228   -0.6590   -0.2801
 PARAMETER VALUES,  CYCLE NUMBER  9,  AVDEV=   1.121
   54.8530   31.6673   11.3716    2.9406   66.5133   31.6682   11.5059
    0.0753    6.6403    4.0879    2.7476   69.2612   32.9980   11.6712
    0.9184   70.8258   16.8900   10.5298    0.0000    4.6937    3.7142
    2.1439   73.4862   22.6361   11.6938    0.4572   75.5096   32.6317
   11.7412    0.0105    0.9178    0.6889    0.4306   -6.6389   -2.6696
    0.0000    1.2743   -3.0593   -1.4105    0.0000    0.7945   -1.9407
   -0.9466   -2.0002   -1.1936    0.0000    3.1536    2.5579    1.5744
   -1.1969   -0.7515    0.0000    2.0338    1.7556    1.0842   -1.6047
   -0.6511    0.0000    0.3675   -1.0704   -0.4412   -0.8071   -0.4125
    0.0000    1.2778    0.9996    0.6228   -0.6590   -0.2801
 PARAMETER VALUES,  CYCLE NUMBER 10,  AVDEV=   1.123
   54.8523   31.6618   11.3709    2.9417   66.5095   31.6453   11.5038
    0.0763    6.6354    4.0651    2.7475   69.2631   33.0203   11.6707
    0.9318   70.8257   16.7877   10.5263    0.0000    4.8219    3.7909
    2.2501   71.8713   12.6361   10.8650    0.4607   75.5104   32.6317
   11.7412    0.0105    0.9178    0.6889    0.4306   -6.6389   -2.6696
    0.0000    1.2743   -3.0593   -1.4105    0.0000    0.7945   -1.9407
   -0.9466   -2.0002   -1.1936    0.0000    3.1536    2.5579    1.5744
   -1.1969   -0.7515    0.0000    2.0338    1.7556    1.0842   -1.6047
   -0.6511    0.0000    0.3675   -1.0704   -0.4412   -0.8071   -0.4125
    0.0000    1.2778    0.9996    0.6228   -0.6590   -0.2801
 PARAMETER VALUES,  CYCLE NUMBER 11,  AVDEV=   1.130
   54.8515   31.6566   11.3704    2.9417   66.5093   31.6473   11.5032
    0.0774    6.6598    4.0512    2.7644   69.2656   33.0444   11.6709
    0.9400   70.8694   17.0674   10.5470    0.0000    4.8504    3.9024
    2.2316   70.1755    2.6361    9.8727    0.4573   75.5103   32.6317
   11.7412    0.0105    0.9178    0.6889    0.4306   -6.6389   -2.6696
    0.0000    1.2743   -3.0593   -1.4105    0.0000    0.7945   -1.9407
   -0.9466   -2.0002   -1.1936    0.0000    3.1536    2.5579    1.5744
   -1.1969   -0.7515    0.0000    2.0338    1.7556    1.0842   -1.6047
   -0.6511    0.0000    0.3675   -1.0704   -0.4412   -0.8071   -0.4125
    0.0000    1.2778    0.9996    0.6228   -0.6590   -0.2801
 PARAMETER VALUES,  CYCLE NUMBER 12,  AVDEV=   1.130
   54.8477   31.6313   11.3687    2.9384   66.5145   31.6911   11.5038
    0.0804    6.7707    4.0379    2.8352   69.2782   33.1440   11.6747
    0.9548   71.0073   18.3050   10.6242    0.0000    4.5395    3.8816
    1.8242   68.3792    0.0000    8.6404    0.3994   75.5119   32.6317
   11.7412    0.0105    0.9178    0.6889    0.4306   -6.6389   -2.6696
    0.0000    1.2743   -3.0593   -1.4105    0.0000    0.7945   -1.9407
   -0.9466   -2.0002   -1.1936    0.0000    3.1536    2.5579    1.5744
   -1.1969   -0.7515    0.0000    2.0338    1.7556    1.0842   -1.6047
   -0.6511    0.0000    0.3675   -1.0704   -0.4412   -0.8071   -0.4125
    0.0000    1.2778    0.9996    0.6228   -0.6590   -0.2801
 PARAMETER VALUES,  CYCLE NUMBER 13,  AVDEV=   1.168
   54.8128   31.3786   11.3532    2.9130   66.5253   31.8066   11.4992
    0.0933    7.2572    3.9744    3.1354   69.4319   34.2435   11.7303
    1.0488   71.6901   24.8300   11.0451    0.1285    2.3236    1.5393
    0.0000   66.5732    0.0000    7.3279    0.3042   75.5226   32.6317
   11.7412    0.0105    0.9178    0.6889    0.4306   -6.6389   -2.6696
    0.0000    1.2743   -3.0593   -1.4105    0.0000    0.7945   -1.9407
   -0.9466   -2.0002   -1.1936    0.0000    3.1536    2.5579    1.5744
   -1.1969   -0.7515    0.0000    2.0338    1.7556    1.0842   -1.6047
   -0.6511    0.0000    0.3675   -1.0704   -0.4412   -0.8071   -0.4125
    0.0000    1.2778    0.9996    0.6228   -0.6590   -0.2801
 PARAMETER VALUES,  CYCLE NUMBER 14,  AVDEV=   1.235
   54.7989   31.2759   11.3465    2.9017   66.5358   31.8664   11.4970
    0.1044    7.6697    3.9142    3.4185   69.4113   34.1991   11.7120
    1.1231   71.3547   23.0431   10.8751    0.0000    0.0000    2.1322
    0.0000   65.0205    0.0000    6.1486    0.5072   75.5292   32.6317
   11.7412    0.0105    0.9178    0.6889    0.4306   -6.6389   -2.6696
    0.0000    1.2743   -3.0593   -1.4105    0.0000    0.7945   -1.9407
   -0.9466   -2.0002   -1.1936    0.0000    3.1536    2.5579    1.5744
   -1.1969   -0.7515    0.0000    2.0338    1.7556    1.0842   -1.6047
   -0.6511    0.0000    0.3675   -1.0704   -0.4412   -0.8071   -0.4125
    0.0000    1.2778    0.9996    0.6228   -0.6590   -0.2801
 PARAMETER VALUES,  CYCLE NUMBER 15,  AVDEV=   1.292
   54.7850   31.1273   11.3363    2.9290   66.5266   31.6876   11.4642
    0.1475    9.2237    3.6211    4.6304   69.3062   33.8565   11.6318
    1.4487   69.8309   13.9347   10.0501    0.0000    2.3934    5.7371
    0.6960   64.0325    0.0000    5.2583    2.0899   75.5478   32.6317
   11.7412    0.0105    0.9178    0.6889    0.4306   -6.6389   -2.6696
    0.0000    1.2743   -3.0593   -1.4105    0.0000    0.7945   -1.9407
   -0.9466   -2.0002   -1.1936    0.0000    3.1536    2.5579    1.5744
   -1.1969   -0.7515    0.0000    2.0338    1.7556    1.0842   -1.6047
   -0.6511    0.0000    0.3675   -1.0704   -0.4412   -0.8071   -0.4125
    0.0000    1.2778    0.9996    0.6228   -0.6590   -0.2801
 PARAMETER VALUES,  CYCLE NUMBER 16,  AVDEV=   1.373
   54.7928   31.1497   11.3374    2.9559   66.3681   30.5198   11.3885
    0.1551    9.2185    3.4334    4.7106   69.4678   35.0299   11.6858
    1.6178   69.0729    7.7889    9.5383    0.0000    2.6650    7.4129
    0.8582   63.4685    0.0000    4.5381    4.1398   75.5618   32.6317
   11.7412    0.0105    0.9178    0.6889    0.4306   -6.6389   -2.6696
    0.0000    1.2743   -3.0593   -1.4105    0.0000    0.7945   -1.9407
   -0.9466   -2.0002   -1.1936    0.0000    3.1536    2.5579    1.5744
   -1.1969   -0.7515    0.0000    2.0338    1.7556    1.0842   -1.6047
   -0.6511    0.0000    0.3675   -1.0704   -0.4412   -0.8071   -0.4125
    0.0000    1.2778    0.9996    0.6228   -0.6590   -0.2801
 PARAMETER VALUES,  CYCLE NUMBER 17,  AVDEV=   1.446
   54.8020   31.1810   11.3392    3.0003   66.4907   30.7584   11.3691
    0.2168   13.0961    3.6940    7.2825   69.5044   35.6650   11.6760
    1.8013   68.1804    0.0000    8.8361    0.0000    2.2839    8.9323
    1.0576   62.1725    0.0000    3.6050    3.9522   75.5911   32.6317
   11.7412    0.0105    0.9178    0.6889    0.4306   -6.6389   -2.6696
    0.0000    1.2743   -3.0593   -1.4105    0.0000    0.7945   -1.9407
   -0.9466   -2.0002   -1.1936    0.0000    3.1536    2.5579    1.5744
   -1.1969   -0.7515    0.0000    2.0338    1.7556    1.0842   -1.6047
   -0.6511    0.0000    0.3675   -1.0704   -0.4412   -0.8071   -0.4125
    0.0000    1.2778    0.9996    0.6228   -0.6590   -0.2801
 PARAMETER VALUES,  CYCLE NUMBER 18,  AVDEV=   1.426
   54.8035   31.1685   11.3382    3.0205   66.4402   30.3706   11.3386
    0.2241   13.2386    3.5963    7.3491   69.4808   35.7268   11.6524
    1.9184   68.2624    0.6525    8.9112    0.0000    1.7848    8.5805
    0.5762   62.4846   10.0000    4.4153    0.0000   75.5883   32.6317
   11.7412    0.0105    0.9178    0.6889    0.4306   -6.6389   -2.6696
    0.0000    1.2743   -3.0593   -1.4105    0.0000    0.7945   -1.9407
   -0.9466   -2.0002   -1.1936    0.0000    3.1536    2.5579    1.5744
   -1.1969   -0.7515    0.0000    2.0338    1.7556    1.0842   -1.6047
   -0.6511    0.0000    0.3675   -1.0704   -0.4412   -0.8071   -0.4125
    0.0000    1.2778    0.9996    0.6228   -0.6590   -0.2801
 PARAMETER VALUES,  CYCLE NUMBER 19,  AVDEV=   1.457
   54.8036   31.1618   11.3376    3.0291   66.4800   30.7434   11.3521
    0.2279   13.3338    3.4964    7.2937   69.4386   35.2003   11.6377
    1.8736   68.4232    2.1801    9.0650    0.0082    1.6074    8.2069
    0.2584   61.5251    0.0000    3.9941    2.8377   75.5930   32.6317
   11.7412    0.0105    0.9178    0.6889    0.4306   -6.6389   -2.6696
    0.0000    1.2743   -3.0593   -1.4105    0.0000    0.7945   -1.9407
   -0.9466   -2.0002   -1.1936    0.0000    3.1536    2.5579    1.5744
   -1.1969   -0.7515    0.0000    2.0338    1.7556    1.0842   -1.6047
   -0.6511    0.0000    0.3675   -1.0704   -0.4412   -0.8071   -0.4125
    0.0000    1.2778    0.9996    0.6228   -0.6590   -0.2801
 PARAMETER VALUES,  CYCLE NUMBER 20,  AVDEV=   1.466
   54.8043   31.1346   11.3355    3.0580   66.4283   30.2517   11.3132
    0.2416   13.7071    3.3894    7.5205   69.4268   35.3192   11.6158
    2.0161   68.5507    3.2541    9.1745    0.0000    0.7090    7.6725
    0.0000   62.1117   10.0000    4.8586    0.0000   75.5883   32.6317
   11.7412    0.0105    0.9178    0.6889    0.4306   -6.6389   -2.6696
    0.0000    1.2743   -3.0593   -1.4105    0.0000    0.7945   -1.9407
   -0.9466   -2.0002   -1.1936    0.0000    3.1536    2.5579    1.5744
   -1.1969   -0.7515    0.0000    2.0338    1.7556    1.0842   -1.6047
   -0.6511    0.0000    0.3675   -1.0704   -0.4412   -0.8071   -0.4125
    0.0000    1.2778    0.9996    0.6228   -0.6590   -0.2801
 PARAMETER VALUES,  CYCLE NUMBER 21,  AVDEV=   1.505
   54.8038   31.1325   11.3352    3.0566   66.4357   30.3454   11.3141
    0.2448   13.7572    3.3561    7.5534   69.4494   35.6347   11.6201
    2.0731   68.5487    3.2806    9.1745    0.0000    0.4625    7.5915
    0.0000   61.2202    0.0000    4.4335    2.9664   75.5907   32.6317
   11.7412    0.0105    0.9178    0.6889    0.4306   -6.6389   -2.6696
    0.0000    1.2743   -3.0593   -1.4105    0.0000    0.7945   -1.9407
   -0.9466   -2.0002   -1.1936    0.0000    3.1536    2.5579    1.5744
   -1.1969   -0.7515    0.0000    2.0338    1.7556    1.0842   -1.6047
   -0.6511    0.0000    0.3675   -1.0704   -0.4412   -0.8071   -0.4125
    0.0000    1.2778    0.9996    0.6228   -0.6590   -0.2801
 PARAMETER VALUES,  CYCLE NUMBER 22,  AVDEV=   1.342
   54.7936   30.9247   11.3211    3.1816   66.2383   27.5013   11.0902
    0.3440   17.6788    3.3722   10.1232   69.6096   37.4077   11.6102
    2.7376   69.5373   13.2804   10.0202    0.0000    0.0000    4.2486
    0.0000   61.9363    0.0000    4.8694    1.2946   75.5904   32.6317
   11.7412    0.0105    0.9178    0.6889    0.4306   -6.6389   -2.6696
    0.0000    1.2743   -3.0593   -1.4105    0.0000    0.7945   -1.9407
   -0.9466   -2.0002   -1.1936    0.0000    3.1536    2.5579    1.5744
   -1.1969   -0.7515    0.0000    2.0338    1.7556    1.0842   -1.6047
   -0.6511    0.0000    0.3675   -1.0704   -0.4412   -0.8071   -0.4125
    0.0000    1.2778    0.9996    0.6228   -0.6590   -0.2801
 PARAMETER VALUES,  CYCLE NUMBER 23,  AVDEV=   1.457
   54.7928   30.9252   11.3207    3.1792   66.2395   27.4663   11.0875
    0.3459   17.7532    3.3900   10.1949   69.6164   37.4505   11.6130
    2.7361   69.5309   13.2589   10.0167    0.0007    0.0000    4.2143
    0.0000   61.2523    0.0000    4.0815    3.5550   75.5915   32.6317
   11.7412    0.0105    0.9178    0.6889    0.4306   -6.6389   -2.6696
    0.0000    1.2743   -3.0593   -1.4105    0.0000    0.7945   -1.9407
   -0.9466   -2.0002   -1.1936    0.0000    3.1536    2.5579    1.5744
   -1.1969   -0.7515    0.0000    2.0338    1.7556    1.0842   -1.6047
   -0.6511    0.0000    0.3675   -1.0704   -0.4412   -0.8071   -0.4125
    0.0000    1.2778    0.9996    0.6228   -0.6590   -0.2801
 PARAMETER VALUES,  CYCLE NUMBER 24,  AVDEV=   1.476
   54.7904   30.8903   11.3180    3.1921   66.1861   26.9819   11.0548
    0.3469   17.8325    3.3322   10.1857   69.6641   37.8450   11.6223
    2.8126   69.4755   12.9211    9.9832    0.0086    0.0000    3.9871
    0.0000   61.6910   10.0000    4.8880    0.0000   75.5975   32.6317
   11.7412    0.0105    0.9178    0.6889    0.4306   -6.6389   -2.6696
    0.0000    1.2743   -3.0593   -1.4105    0.0000    0.7945   -1.9407
   -0.9466   -2.0002   -1.1936    0.0000    3.1536    2.5579    1.5744
   -1.1969   -0.7515    0.0000    2.0338    1.7556    1.0842   -1.6047
   -0.6511    0.0000    0.3675   -1.0704   -0.4412   -0.8071   -0.4125
    0.0000    1.2778    0.9996    0.6228   -0.6590   -0.2801
 PARAMETER VALUES,  CYCLE NUMBER 25,  AVDEV=   1.526
   54.7900   30.8905   11.3178    3.1899   66.1997   27.1758   11.0585
    0.3532   17.8644    3.2835   10.2138   69.6907   38.1709   11.6279
    2.8585   69.4594   12.8238    9.9742    0.0118    0.0000    3.9355
    0.0000   60.7929    0.0000    4.4562    2.9938   75.5994   32.6317
   11.7412    0.0105    0.9178    0.6889    0.4306   -6.6389   -2.6696
    0.0000    1.2743   -3.0593   -1.4105    0.0000    0.7945   -1.9407
   -0.9466   -2.0002   -1.1936    0.0000    3.1536    2.5579    1.5744
   -1.1969   -0.7515    0.0000    2.0338    1.7556    1.0842   -1.6047
   -0.6511    0.0000    0.3675   -1.0704   -0.4412   -0.8071   -0.4125
    0.0000    1.2778    0.9996    0.6228   -0.6590   -0.2801
 PARAMETER VALUES,  CYCLE NUMBER 26,  AVDEV=   1.563
   54.7878   30.8578   11.3155    3.2011   66.1419   26.6315   11.0245
    0.3525   17.9394    3.2560   10.2296   69.7196   38.4039   11.6318
    2.9136   69.4266   12.6093    9.9525    0.0160    0.0000    3.7724
    0.0000   61.3479   10.0000    5.2649    0.0000   75.6043   32.6317
   11.7412    0.0105    0.9178    0.6889    0.4306   -6.6389   -2.6696
    0.0000    1.2743   -3.0593   -1.4105    0.0000    0.7945   -1.9407
   -0.9466   -2.0002   -1.1936    0.0000    3.1536    2.5579    1.5744
   -1.1969   -0.7515    0.0000    2.0338    1.7556    1.0842   -1.6047
   -0.6511    0.0000    0.3675   -1.0704   -0.4412   -0.8071   -0.4125
    0.0000    1.2778    0.9996    0.6228   -0.6590   -0.2801
 PARAMETER VALUES,  CYCLE NUMBER 27,  AVDEV=   1.621
   54.7876   30.8580   11.3152    3.2002   66.1942   27.3773   11.0417
    0.3759   18.0134    3.0860   10.3306   69.7689   39.0257   11.6410
    3.0006   69.3923   12.3720    9.9313    0.0175    0.0000    3.7130
    0.0000   60.5041    0.0000    4.8348    3.0904   75.6069   32.6317
   11.7412    0.0105    0.9178    0.6889    0.4306   -6.6389   -2.6696
    0.0000    1.2743   -3.0593   -1.4105    0.0000    0.7945   -1.9407
   -0.9466   -2.0002   -1.1936    0.0000    3.1536    2.5579    1.5744
   -1.1969   -0.7515    0.0000    2.0338    1.7556    1.0842   -1.6047
   -0.6511    0.0000    0.3675   -1.0704   -0.4412   -0.8071   -0.4125
    0.0000    1.2778    0.9996    0.6228   -0.6590   -0.2801
 PARAMETER VALUES,  CYCLE NUMBER 28,  AVDEV=   1.677
   54.7874   30.8415   11.3143    3.2090   66.1609   27.0857   11.0338
    0.3732   17.7577    3.0597   10.1490   69.7698   38.9924   11.6390
    3.0149   69.3785   12.2322    9.9205    0.0185    0.0000    3.6767
    0.0000   61.0127   10.0000    5.6040    0.0438   75.6085   32.6317
   11.7412    0.0105    0.9178    0.6889    0.4306   -6.6389   -2.6696
    0.0000    1.2743   -3.0593   -1.4105    0.0000    0.7945   -1.9407
   -0.9466   -2.0002   -1.1936    0.0000    3.1536    2.5579    1.5744
   -1.1969   -0.7515    0.0000    2.0338    1.7556    1.0842   -1.6047
   -0.6511    0.0000    0.3675   -1.0704   -0.4412   -0.8071   -0.4125
    0.0000    1.2778    0.9996    0.6228   -0.6590   -0.2801
 PARAMETER VALUES,  CYCLE NUMBER 29,  AVDEV=   1.212
   54.6647   29.8848   11.2352    3.3012   65.6446   17.0860   10.3817
    0.5350   26.5324    4.8744   17.8503   70.8137   48.1611   11.8707
    4.2555   68.9785   12.0637    9.6774    0.1503    0.0000    0.0000
    0.0000   63.1400    5.6119    6.2862    0.0000   75.6957   32.6317
   11.7412    0.0105    0.9178    0.6889    0.4306   -6.6389   -2.6696
    0.0000    1.2743   -3.0593   -1.4105    0.0000    0.7945   -1.9407
   -0.9466   -2.0002   -1.1936    0.0000    3.1536    2.5579    1.5744
   -1.1969   -0.7515    0.0000    2.0338    1.7556    1.0842   -1.6047
   -0.6511    0.0000    0.3675   -1.0704   -0.4412   -0.8071   -0.4125
    0.0000    1.2778    0.9996    0.6228   -0.6590   -0.2801
 PARAMETER VALUES,  CYCLE NUMBER 30,  AVDEV=   1.339
   54.6614   29.8722   11.2339    3.2935   65.6595   17.0830   10.3827
    0.5353   26.6259    4.9101   17.9589   70.8186   48.1682   11.8732
    4.2534   68.9711   12.0539    9.6716    0.1497    0.0219    0.0000
    0.0000   62.2867    0.0000    5.6709    4.1956   75.6952   32.6317
   11.7412    0.0105    0.9178    0.6889    0.4306   -6.6389   -2.6696
    0.0000    1.2743   -3.0593   -1.4105    0.0000    0.7945   -1.9407
   -0.9466   -2.0002   -1.1936    0.0000    3.1536    2.5579    1.5744
   -1.1969   -0.7515    0.0000    2.0338    1.7556    1.0842   -1.6047
   -0.6511    0.0000    0.3675   -1.0704   -0.4412   -0.8071   -0.4125
    0.0000    1.2778    0.9996    0.6228   -0.6590   -0.2801
 PARAMETER VALUES,  CYCLE NUMBER 31,  AVDEV=   1.367
   54.6541   29.8150   11.2306    3.2894   65.6687   16.7713   10.3709
    0.5350   26.7712    4.9897   18.2533   70.8795   48.9266   11.8767
    4.3359   68.9503   12.0013    9.6555    0.1449    0.0949    0.0000
    0.0000   62.7901   10.0000    6.4668    0.7773   75.6915   32.6317
   11.7412    0.0105    0.9178    0.6889    0.4306   -6.6389   -2.6696
    0.0000    1.2743   -3.0593   -1.4105    0.0000    0.7945   -1.9407
   -0.9466   -2.0002   -1.1936    0.0000    3.1536    2.5579    1.5744
   -1.1969   -0.7515    0.0000    2.0338    1.7556    1.0842   -1.6047
   -0.6511    0.0000    0.3675   -1.0704   -0.4412   -0.8071   -0.4125
    0.0000    1.2778    0.9996    0.6228   -0.6590   -0.2801
 PARAMETER VALUES,  CYCLE NUMBER 32,  AVDEV=   1.396
   54.6516   29.8059   11.2296    3.2830   65.6786   16.7744   10.3716
    0.5362   26.8273    5.0199   18.3566   70.8510   48.4912   11.8771
    4.2875   68.9450   11.9986    9.6513    0.1445    0.1171    0.0000
    0.0000   61.9401    0.0000    5.9282    3.6311   75.6920   32.6317
   11.7412    0.0105    0.9178    0.6889    0.4306   -6.6389   -2.6696
    0.0000    1.2743   -3.0593   -1.4105    0.0000    0.7945   -1.9407
   -0.9466   -2.0002   -1.1936    0.0000    3.1536    2.5579    1.5744
   -1.1969   -0.7515    0.0000    2.0338    1.7556    1.0842   -1.6047
   -0.6511    0.0000    0.3675   -1.0704   -0.4412   -0.8071   -0.4125
    0.0000    1.2778    0.9996    0.6228   -0.6590   -0.2801
 PARAMETER VALUES,  CYCLE NUMBER 33,  AVDEV=   1.400
   54.6363   29.6888   11.2228    3.2727   65.7041   16.1600   10.3483
    0.5366   27.1661    5.1929   18.9986   70.7173   46.4850   11.8722
    4.0692   68.9039   11.9202    9.6196    0.1365    0.2828    0.0000
    0.0000   62.4334   10.0000    6.6573    0.8166   75.6887   32.6317
   11.7412    0.0105    0.9178    0.6889    0.4306   -6.6389   -2.6696
    0.0000    1.2743   -3.0593   -1.4105    0.0000    0.7945   -1.9407
   -0.9466   -2.0002   -1.1936    0.0000    3.1536    2.5579    1.5744
   -1.1969   -0.7515    0.0000    2.0338    1.7556    1.0842   -1.6047
   -0.6511    0.0000    0.3675   -1.0704   -0.4412   -0.8071   -0.4125
    0.0000    1.2778    0.9996    0.6228   -0.6590   -0.2801
 PARAMETER VALUES,  CYCLE NUMBER 34,  AVDEV=   1.425
   54.6323   29.6724   11.2212    3.2639   65.7177   16.1473   10.3474
    0.5390   27.2604    5.2249   19.1456   70.7120   46.3460   11.8740
    4.0505   68.8952   11.9126    9.6127    0.1351    0.3241    0.0000
    0.0000   61.6110    0.0000    6.1213    3.6217   75.6887   32.6317
   11.7412    0.0105    0.9178    0.6889    0.4306   -6.6389   -2.6696
    0.0000    1.2743   -3.0593   -1.4105    0.0000    0.7945   -1.9407
   -0.9466   -2.0002   -1.1936    0.0000    3.1536    2.5579    1.5744
   -1.1969   -0.7515    0.0000    2.0338    1.7556    1.0842   -1.6047
   -0.6511    0.0000    0.3675   -1.0704   -0.4412   -0.8071   -0.4125
    0.0000    1.2778    0.9996    0.6228   -0.6590   -0.2801
 PARAMETER VALUES,  CYCLE NUMBER 35,  AVDEV=   1.454
   54.6280   29.6290   11.2193    3.2647   65.7179   15.8633   10.3362
    0.5386   27.3321    5.2856   19.3742   70.6780   45.8210   11.8718
    3.9908   68.8808   11.8875    9.6021    0.1318    0.3837    0.0008
    0.0000   62.1428   10.0000    6.8854    0.7597   75.6879   32.6317
   11.7412    0.0105    0.9178    0.6889    0.4306   -6.6389   -2.6696
    0.0000    1.2743   -3.0593   -1.4105    0.0000    0.7945   -1.9407
   -0.9466   -2.0002   -1.1936    0.0000    3.1536    2.5579    1.5744
   -1.1969   -0.7515    0.0000    2.0338    1.7556    1.0842   -1.6047
   -0.6511    0.0000    0.3675   -1.0704   -0.4412   -0.8071   -0.4125
    0.0000    1.2778    0.9996    0.6228   -0.6590   -0.2801
 PARAMETER VALUES,  CYCLE NUMBER 36,  AVDEV=   1.485
   54.6230   29.6097   11.2172    3.2534   65.7266   15.8058   10.3320
    0.5435   27.4057    5.3258   19.6022   70.6699   45.6304   11.8739
    3.9663   68.8709   11.8772    9.5941    0.1301    0.4284    0.0000
    0.0000   61.3299    0.0000    6.3448    3.6643   75.6879   32.6317
   11.7412    0.0105    0.9178    0.6889    0.4306   -6.6389   -2.6696
    0.0000    1.2743   -3.0593   -1.4105    0.0000    0.7945   -1.9407
   -0.9466   -2.0002   -1.1936    0.0000    3.1536    2.5579    1.5744
   -1.1969   -0.7515    0.0000    2.0338    1.7556    1.0842   -1.6047
   -0.6511    0.0000    0.3675   -1.0704   -0.4412   -0.8071   -0.4125
    0.0000    1.2778    0.9996    0.6228   -0.6590   -0.2801
 PARAMETER VALUES,  CYCLE NUMBER 37,  AVDEV=   1.446
   54.6173   29.5900   11.2150    3.2402   65.7350   15.6657   10.3270
    0.5445   27.4823    5.3847   19.8195   70.6548   45.3234   11.8756
    3.9267   68.8586   11.8825    9.5846    0.1281    0.5171    0.0000
    0.0000   60.8085    0.0000    5.5620    6.5771   75.6874   32.6317
   11.7412    0.0105    0.9178    0.6889    0.4306   -6.6389   -2.6696
    0.0000    1.2743   -3.0593   -1.4105    0.0000    0.7945   -1.9407
   -0.9466   -2.0002   -1.1936    0.0000    3.1536    2.5579    1.5744
   -1.1969   -0.7515    0.0000    2.0338    1.7556    1.0842   -1.6047
   -0.6511    0.0000    0.3675   -1.0704   -0.4412   -0.8071   -0.4125
    0.0000    1.2778    0.9996    0.6228   -0.6590   -0.2801
 PARAMETER VALUES,  CYCLE NUMBER 38,  AVDEV=   1.489
   54.6164   29.5701   11.2145    3.2443   65.7159   15.4413   10.3178
    0.5436   27.3930    5.4104   19.9103   70.6277   45.0351   11.8688
    3.9066   68.8554   11.8784    9.5821    0.1273    0.5201    0.0011
    0.0000   61.0147   10.0000    6.2804    2.6360   75.6876   32.6317
   11.7412    0.0105    0.9178    0.6889    0.4306   -6.6389   -2.6696
    0.0000    1.2743   -3.0593   -1.4105    0.0000    0.7945   -1.9407
   -0.9466   -2.0002   -1.1936    0.0000    3.1536    2.5579    1.5744
   -1.1969   -0.7515    0.0000    2.0338    1.7556    1.0842   -1.6047
   -0.6511    0.0000    0.3675   -1.0704   -0.4412   -0.8071   -0.4125
    0.0000    1.2778    0.9996    0.6228   -0.6590   -0.2801
 PARAMETER VALUES,  CYCLE NUMBER 39,  AVDEV=   1.514
   54.6061   29.5134   11.2102    3.2278   65.7478   15.2359   10.3066
    0.5525   27.6842    5.4880   20.3750   70.5910   44.3427   11.8703
    3.8166   68.8288   11.8439    9.5617    0.1219    0.6449    0.0000
    0.0000   60.3357    0.0000    5.7409    5.2282   75.6871   32.6317
   11.7412    0.0105    0.9178    0.6889    0.4306   -6.6389   -2.6696
    0.0000    1.2743   -3.0593   -1.4105    0.0000    0.7945   -1.9407
   -0.9466   -2.0002   -1.1936    0.0000    3.1536    2.5579    1.5744
   -1.1969   -0.7515    0.0000    2.0338    1.7556    1.0842   -1.6047
   -0.6511    0.0000    0.3675   -1.0704   -0.4412   -0.8071   -0.4125
    0.0000    1.2778    0.9996    0.6228   -0.6590   -0.2801
 PARAMETER VALUES,  CYCLE NUMBER 40,  AVDEV=   1.564
   54.6057   29.4894   11.2100    3.2347   65.7462   15.0063   10.2938
    0.5546   27.8143    5.4785   20.4233   70.5267   43.5293   11.8599
    3.7301   68.8260   11.8188    9.5590    0.1212    0.6138    0.0000
    0.0000   60.6451   10.0000    6.4691    1.6206   75.6885   32.6317
   11.7412    0.0105    0.9178    0.6889    0.4306   -6.6389   -2.6696
    0.0000    1.2743   -3.0593   -1.4105    0.0000    0.7945   -1.9407
   -0.9466   -2.0002   -1.1936    0.0000    3.1536    2.5579    1.5744
   -1.1969   -0.7515    0.0000    2.0338    1.7556    1.0842   -1.6047
   -0.6511    0.0000    0.3675   -1.0704   -0.4412   -0.8071   -0.4125
    0.0000    1.2778    0.9996    0.6228   -0.6590   -0.2801
 PARAMETER VALUES FOR RCG INPUT
Bi I  6p27s            54.6057  29.4894   11.2100    3.2347
Bi I  6p26d            65.7462  15.0063   10.2938    0.5546   27.8143 LS99999999
   5.4785   20.4233
Bi I  6p28s            70.5267  43.5293   11.8599    3.7301
Bi I  6p27d            68.8260  11.8188    9.5590    0.1212    0.6138 LS99999999
   0.0000    0.0000
Bi I  6p29s            60.6451  10.0000    6.4691    1.6206
Bi I  6p28d            75.6885  32.6317   11.7412    0.0105    0.9178 LS99999999
   0.6889    0.4306
6p27s   -6p26d        -6.6389   -2.6696
6p27s   -6p28s         0.0000    1.2743
6p27s   -6p27d        -3.0593   -1.4105
6p27s   -6p29s         0.0000    0.7945
6p27s   -6p28d        -1.9407   -0.9466
6p26d   -6p28s        -2.0002   -1.1936
6p26d   -6p27d         0.0000    3.1536    2.5579    1.5744
6p26d   -6p29s        -1.1969   -0.7515
6p26d   -6p28d         0.0000    2.0338    1.7556    1.0842
6p28s   -6p27d        -1.6047   -0.6511
6p28s   -6p29s         0.0000    0.3675
6p28s   -6p28d        -1.0704   -0.4412
6p27d   -6p29s        -0.8071   -0.4125
6p27d   -6p28d         0.0000    1.2778    0.9996    0.6228
6p29s   -6p28d        -0.6590   -0.2801

